-30.2785384884
-30.5573638076
-31.5914984121
-31.5483861153
-31.0905092240
-30.2033282264
-30.0046416548
-30.9402272227
-30.8389957864
-30.6253968850
-31.5745937101
-31.5358609971
-31.0729779422
-30.2007740083
-29.9923961667
-30.1510709712
-31.3828603684
-31.5269076415
-31.0563205059
-30.1694074866
-29.9819229667
-31.0376564594
-32.4536174826
-31.8538475253
-31.8992680696
-31.6269584136
-31.0864053867
-30.1797136849
-29.9826259269
-30.9749298906
-30.7536968171
-30.1193005391
-30.7546198587
-30.7989335336
-30.4084708965
-30.2931867276
-30.3790022371
-31.0485465174
-30.6213241168
-30.0889088404
-30.7472316572
-30.7902882892
-30.3995343701
-30.2520046558
-30.3783743630
-30.1868882799
-30.7505794563
-30.7706131730
-30.3747055072
-30.2507877448
-30.3418282032
-31.2121769907
-32.2907611778
-31.2629312299
-31.0350905929
-30.8536310813
-30.3963276808
-30.2347076935
-30.3584545699
-31.2172077514
-31.1127061932
-30.3141745548
-29.6180808891
-30.4075802185
-32.0525250231
-31.4224915250
-29.8573113036
-30.2669415860
-30.8440330215
-30.2502647329
-29.5881759542
-30.0051452455
-31.8849641909
-31.3805844867
-29.8434100401
-29.5176507966
-29.4200247770
-30.3364414291
-32.0164617460
-31.3891598231
-29.8214499791
-30.2626914609
-31.9007063549
-31.0877944768
-29.7472999827
-30.0401249568
-31.8905801042
-31.3717023331
-29.8298453688
-30.2699152502
-31.8095157295
-31.0294384300
-30.4009079256
-30.8463244380
-31.4292829233
-30.7835577370
-30.4204367542
-30.9747085191
-31.9422975139
-31.1281726097
-30.4185207666
-30.8514030984
-31.4338916489
-30.7876473337
-30.4200406109
-30.1386714280
-30.1699201426
-30.7662245262
-31.3843828024
-30.7615743743
-30.4111947055
-30.8274519657
-31.6866090455
-31.0528626665
-30.3929164469
-30.8305473199
-31.4188356155
-30.7771728394
-30.4141851989
-30.8333669286
-30.6717857810
-30.6626472991
-31.6194808851
-31.5686554457
-31.0866914903
-30.2078269123
-30.0067285273
-31.0278344369
-30.9223981864
-30.6551529414
-31.5973810102
-31.5565549519
-31.0815739923
-30.2046124555
-30.0052902424
-30.2194963089
-31.3845433299
-31.4925648683
-31.0513428233
-30.1768591230
-29.9809830973
-30.9730385006
-30.8304515200
-30.6076429341
-31.5580411356
-31.5472287555
-31.0704056001
-30.1831598726
-29.9827838664
-31.0406443637
-30.7981619582
-30.1372616239
-30.7662076969
-30.7999264810
-30.4066066928
-30.2490102785
-30.3939896581
-31.2327751466
-30.7549758679
-30.1252918826
-30.7605205811
-30.8022709760
-30.4105085747
-30.2956101923
-30.3858881394
-30.1699343830
-30.7393411563
-30.7702131460
-30.3691607959
-30.2147594194
-30.3453442986
-31.2149953041
-30.6393564036
-30.0483805340
-30.7246709090
-30.7746432188
-30.3788391200
-30.2680251560
-30.3445779037
-31.2103736327
-31.1208776192
-30.3139480022
-29.6182763716
-30.0151718133
-31.8990596413
-31.3937763164
-29.8432093792
-30.1467755336
-30.7643085398
-30.2384917688
-29.5910149812
-30.4068979719
-32.0500083482
-31.4252153336
-29.8444987869
-29.5103985263
-29.4138444238
-29.9503933235
-31.8660800674
-31.3671699881
-29.8158547788
-30.2630759530
-30.7925110933
-30.2654696443
-29.5876115148
-30.4054946406
-32.0455264922
-31.4089229707
-29.8197100557
-30.2688977057
-31.8149245091
-31.0932524510
-30.4254053744
-30.8552752047
-31.4429485715
-30.7855798802
-30.4194463960
-30.8267425328
-31.7900296235
-31.0356407909
-30.3933320090
-30.8473316258
-31.4344534992
-30.7786952725
-30.4241353860
-30.1935903511
-30.1933120152
-30.7724424222
-31.3892374994
-30.7679489151
-30.4091777407
-30.8374655874
-31.7821896119
-31.1001629501
-30.3996405260
-30.8385154961
-31.4202337682
-30.7736593334
-30.4180132894
-30.8294391550
