-28.1830090452
-29.2558104306
-26.7827265521
-22.8019803222
-22.4940901812
-25.1158395111
-27.0857529006
-27.5652131917
-24.8347589697
-24.9830784127
-23.9594996296
-23.7332888207
-24.8201948806
-24.5361717434
-26.1536820036
-27.2574875020
-27.2004493361
-27.3610725105
-22.2910071362
-21.9286912870
-24.6468264896
-25.3242225717
-25.6846133359
-23.7974122611
-25.0493482751
-23.9540520092
-22.3200990861
-23.0865705154
-24.3160532599
-26.4164713217
-30.0386310011
-26.8938486360
-26.1534606333
-24.0002998074
-23.0531443005
-24.5616569639
-24.6033439349
-24.9469581658
-25.4399999967
-27.0781433206
-24.9911087280
-23.0367017600
-24.4301723212
-25.6888246243
-27.4011295891
-28.5385994521
-25.5916465121
-25.6487791900
-24.4349338097
-23.2267923274
-24.3180844644
-24.0606456489
-24.9629320630
-26.3354613111
-27.0633526786
-24.0798456537
-22.8459095270
-24.1969901686
-25.5786372214
-27.6821790312
-30.1303498223
-26.3554445345
-26.1617278602
-23.3521561658
-20.7982585359
-22.7553816926
-23.4170511880
-24.7417986215
-24.7393881070
-25.0986966063
-22.3747228542
-21.2741678815
-22.8286009048
-23.8389529448
-25.4199093113
-28.0108187479
-29.9027305542
-29.2642938546
-23.1894383275
-21.3738173678
-23.5859325413
-24.7619475674
-25.7823092736
-25.1591900253
-26.0352390316
-23.6370000810
-20.6240939540
-22.6489291593
-24.2585373836
-26.3586900567
-29.4957243920
-28.3157196493
-26.3261195776
-23.0007109666
-22.3711860491
-24.6044922280
-25.8339736184
-26.2375763645
-24.8847753089
-24.9094863715
-22.2155392348
-21.2100431399
-23.5644527676
-24.0969173640
-25.7140056144
-29.1864387442
-26.9698110638
-25.9217750359
-24.9365458100
-24.3774891405
-25.7040774366
-25.6244086093
-26.7181241209
-26.2006703041
-25.3595557100
-22.7130720315
-22.6438932292
-24.8217147224
-25.3639210545
-27.2554304022
-29.4441209032
-24.3266429638
-23.5254857286
-24.6895426579
-24.3783357985
-24.4095819296
-20.5372893455
-21.5180381554
-22.7914035629
-23.4592469312
-21.9549739755
-20.6132517920
-22.2459891940
-24.7044148632
-27.4573120304
-28.1574759303
-22.7707354864
-22.7984474063
-19.6025630484
-18.1728166525
-19.6441852970
-20.9189230432
-22.4187413768
-22.3837694257
-22.5024376745
-20.4431690366
-18.8761292058
-20.5415291190
-22.4539126985
-25.5485277259
-28.6542616483
-26.9924145403
-27.7400793961
-20.5988365623
-19.9968293289
-22.2776185294
-21.5334761035
-22.2520375053
-22.3263804165
-23.7413139559
-21.8792898714
-20.3338062723
-21.8072189594
-22.8762598062
-24.6075500406
-25.5817338728
-23.1499120274
-24.2846077560
-19.3305743286
-19.1395956612
-21.9153039659
-23.0502910319
-23.8508126475
-22.3828787486
-23.7180256446
-22.8383025365
-22.3142501448
-22.7205638039
-20.6008729573
-22.6381776178
-25.3687213778
-23.7748346790
-25.8721470691
-24.4382790087
-21.0948288407
-22.5140630539
-24.2232754477
-25.1944765591
-24.3140129898
-25.3550440750
-23.5040719751
-24.2792934811
-22.6710614129
-21.3236767462
-24.3497629732
-26.7183157200
-26.0174436511
-24.7049236335
-21.0388638720
-20.1514922678
-22.3352366785
-22.5544813353
-23.9423839035
-24.1916046918
-25.1763264635
-23.9154940569
-18.5972636345
-20.3505543219
-23.7903386436
-24.7024898137
-25.8918131351
-23.6955037288
-22.0247651231
-20.7684209105
-20.0912461027
-21.6794368215
-22.6359418805
-24.0851715808
-24.1643627146
-25.5450750736
-22.0593551639
-18.8741588429
-20.8407843937
-22.3691962690
-24.0557042095
-25.7992968321
-23.8776170528
-23.4294740385
-21.8141126327
-20.0156552039
-21.4691027970
-22.4079950191
-23.8197982450
-22.8328367916
-23.8138768060
-23.2341300400
-20.6468230047
-22.0865803170
-23.9854910386
-25.6534539410
