-29.0063307726
-30.3276706092
-31.6932217887
-31.0587025444
-30.6036970374
-31.2283541365
-32.6291503694
-34.3055923156
-31.4818107357
-31.0301646916
-31.9309711815
-31.1254397400
-30.6161237673
-31.2248225063
-32.6301873326
-32.5513561200
-32.3656814464
-31.2679814100
-30.6274319749
-31.2240677628
-32.6267709207
-34.1484593848
-35.3666218077
-33.8546609200
-32.6525603642
-31.2976792094
-30.6465297058
-31.2268032227
-32.6226981538
-34.1361802391
-29.6444101657
-28.7100246467
-29.3346714315
-28.6594555303
-28.2661887920
-29.5065820832
-29.0301239693
-30.1442005990
-28.8725702666
-28.5501510467
-29.2893427994
-28.6506251594
-28.2646314050
-29.4280654465
-29.0084551897
-28.8473206665
-29.3632740132
-28.6623126814
-28.2590582124
-29.4930666063
-29.0139002182
-30.1197717628
-32.6486779017
-31.3901488856
-29.9433676085
-28.7789406363
-28.2921413572
-29.4374188299
-29.0076421898
-30.1231182673
-28.2006710811
-27.1489364676
-27.3028239095
-28.2278729283
-29.9766656519
-30.4879183374
-28.0525937508
-28.8227131726
-27.6417517035
-27.0292610505
-27.2714211362
-28.2780459028
-29.9893525938
-30.4906563865
-28.0559493177
-27.3341282942
-27.3462391464
-28.2255180764
-29.9758293494
-30.4864438040
-28.0522519801
-28.7770414747
-31.2125575999
-29.3922559044
-27.7195899862
-28.4024569107
-30.0385300288
-30.5018338410
-28.0566820534
-28.7822366481
-26.7644728872
-27.3471971330
-28.9813439729
-28.5223925352
-28.6129902507
-28.0993024170
-25.5658842530
-26.3167920829
-26.0371226547
-27.0564292255
-28.8738182526
-28.4998330801
-28.6080449323
-28.0994888374
-25.5653936048
-26.6306825945
-28.7089825058
-28.4574871728
-28.6006114196
-28.0905976208
-25.5627901922
-26.4388624862
-28.9685094473
-30.1579529889
-29.7843989305
-28.6866936189
-28.6510484891
-28.1044716989
-25.5643100363
-26.4421080133
-28.6317591581
-30.1887006970
-31.6447783869
-31.0647780358
-30.6082423285
-31.2309666107
-32.6339765852
-34.1356313350
-31.3937193479
-31.0138684447
-31.9436154012
-31.1377862054
-30.6224089818
-31.2403886066
-32.6373140274
-32.6971213016
-32.4032270235
-31.2461508088
-30.6286333506
-31.2246360860
-32.6303892880
-34.1336117810
-31.4122966553
-31.0232593705
-31.9309155144
-31.1400180714
-30.6159606495
-31.2199496852
-32.6359689527
-34.1545154567
-29.6644645961
-28.7017237614
-29.3369266002
-28.6611553216
-28.2696492203
-29.4355455637
-29.0152530606
-30.1123395453
-28.8395842164
-28.5442567966
-29.2868960320
-28.6495260559
-28.2730358572
-29.5072915164
-29.0285549311
-28.8519073845
-29.3751091178
-28.6643788407
-28.2614260101
-29.4156710805
-29.0091943983
-30.1159889826
-28.8411364255
-28.6101758199
-29.3039755043
-28.6498924237
-28.2625484161
-29.5037547076
-29.0252692719
-30.1207388184
-28.1769931036
-27.1400180645
-27.2987576148
-28.2903858965
-30.0006543288
-30.4945958113
-28.0591068128
-28.7803141878
-27.6111114418
-27.0290940489
-27.2709473177
-28.2182192005
-29.9795253922
-30.4909735601
-28.0496679864
-27.3349775426
-27.3478301927
-28.2992305080
-30.0023929577
-30.4910072193
-28.0543595661
-28.7755591736
-27.5562339411
-27.0192655517
-27.2644109528
-28.2114368645
-29.9748364020
-30.4799592233
-28.0456871344
-28.7742542311
-26.7657208682
-27.2965619893
-28.9605632791
-28.5106105082
-28.6133346106
-28.1069340014
-25.5692009826
-26.4464798306
-26.1212163770
-27.1583545735
-28.9171454554
-28.5065610433
-28.6127973574
-28.1008170826
-25.5645495348
-26.5663727373
-28.6987306794
-28.4496510438
-28.6011357270
-28.0939052880
-25.5621144182
-26.4392159080
-26.0748883197
-27.0666318581
-28.8806031776
-28.5049104462
-28.6048369482
-28.0932942434
-25.5615758704
-26.4440149386
