-28.6340026758
-29.2152640018
-29.9696373460
-29.4934019075
-28.9259900666
-28.4954729145
-28.2849822965
-29.1707393067
-29.2229629042
-29.3516822899
-30.0007837884
-29.4932439680
-28.9242773294
-28.4888316885
-28.2856774892
-28.7835674857
-29.8328721118
-29.4484046897
-28.9031289732
-28.4714920039
-28.2757907360
-29.2341403582
-30.4387642063
-30.3571004334
-30.2556282018
-29.5471673557
-28.9282206382
-28.4765706647
-28.2814713793
-29.2391724139
-29.0952455278
-28.3043001087
-27.9155126326
-27.8725712149
-28.0541576147
-28.8507461405
-28.6834364403
-29.2201109314
-29.0255411366
-28.2855286119
-27.9148847584
-27.8724935397
-28.0560632453
-28.7497593733
-28.6604199964
-28.1229596819
-27.8852206148
-27.8748276783
-28.0551104300
-28.8376371631
-28.6628965393
-29.2189587496
-30.2512641532
-29.0243281091
-28.0519128024
-27.9079017615
-28.0631588711
-28.7403632683
-28.6487972036
-29.2193341795
-29.1381429287
-28.2190865752
-28.1585853939
-28.8392644581
-29.2321259845
-28.8450538471
-27.8277617086
-28.4329236973
-28.9489404868
-28.1908438873
-28.1449326900
-28.7811479050
-29.2243118638
-28.8533508485
-27.8282769538
-27.4966570966
-27.9831676970
-28.7899769812
-29.2309906326
-28.8438214012
-27.8142190444
-28.1471386635
-29.3814823645
-28.6221947566
-28.2270185039
-28.8072493472
-29.2320560768
-28.8405033774
-27.8268386689
-28.1564726285
-27.4477424567
-27.7332051456
-28.9332397479
-29.0875556881
-28.9977670903
-28.4962341314
-28.6539600134
-29.2838796469
-27.7325746816
-27.7829379619
-28.9501936457
-29.0951328997
-28.9943338483
-28.4968425868
-28.6519236296
-28.9153097324
-29.2424671370
-29.1801004591
-29.0284474827
-28.5005489865
-28.6529152825
-28.7905401274
-29.3872134965
-29.3874581730
-29.3596051566
-29.2003969775
-29.0347016274
-28.5059616504
-28.6511067459
-28.7938464999
-28.8949588412
-29.3426732664
-30.0270263394
-29.5047334182
-28.9376439294
-28.5057325083
-28.2924675926
-29.2210132571
-29.2993823123
-29.3889132870
-30.0318279585
-29.5091220645
-28.9293546955
-28.5034139049
-28.2881838076
-28.9072276313
-29.8679799872
-29.4543325987
-28.9087733680
-28.4774237968
-28.2721529493
-29.2434380745
-29.2152756533
-29.3503152072
-30.0059776671
-29.4944725300
-28.9185228949
-28.4825633031
-28.2868646245
-29.2312275399
-29.0830764198
-28.2975527265
-27.9112974606
-27.8686486193
-28.0230370619
-28.7119781764
-28.6454727068
-29.2025213922
-29.0074622439
-28.2903677743
-27.9176577616
-27.8635168804
-28.0282555381
-28.8320031250
-28.6699688624
-28.1217207631
-27.8903821292
-27.8793885048
-28.0526235303
-28.7279015838
-28.6525825730
-29.2141610140
-28.9912889818
-28.2031036168
-27.8949533123
-27.8749416019
-28.0569474475
-28.8441761168
-28.6779771712
-29.2166660379
-29.1372755561
-28.2246196357
-28.1624872760
-28.7937066835
-29.2279677744
-28.8440932643
-27.8336015861
-28.1731896175
-28.7410843544
-28.1548168539
-28.1460706311
-28.8378650107
-29.2541404184
-28.8535320906
-27.8323717294
-27.5008049502
-27.9820750664
-28.7285514663
-29.2143849787
-28.8466060556
-27.8169467371
-28.1505084709
-28.7110849139
-28.1529940767
-28.1374927043
-28.8318231780
-29.2447481974
-28.8459755923
-27.8178866065
-28.1477445298
-27.4219866678
-27.6900332912
-28.9105676641
-29.0866041674
-28.9925447305
-28.4951272604
-28.6496658717
-28.7669773684
-27.4282188049
-27.7177956883
-28.9204505332
-29.0925178361
-28.9987988753
-28.4964153735
-28.6490431758
-28.8838305802
-29.2360861229
-29.1768976535
-29.0267360401
-28.5077468845
-28.6621663938
-28.7918088216
-27.3970762438
-27.6981788265
-28.9179662228
-29.0955601131
-29.0009284692
-28.5030307078
-28.6565867283
-28.7919797070
