-18.5513032239
-21.2263484528
-22.3590713056
-23.2868740539
-27.1416763931
-29.4030656854
-29.2481309199
-22.7555448012
-24.1398872502
-27.2964843132
-28.7217173299
-26.8695829000
-26.0275724727
-25.4423988617
-25.7908807193
-24.9072298927
-23.9467673728
-22.5225891995
-24.2685483976
-26.4426931379
-29.0412845760
-28.8824298208
-22.1318247989
-23.2072440558
-27.2022526859
-28.3963335050
-26.3508060023
-23.9185868055
-24.3915807073
-24.5602575149
-24.6626139588
-24.5987805140
-24.4877645724
-26.3986513273
-27.9569147567
-28.7640075762
-29.3682193207
-23.2639068032
-24.3483738817
-27.0367541055
-29.1094199327
-27.6993581565
-25.5328153248
-22.8710257914
-23.7454048463
-24.5119435494
-24.9300456900
-23.2471962933
-24.2382033018
-26.5156987305
-29.2189354328
-28.9308576946
-23.0095659211
-23.7011351654
-26.5700933788
-26.8294597996
-26.9165478726
-24.4113334845
-23.2908083167
-23.5125074964
-25.2993095382
-26.9180224462
-27.1318725176
-27.6421581721
-29.3968257566
-30.7917615138
-30.5647183344
-24.1531606419
-24.5093802683
-26.4427617777
-28.2859545123
-24.7661924990
-23.5513269451
-24.2377553856
-26.0074636774
-25.8961616349
-24.7110146627
-25.0204168638
-27.0727500521
-28.7861579145
-30.4182903188
-29.3884265133
-22.3179396958
-23.1428435691
-26.7728902785
-27.1975481635
-27.2484408926
-24.6490906999
-24.4082989927
-25.3300287810
-25.7896702766
-26.0929827459
-26.9672309554
-28.4909237067
-29.4263332542
-28.9057725094
-28.0499605507
-21.6799015656
-22.9901756070
-25.2862963653
-27.1840443309
-28.3206506809
-24.4558542949
-24.2299567988
-26.5165195230
-27.7134549269
-27.5499306026
-27.4310772476
-29.4827111890
-29.3212103024
-29.6645500422
-28.8097401116
-22.5194627619
-22.8389886535
-27.1498115921
-27.9164291849
-27.4098447183
-26.3210939738
-24.7144491985
-24.4555966979
-21.4542500056
-22.5606435594
-22.6557218614
-20.5591523196
-19.3872707467
-22.0270850065
-20.9252367346
-18.3820166368
-17.8213636204
-21.2641335248
-21.1765133482
-18.4662268895
-18.2640137913
-21.5005120430
-21.5801329917
-20.7739384377
-23.2539514423
-22.8723527344
-16.5114699385
-17.3150236576
-21.8064810276
-23.4644032506
-16.6166499169
-16.9077169831
-21.1506060750
-21.5263364496
-17.1746438790
-17.7633544887
-21.5299716461
-21.3301082459
-21.0697669437
-23.0684553667
-21.8537968789
-17.0876619110
-18.3187359525
-22.5056987176
-21.2671667467
-17.7212027584
-17.9541868942
-21.3132617832
-21.4779875408
-18.4017163552
-19.0287259835
-22.5205942329
-22.1193980793
-21.4039825213
-22.8971725484
-21.0874043850
-17.8056330956
-18.7347254152
-22.1606694769
-21.6360888917
-17.6144459786
-17.8053702986
-21.5319394166
-21.4434518658
-19.0280735115
-19.7534924020
-23.1215683511
-22.6770307505
-19.9962480501
-20.8458319867
-20.8955156264
-19.4516673452
-17.9504688432
-21.0966826750
-20.9096227321
-19.8310381194
-19.0224278247
-22.4719721602
-21.8987850454
-19.5648595194
-19.4116918285
-21.8755213284
-22.4225358111
-18.6363782583
-19.7752738084
-20.8638215386
-14.1339487772
-14.4603050024
-18.7084802495
-19.0146745361
-15.2482978477
-15.6886178068
-19.6235016779
-20.1078905953
-15.4347183100
-16.2869601641
-20.3704961337
-19.4156907890
-16.2296229295
-17.8335741552
-16.7101604956
-14.8721181780
-14.8894695216
-18.1295191915
-18.7621939467
-16.0368745307
-16.1975741472
-19.4937051558
-21.2116419512
-16.6478170883
-16.9986720415
-20.3598895892
-17.8676386027
-17.5838730272
-19.3840899457
-18.7509375182
-15.6088233748
-16.2465224632
-19.9969898425
-20.0920862852
-17.3485728733
-18.1540813956
-21.8974541998
-23.0846428762
-18.3701828207
-18.3742038128
-21.4331637811
-17.6620686304
