-21.4924881545
-22.3087209659
-24.8284763459
-24.6659643357
-21.9108777591
-20.5056807067
-19.5251169926
-19.7459967216
-23.0368803439
-26.5975139366
-27.7671970752
-31.1970846869
-28.5641440286
-22.7270159352
-22.3685617926
-19.6253541559
-21.8015252471
-24.2719996647
-25.6369414754
-22.4738557943
-24.6213438433
-25.8162299474
-20.2823891460
-21.8487854507
-22.9973513970
-22.3018311413
-25.4177084827
-29.7983001618
-29.8300006957
-24.6344489090
-19.5228617807
-20.6627619054
-22.2347340342
-24.7706290442
-18.9453727405
-21.5756433525
-23.7423637928
-20.4486347383
-22.4429435796
-24.2512332646
-23.9260035014
-26.6038173452
-29.2417745061
-25.0436028864
-18.5885393755
-18.8607066943
-21.1726087885
-19.5698242192
-22.1765294556
-25.0875774017
-27.1951233910
-25.5869444277
-19.9729739428
-21.6623624339
-21.5151782949
-20.6703158460
-23.0335662609
-23.8099270278
-24.1384502286
-18.3388240103
-20.2257173287
-17.8108489635
-21.3434864933
-24.9343928964
-26.9019294386
-27.7500826494
-25.7965237285
-20.0217682202
-19.8939368222
-21.2767336787
-20.6912972022
-23.0072330561
-23.9340001161
-21.9827661160
-20.5460755679
-21.8611642791
-18.5743235490
-21.8073134275
-26.3795962817
-27.9119279162
-29.1414725939
-25.9610604466
-20.5929086295
-21.3514804800
-23.2472803527
-22.3850290526
-24.5349082183
-24.6113470593
-23.0394643581
-21.4618103545
-24.5144886854
-23.4148671837
-27.0509440059
-30.7397501835
-30.4555006099
-30.2139710130
-25.4635406337
-21.7833351126
-22.6600081583
-23.3303410090
-23.3406874299
-27.1108225490
-24.7398670599
-20.6165490693
-22.6157100031
-22.7802752247
-23.4228883757
-26.1549234249
-30.2317119818
-29.6003605918
-27.3917749006
-25.2422893359
-20.3883937615
-21.0501591096
-25.0034991701
-21.6592710422
-25.6178774032
-26.5900144711
-20.4460145216
-23.5534850181
-24.4189067838
-23.7336058939
-26.2800814464
-29.1148572009
-23.1634262096
-23.1847778226
-23.8876487161
-20.4023532791
-23.6005599942
-24.7739729193
-25.8684743262
-27.4925091972
-26.8346626037
-22.6736362495
-21.5789043068
-24.7268071604
-24.4090277848
-27.0866215504
-31.9124158691
-24.1614550596
-25.7705078074
-27.7760131740
-20.4963907396
-23.5678419318
-26.3938691027
-24.3328518038
-27.4539085514
-30.7438242418
-25.1458906405
-23.2899590367
-25.2206931425
-24.1956113802
-27.9643197474
-30.8896580741
-24.3951912981
-25.7596578872
-26.2193536315
-20.2254363911
-22.9650618455
-25.0580258551
-25.5641067846
-28.6012470504
-28.7365959915
-23.0594915977
-25.4922571545
-27.6698687412
-24.0102473732
-27.4009327979
-32.2981221727
-28.5173811832
-23.9666133422
-26.0656138043
-19.8752948106
-22.8813306357
-25.7534153684
-25.6834352604
-29.2616140488
-27.2237842418
-25.0396414522
-26.1766582384
-25.3443830354
-23.6418352519
-27.5764423099
-31.0585833999
-23.0273082206
-23.4134625570
-24.8753480142
-18.3622573421
-21.1078121817
-24.9748279605
-24.6532282213
-24.8161894276
-27.9947620012
-25.2308077728
-26.4634880071
-25.3266018820
-21.2429359030
-23.5500724299
-25.9927623307
-23.4236056714
-21.4711831447
-21.0819178085
-18.1348282435
-20.8389356213
-22.7508751677
-20.7564110258
-24.8644774776
-29.5047385725
-24.0609472403
-24.0932030933
-23.3016969038
-21.8859517215
-25.4490037675
-26.7788570285
-21.4314160911
-20.6496438778
-22.0247287261
-18.8274112751
-21.2051676140
-22.6509681241
-22.4334530510
-26.1796371462
-30.6885661883
-24.3836396524
-24.4374179148
-22.6130573156
-25.3818781749
-27.4924276023
-23.4537643474
-18.9809350227
-20.2584949681
-22.5441827652
-18.1858504856
-19.3966823111
-22.5916423713
-22.6381711414
-27.0063028301
-30.2014161016
-21.3502610194
-21.9645292013
