-23.8813933485
-23.6037809983
-23.2511603075
-22.4875046066
-21.8748533078
-21.5566569539
-21.3160555000
-24.3583149910
-27.6409360918
-30.8463787733
-35.0536569818
-31.1716318135
-32.6269676540
-36.6484777513
-32.5530273875
-28.9220273336
-29.1405961665
-27.0379205345
-22.4786509438
-22.3085241908
-24.7542486605
-26.1422404574
-29.1875197224
-30.7283565921
-28.7847843933
-30.6178196653
-28.5313627169
-29.8324746689
-33.5556633924
-22.4035377294
-22.1211833094
-24.3640280292
-24.3737542591
-21.9679742124
-22.3093203612
-24.2578253607
-26.0150331337
-28.7616242477
-28.3439247943
-27.4893258540
-31.1727102353
-28.8422653029
-30.4342059612
-24.1005357142
-24.5454603910
-21.7022072984
-23.1537724802
-23.5329541964
-20.7308533096
-23.1619348391
-26.0989909244
-27.7408406115
-31.0367114049
-29.2774494357
-28.5832044154
-31.7756143951
-29.7417630336
-21.1207127792
-22.1518649989
-23.8685290592
-22.3715964301
-23.4463839189
-22.3169972552
-23.3442682555
-27.6160774630
-29.0472927689
-27.7552454726
-29.7267587808
-28.8237863865
-26.8368195378
-29.4313329721
-22.5892150610
-22.6780016800
-24.3926332060
-22.2134989664
-19.6059419228
-21.4036355678
-25.9109445152
-27.5987559152
-30.5374724821
-27.7691842736
-26.6605577646
-29.7033177104
-28.4694103065
-27.9758921216
-20.6713761095
-19.6444921141
-20.9176983641
-23.6403673035
-21.4510381409
-20.2990013196
-23.1311508756
-27.2605699109
-30.7082995680
-34.7493167351
-27.6397204935
-25.9583768688
-28.2582193137
-26.9383073150
-20.3486978885
-20.4456365209
-20.9688151063
-22.2254971955
-23.7725821003
-20.4228854597
-22.2806439698
-26.9830870412
-29.9731404931
-29.5988860625
-32.0729056773
-28.6728544884
-27.1579713824
-29.8970913310
-24.7846519952
-24.8393417972
-25.5295439271
-23.6582804961
-23.4821792326
-26.1071092687
-23.5766762527
-25.3403789983
-28.6776716457
-31.8298679086
-26.8447423952
-25.6030388778
-28.7891121867
-23.9811218024
-25.9258024792
-27.6722314390
-25.7453643756
-28.2965494088
-27.5601254677
-29.0336064028
-31.8714163473
-29.7587376453
-29.3387183023
-30.3692656524
-32.1337343842
-26.8234127975
-26.6574986575
-29.0738447221
-29.5863933028
-32.2185284496
-29.3317391880
-26.2190521301
-28.6091828592
-28.7059143330
-28.1059760063
-30.1615014453
-32.9671239892
-28.6956430816
-30.5356522905
-30.2567467216
-28.2347963743
-26.9817018424
-28.6914460363
-31.0149209405
-32.2319817963
-31.5904976897
-28.1092448335
-30.3984831553
-33.6716582700
-31.3897022473
-29.6116869258
-31.4230378307
-29.8857404111
-31.1071873716
-31.7245119255
-23.7698945307
-25.4933925998
-26.4729696547
-26.7190277435
-30.0083040265
-29.0594062085
-25.4008258177
-27.6123697715
-29.3545588595
-31.0469554670
-29.6446781542
-28.0558418679
-26.9507715920
-29.5154888264
-24.0686979668
-25.9962939862
-27.6931195842
-25.7624865713
-28.2844618597
-27.6945371551
-29.0965776530
-31.8990570491
-29.7240647505
-31.7385633523
-32.0003635643
-31.4689011332
-33.1244562986
-30.4708013180
-30.5787827271
-30.0388730871
-33.2052474862
-29.6666291475
-26.2733600158
-28.6286663781
-28.7921881310
-28.1237791529
-30.1636232716
-32.9685117853
-36.1718281890
-31.7483258206
-30.9575824378
-32.3773689608
-28.7599076277
-29.3825244992
-31.2479075577
-34.6854638776
-32.9233941696
-28.2812823650
-30.4777428818
-33.8154582648
-31.4049097470
-29.6072309611
-31.4101489339
-34.1729930702
-28.8159890850
-30.6094113204
-30.2832637244
-31.9173793169
-28.0931531262
-27.1843848211
-30.6559594539
-29.0717966909
-25.4135477154
-27.6337641000
-29.4215213171
-30.8411473838
-29.5936067395
-28.0234513264
-30.5126060792
-29.8362199110
-31.0801991399
-31.7284293420
