-24.4602675653
-18.2951964939
-21.6141547092
-23.3928437158
-23.5428267114
-17.7822632198
-19.4851233522
-20.9357837361
-25.5513771072
-24.4184343087
-28.2812409247
-26.0224135609
-29.9164518505
-25.1911831305
-27.5822577025
-25.0698117949
-21.3791018305
-24.0410598262
-28.5853689534
-26.7538676413
-25.5860577823
-29.7355477042
-28.8447819066
-32.7821547688
-32.7203240324
-35.9594409200
-35.0351235885
-37.7214962212
-32.7151366004
-25.5665237720
-21.6473323766
-16.8400204667
-19.7305160784
-23.8313821918
-23.7313314062
-22.3015463700
-26.5808630301
-22.5103527717
-26.1932134728
-24.2576816615
-28.0947972394
-25.8543969902
-28.8025396288
-18.8861117527
-19.7743145320
-23.3826410772
-17.7563326544
-20.1849637908
-18.8706971174
-22.7448087923
-21.7658815250
-25.7054030748
-22.2570604987
-25.8087783649
-24.4920949671
-28.2779371421
-25.4728229112
-26.0856877487
-17.3817803095
-18.3999531351
-21.9191152278
-20.8672081992
-22.8061993855
-23.3772724317
-27.7634971381
-24.9980295836
-28.6372326492
-23.8001541964
-27.7522290721
-25.4092924094
-29.1056785770
-24.6549344835
-26.1606339266
-17.2559322617
-20.5666168960
-22.3508027874
-22.4925768118
-26.3927933366
-23.9990259269
-27.7280319553
-25.2008873485
-28.5238566950
-24.8782104604
-28.4845685985
-25.4314751436
-22.0783700567
-24.8144236094
-24.3444370549
-17.2557911535
-19.7097276113
-20.0501468701
-21.3279009781
-25.8297933848
-24.1525962060
-28.0139386785
-24.9035299750
-28.6335288385
-24.1657362668
-27.8284439383
-17.5753054427
-19.0863713258
-22.8156705678
-23.2729870429
-20.3812269668
-21.4378734935
-25.7714373231
-24.5482722357
-28.0577513686
-26.0735276965
-29.5327870661
-26.3021153591
-29.8254890712
-24.7891804764
-21.3455384241
-21.7272057582
-22.2509526438
-18.3315601311
-20.2755369370
-21.4826532375
-20.2261821331
-22.0025513162
-25.0708047440
-24.8292906433
-21.8376106703
-22.8523462100
-26.7445077761
-26.1631907412
-20.8610433825
-24.6086180634
-22.0653024998
-25.8587571571
-24.2441868951
-27.7013285469
-23.5538837672
-27.0752434358
-25.4882815846
-27.3823438515
-27.7839904614
-22.9733485918
-24.1374599194
-24.4118163819
-27.3042259250
-20.9569838769
-24.4824813556
-21.5170180262
-24.9104922477
-24.6635939663
-27.4454070148
-23.8491283895
-22.8426264564
-24.0480570934
-22.8545301771
-23.4703298838
-21.7704604802
-23.6550673328
-22.5695736218
-26.5867106770
-20.6233146108
-24.2605038453
-23.4244523378
-27.4548044085
-25.4292846982
-28.4318957848
-27.4322721503
-25.3440310323
-24.0354594766
-26.7525549278
-24.5623210881
-23.8281845770
-27.0965782119
-24.6489936279
-27.8236915174
-20.2098418563
-23.5483545747
-23.5735071093
-27.5733846042
-26.8452485811
-24.1725470874
-26.4073470840
-25.7894515074
-23.8794592454
-25.1472759415
-24.6607212756
-24.7299880567
-29.7825424074
-26.1767719032
-29.3431660853
-24.2453847979
-27.7185184407
-26.9762129314
-30.7996160391
-22.6114224062
-24.5266759489
-22.8174001482
-22.9312162868
-24.1912409109
-22.5749578052
-24.9059132985
-27.5086035320
-31.4881632630
-24.6226979913
-26.8683388125
-21.2401487396
-24.7292022897
-24.7163431807
-22.0765149142
-21.2913043208
-21.6007065607
-25.2981366519
-23.2237591117
-25.5447384814
-22.6300890537
-25.4191545643
-26.1370038552
-29.6771230589
-25.0324914703
-28.0664988931
-20.4768632364
-24.0001340869
-27.2578927048
-24.4074536277
-21.4350021037
-21.1408759827
-22.6279931186
-24.8715990131
-26.7420648938
-23.2211725256
-25.5567975493
-26.5299715686
-28.9258088107
-25.2206738021
-28.4248506478
-21.4338188483
-21.7983691705
-23.6908199152
-23.7107138266
-23.2363955670
-22.9021204619
-21.9805692427
-24.9487420987
