-23.4905370775
-24.4135485434
-24.7117525795
-24.1601928535
-23.3683514456
-22.6605739738
-21.5226676046
-23.0465755630
-24.8442314631
-24.7925192197
-24.7979254113
-24.1820325221
-23.3729782966
-22.6529410933
-21.5187398298
-22.3990390689
-24.0888585660
-24.0114565539
-23.3369409005
-22.6450725983
-21.5139641010
-22.9192646604
-25.6968173987
-25.6273550873
-24.9940966375
-24.2232249592
-23.3827330036
-22.6599901154
-21.5067480770
-22.9298064761
-24.1812234056
-23.1683598848
-22.6297459919
-21.9883160479
-21.1619829181
-22.2407370621
-23.9706473134
-25.3943451222
-24.9053514622
-23.3172165852
-22.6562021562
-21.9985445739
-21.1603103125
-22.2489227311
-23.9687727525
-23.3302362385
-22.6432070996
-21.9929843260
-21.1532936548
-22.2263322009
-23.9577014516
-25.2446210596
-26.5152249451
-24.3514925530
-22.8334115922
-22.0298191888
-21.1655637437
-22.2330213282
-23.9632591101
-25.2487520839
-22.5527362274
-20.7050690364
-19.9478331223
-21.1678435062
-23.0713940822
-23.1816811767
-21.9481346783
-23.0024314713
-21.9869489613
-20.6068940826
-19.9134204278
-21.1599931349
-23.0650130667
-23.1800189280
-21.9438172330
-20.7771904402
-19.9282952250
-21.1530813385
-23.0582255512
-23.1646936164
-21.9276840990
-22.7525957497
-24.7307104989
-22.1404221606
-20.1555883395
-21.2261943948
-23.0868410849
-23.1802131160
-21.9337880733
-22.7577287841
-20.8461970643
-20.9369889937
-22.4408399672
-22.4859757167
-22.0408063422
-21.2051107661
-19.7924646342
-21.0320155103
-20.4786251715
-20.8472055491
-22.4078124829
-22.4844222133
-22.0421190526
-21.2012205342
-19.7966577994
-20.5851204315
-22.3140468956
-22.4470643381
-22.0242848322
-21.1937572442
-19.7811693682
-20.7094058973
-22.9649998079
-23.2520937206
-23.0479141724
-22.6208495948
-22.0718505206
-21.2055340958
-19.7845145794
-20.7179346320
-23.0233429241
-24.2699413953
-24.6582059073
-24.1581758882
-23.3629620831
-22.6503260291
-21.5071442204
-22.9335840791
-24.6929344754
-24.7516607866
-24.7920725875
-24.1816234328
-23.3698945923
-22.6595991504
-21.5116144269
-22.4068506021
-24.0925041206
-24.0154645926
-23.3326092151
-22.6408755497
-21.5056709813
-22.9364761844
-24.6849158092
-24.7481563418
-24.7951446403
-24.1849026196
-23.3715024683
-22.6540971588
-21.5104933152
-22.9270671313
-24.1862153298
-23.1766853686
-22.6180325757
-21.9870926639
-21.1615000374
-22.2466416704
-23.9667467253
-25.2419412667
-24.7816175087
-23.2934881146
-22.6424898988
-21.9960421387
-21.1600371548
-22.2333164939
-23.9704984360
-23.3331503520
-22.6343094084
-21.9812942120
-21.1523136529
-22.2294702783
-23.9536027918
-25.2435996312
-24.7688425331
-23.3064831709
-22.6456473947
-21.9911149434
-21.1508753676
-22.2222995648
-23.9664308462
-25.2481992957
-22.5434760519
-20.6944961499
-19.9427868247
-21.1761210913
-23.0615901808
-23.1801496812
-21.9464206460
-22.7750607050
-21.8109033538
-20.5797103589
-19.9077125966
-21.1454808225
-23.0534795980
-23.1743447567
-21.9383722031
-20.7665735378
-19.9160639732
-21.1438379926
-23.0565749537
-23.1606959342
-21.9325944647
-22.7463558442
-21.7827137381
-20.5699491780
-19.8863519217
-21.1277087417
-23.0570215861
-23.1499003798
-21.9208758698
-22.7503703561
-20.8416634231
-20.9414423708
-22.4323604274
-22.4872703030
-22.0320510552
-21.2025772606
-19.7916153855
-20.7109360984
-20.2460255508
-20.7650899386
-22.3855844371
-22.4781188729
-22.0260454695
-21.1947230055
-19.7895065044
-20.5806036200
-22.3171189487
-22.4499499707
-22.0350065957
-21.1858382598
-19.7817622887
-20.7054483468
-20.2152376986
-20.7535059805
-22.3679858317
-22.4645386631
-22.0435922917
-21.1867755403
-19.7865173045
-20.6976860073
