-24.9676378860
-26.3836742854
-27.4525479583
-23.6065229380
-24.0905700090
-23.4515609742
-25.8004619599
-29.9379665867
-30.7155803267
-33.9664147332
-35.2989123854
-29.6780292737
-31.3416329819
-31.4603219121
-32.3140455954
-27.3905359932
-25.6801262995
-28.2066145255
-23.0277199169
-24.6775755022
-24.6287035838
-27.3865486631
-32.3511484125
-33.1237636938
-36.6734011378
-34.3238485566
-30.0534294112
-32.3803076674
-31.2013762578
-27.1809930039
-25.9731429160
-28.8228814610
-29.8777204499
-22.3014207913
-22.6657406670
-27.1343115115
-30.0235943908
-33.6775382821
-32.1602591574
-35.0327481507
-34.5621817926
-28.7162270052
-31.1068507736
-27.7180649610
-26.2656106265
-22.4615274533
-25.0627109914
-28.0283060224
-30.2814396524
-31.8445407410
-34.7482370525
-31.3629004408
-32.4573704820
-31.2151713634
-33.7223438930
-32.5464858801
-28.1844188514
-26.2961745082
-25.2941389777
-25.1691091472
-26.8811733503
-22.6766941590
-23.4570849730
-25.6051399869
-29.7551723480
-33.9122376126
-32.6690715081
-32.3941493682
-31.5846927711
-34.5979680183
-33.5914457449
-23.7682529968
-26.1287081422
-29.9160065300
-22.7054300856
-23.7551725035
-24.5212697634
-28.1940143160
-28.3039570413
-31.0466706553
-35.1533168016
-32.2308529213
-35.2024359697
-32.1790824346
-34.9010900839
-25.3623895536
-21.3516281568
-23.4505796735
-25.3725986639
-26.8176518972
-22.9257350056
-25.5140490206
-29.9023318166
-28.1309304442
-30.0870252114
-34.1845692530
-31.7454440848
-34.8957227279
-31.9155332424
-23.7167621260
-23.8017361815
-20.6382774417
-23.1987231041
-21.7473288127
-23.7593268305
-27.9749651887
-30.3636057265
-32.4612853103
-30.0289177257
-31.4599438860
-35.5812835158
-31.7749917079
-34.4424999272
-26.4841975995
-23.5303132402
-22.0821580164
-25.8739258277
-24.6047861041
-24.3625327868
-21.8519365620
-23.8032055346
-26.7012103534
-26.1792112461
-23.3756567943
-22.7880790665
-23.9623930321
-26.8483465296
-30.0223891267
-28.8622912574
-32.5165084464
-32.6675930920
-29.2818911571
-31.5909740989
-30.3306300319
-32.2348350660
-27.8457525672
-28.9642852122
-29.9695467231
-32.3423271175
-24.6656174078
-24.5341470119
-25.7247131399
-29.7303862086
-29.0585945047
-32.8683004836
-33.4812040040
-29.6270420060
-30.9716416418
-31.3550034697
-26.7075201658
-26.5977664572
-29.6244593047
-26.4566203258
-26.3077312795
-24.5251781183
-28.2789132608
-29.0735081346
-32.0257154392
-28.6212911313
-31.8477150585
-33.0255149921
-29.0385581944
-31.2474868156
-29.2132690436
-27.1163128983
-24.2694067300
-22.8361457581
-24.0823260838
-28.6508309842
-30.5613343010
-34.4728942098
-29.6183216759
-31.8424694057
-30.7145588978
-34.2822794067
-33.5414553183
-29.8673961246
-25.7807389413
-27.6036494484
-27.4269009171
-27.3863622493
-27.8827583091
-27.5643975959
-29.3475822705
-33.7740663671
-38.5140117064
-36.3055935108
-38.5418334295
-38.7314007210
-41.7650196815
-41.8567928829
-26.5717853440
-27.5009123838
-29.6378388577
-27.3519961394
-26.1518902974
-23.8504592266
-26.7602279305
-27.6180491301
-29.9882521916
-34.7149415989
-30.4972574713
-32.8618948804
-29.7688651929
-33.2724468602
-23.4941036578
-26.3816482492
-24.7631256395
-22.2407383590
-23.9244836631
-24.4353053592
-27.5225591646
-31.6930625492
-28.5789076813
-29.6391865217
-33.4920578017
-29.2751683740
-31.9646459402
-29.4246101971
-24.3541697574
-22.1762226537
-24.0323498776
-23.9573143705
-24.4072698003
-25.2959397493
-27.8540469741
-28.9214111148
-32.1902314026
-27.7790554938
-29.3571493196
-34.1732817582
-29.0420341572
-31.8517101559
-29.0525565549
-25.7209005829
-23.6524030755
-27.5299408890
-26.2433165587
-24.0191645195
-24.4049926241
