-22.1892500698
-15.5481137395
-17.4098055216
-17.7193722162
-15.7733808636
-16.5146882941
-17.1149000202
-19.5922918040
-21.4945194153
-24.5335514987
-22.9159440523
-23.6573471008
-23.4449676460
-22.6792988692
-25.5133887853
-25.2676866955
-19.3416469310
-21.9799452434
-26.1477139562
-17.4429068010
-18.9273857647
-22.0384786721
-23.1260929383
-22.8533158554
-25.2949791644
-22.8149261942
-23.8853625649
-24.0820801133
-20.9059836530
-21.6253282953
-23.9927627236
-23.6382325299
-23.6139901085
-22.2855931821
-26.4319675109
-26.7961229326
-24.6015366923
-23.3609114566
-23.1549829255
-24.5920680903
-21.7863709454
-22.2194618349
-23.8804288960
-16.5165537853
-19.4309462042
-18.4985164710
-21.5081358598
-20.5090207603
-18.1337926403
-21.1179838074
-24.7236964281
-22.5683696572
-23.1177558034
-23.1572109081
-25.2591359592
-21.4749349126
-21.2217720909
-18.7452206265
-16.6870482421
-19.3135867745
-20.8201771785
-17.6166972698
-19.2277582889
-22.4739710133
-23.6092208596
-25.2237652780
-23.5030777361
-22.7309230844
-22.5336708634
-25.0495787130
-21.6158169699
-18.1149240398
-20.5608236341
-24.2689872747
-20.1063137854
-21.3360012052
-22.4977499750
-25.6413133067
-26.5132662341
-24.4374789678
-26.6651639001
-24.5467692262
-22.7187086629
-23.0948610474
-26.3690351032
-17.5196667118
-20.6070235308
-23.1318175962
-25.8872289965
-23.4709085634
-23.8133537978
-23.8909383478
-25.7435985610
-25.7807713078
-24.1763803589
-25.1893008058
-24.2229686310
-22.6628226687
-23.5222168992
-18.8869415867
-15.7937421205
-17.6642254218
-20.7550672503
-18.6069057204
-20.5236055720
-25.2657331543
-25.6750476388
-25.4873779653
-25.5878015985
-23.8264847857
-24.5797229171
-23.9166099924
-24.1563556994
-18.9064367630
-19.4180702537
-22.6030749207
-19.1734814601
-21.3456303347
-23.7132007161
-22.0415338992
-24.7343353358
-28.5094958620
-29.0929657610
-27.4377883848
-25.4963792214
-27.5465012401
-26.6448544361
-23.9734073696
-25.1725566293
-25.6287506523
-25.3401187957
-25.8776063475
-28.3898256321
-25.3631960850
-28.9750962895
-27.9570351824
-26.9545983874
-26.7554496264
-26.8839282256
-24.6199793662
-28.5137472761
-24.8854161292
-24.1499423204
-23.8783472028
-25.8071096613
-24.6383935614
-26.2807456314
-27.2252173598
-27.0961057043
-26.3686493181
-27.7704102505
-26.6262602953
-25.1843671391
-26.1951592487
-25.6062468587
-26.5828139884
-24.6735338071
-23.8904658236
-23.0896244460
-25.4783210381
-25.3052827771
-26.1763683334
-26.5407477084
-29.3488536130
-28.0899373796
-26.8256407879
-23.3332668638
-23.4731002991
-25.0148307257
-23.0701836432
-25.4402563230
-24.2797711881
-23.9852929662
-23.5593702291
-26.5330824613
-25.4256041997
-26.4451490007
-28.2026129623
-27.3765764742
-27.1809360433
-25.9499128617
-24.8351823048
-23.4469807274
-23.5096827158
-21.4692982846
-22.8395440458
-22.5761863691
-21.9166412789
-22.7072904125
-24.4143045797
-23.1410272845
-24.1089919704
-24.0798262387
-23.9644475408
-25.0274153999
-25.6227929654
-24.6600002030
-22.9867475626
-24.0081255817
-20.8688756306
-23.7457323784
-22.0147217232
-22.0266759333
-22.7252074859
-24.5592373851
-24.0888028984
-24.8837448204
-24.8212913970
-23.1158229867
-24.2355248215
-26.1128844224
-22.5851125392
-22.4147398143
-22.5563843777
-20.1586590977
-23.0187600851
-22.7968977878
-22.0137391321
-23.0796185887
-25.2697580374
-23.2664234948
-24.0662214310
-24.2873911223
-24.5572657301
-25.9789115882
-27.4358995801
-20.3526023684
-21.5573327396
-21.3028960458
-20.0073452564
-23.5026660508
-23.5583332653
-23.3237749583
-24.3571084705
-26.0450299870
-23.1179111514
-24.5309687995
-24.2684189611
-22.6245080956
-25.4313754602
