-22.0910738168
-24.4284285161
-23.5403048565
-21.5716042599
-20.3039712369
-19.4167808486
-19.0484231220
-20.5555986835
-24.2237000640
-25.2260463384
-23.6895978304
-21.5800048302
-20.2969170359
-19.4074883075
-19.0400510318
-20.6623658053
-22.4894309673
-21.3646309831
-20.2339418834
-19.3803162340
-19.0235554119
-20.5165215950
-22.6549554691
-23.6341960155
-23.3489391248
-21.5207904538
-20.2740986570
-19.3915144062
-19.0267698699
-20.5392247556
-23.6501699110
-21.9012369935
-20.2571421655
-19.1477334332
-19.0295972468
-20.8858696608
-24.3775072597
-24.5037902600
-25.0029645516
-22.1354600118
-20.2861758532
-19.1506566092
-19.0291933359
-20.8643186824
-24.3716673813
-22.1546496634
-20.2666509021
-19.1334075402
-19.0116128526
-20.8768049675
-24.3540571258
-24.3479324429
-23.6914840446
-21.5660776705
-20.1917823848
-19.1223608345
-19.0137489202
-20.8563453253
-24.3662288250
-24.3590853027
-20.4891087281
-18.6270300689
-18.4498477937
-19.4601443122
-20.8439755586
-21.1412423510
-20.6857343893
-21.4066053543
-19.9633914577
-18.5059810607
-18.4090359567
-19.4521308225
-20.8361471953
-21.1344496567
-20.6826260876
-19.1398662310
-18.5369773436
-19.4650391433
-20.8209927679
-21.1066833697
-20.6676852668
-21.0397454898
-22.2304451052
-19.9717635472
-18.7176291100
-19.5466938844
-20.8498063755
-21.1291962255
-20.6804239962
-21.0386101377
-20.6046557421
-20.0708097637
-20.2937168189
-20.0188321215
-19.9744032127
-19.2641840680
-17.6138931951
-18.5724011074
-19.8370592518
-19.8813095077
-20.2446507020
-20.0188062298
-19.9757081557
-19.2639652829
-17.6218290102
-18.0913172574
-19.6593500863
-19.8364391445
-19.9103496690
-19.2364307251
-17.5961482986
-18.1507025270
-20.2338176024
-20.5410112894
-20.4074022127
-20.0398121879
-19.9682681679
-19.2570224162
-17.6059522018
-18.1638594089
-21.7898520772
-24.2866674487
-23.4998451542
-21.5631544953
-20.3001340830
-19.4140738685
-19.0508595336
-20.5576648435
-24.2002887677
-25.2329387150
-23.6875860434
-21.5864402187
-20.3061111881
-19.4134382266
-19.0473680341
-20.6887831339
-22.4931710270
-21.3651281043
-20.2390218402
-19.3774111822
-19.0178838289
-20.5369385161
-24.1570314659
-25.2058637408
-23.6786469257
-21.5774816816
-20.2870924202
-19.3947793530
-19.0338085361
-20.5309523489
-23.6365508642
-21.9022584221
-20.2479208269
-19.1453475104
-19.0268333049
-20.8647212986
-24.3683519461
-24.3606621090
-24.8855028679
-22.1089520635
-20.2878976531
-19.1552044912
-19.0314394433
-20.8892381742
-24.3769246960
-22.1459526328
-20.2665162650
-19.1306410090
-19.0112024687
-20.8486969093
-24.3511896176
-24.3546125074
-24.8476465803
-22.1409153979
-20.2851531300
-19.1492442154
-19.0236020172
-20.8789721047
-24.3749867003
-24.3534655042
-20.4836119146
-18.6237262844
-18.4458423433
-19.4784950741
-20.8497895459
-21.1399697727
-20.6917542157
-21.0330680138
-19.7362057931
-18.4683733252
-18.3955826146
-19.4337399284
-20.8217371549
-21.1258911467
-20.6775085878
-19.1328133244
-18.5329395285
-19.4839595232
-20.8261711131
-21.1188667213
-20.6721865434
-21.0328065072
-19.6961487021
-18.4523230427
-18.3835507284
-19.4105150487
-20.8038291424
-21.1122475016
-20.6695650061
-21.0412705125
-20.6003408859
-20.0766496427
-20.3020202957
-20.0323683164
-19.9815713373
-19.2659705973
-17.6215079527
-18.1663048828
-19.3990890316
-19.7501899172
-20.2089162351
-20.0078255484
-19.9634419500
-19.2602679442
-17.6178403892
-18.1017386783
-19.6680069854
-19.8482703692
-19.9168692059
-19.2397798201
-17.6004631552
-18.1521900068
-19.3699673111
-19.7409413922
-20.1870170126
-19.9859366823
-19.9571800358
-19.2453452470
-17.6073930766
-18.1634050092
