-26.4743030759
-25.6987566877
-24.3163756101
-21.2042446833
-24.5872030279
-25.6052280227
-26.8635462684
-30.3488655626
-30.5486758317
-32.5965255055
-33.3655625268
-27.0005031010
-26.9891301589
-29.7741742830
-31.5413603840
-26.0687998776
-24.6075824089
-27.2914652022
-20.9776208755
-24.4020422514
-24.1084922602
-25.8279071849
-29.7226601175
-30.6456053610
-34.2543616629
-31.4212655242
-26.5590298258
-29.1160818590
-27.5397525631
-26.2453542358
-25.6140985210
-23.9422376187
-27.6834192418
-21.6876885116
-21.9414338985
-26.2536149776
-28.4949589591
-31.5641217925
-31.0170065140
-33.8309052655
-30.5043000047
-27.1351840669
-29.6759980533
-25.7279405399
-24.6660925255
-23.1860814716
-27.2778487416
-29.2899978559
-25.3301582424
-28.4007389816
-31.4143679940
-29.9807927859
-32.8288842332
-30.5783399743
-33.9020298010
-31.6591301430
-27.2914651950
-24.0360989978
-23.8485160516
-24.2575392579
-26.5172095404
-21.5688131310
-22.3847028244
-24.6693212210
-28.6917230760
-32.5065530889
-30.3551533701
-30.8684734862
-28.8072648740
-32.5561784356
-30.4400497187
-21.5342968660
-24.6100421159
-22.7776356378
-22.5168528919
-23.6714127777
-21.8670223763
-25.7017406983
-26.7075512334
-29.4847670070
-33.7071480402
-30.2035185201
-32.6053946954
-30.1639093663
-33.5055033648
-27.9854396937
-20.2517968126
-23.4614295952
-27.9457981687
-28.2031825844
-24.5160357493
-27.2257092966
-30.3072329814
-27.7648189316
-30.3515000445
-33.8885920049
-29.6538878300
-32.3502913951
-30.1691149005
-25.5144542320
-26.9132933202
-20.8107862443
-23.8057597485
-21.2128485071
-23.3757914305
-27.5904368976
-30.9777249015
-32.5032143539
-29.8363040531
-30.4931717600
-33.2215333966
-32.2541567553
-35.1589301203
-27.1380049819
-23.2259158916
-21.5921169807
-22.9086361107
-22.8184772449
-21.5938297186
-22.3650678349
-27.0129207719
-29.6132792691
-32.5637478918
-28.4747142235
-28.6556559167
-31.7378526278
-33.6628447409
-34.0239642511
-29.0514496803
-31.7993752291
-34.4798073016
-28.6386748310
-31.4049874190
-29.4926406900
-31.0052141385
-33.2723873178
-32.2865900217
-33.8869543552
-31.1544902350
-30.5511821568
-33.2365933151
-30.1583077049
-32.4732006789
-30.6790484053
-31.7399187895
-32.9739710533
-28.5967315407
-30.8114793568
-32.0345574649
-34.6971306966
-34.9167804663
-32.0151917559
-31.0558648060
-30.1794495802
-31.1159763127
-32.8761249689
-31.4318384315
-32.8888934684
-30.8997817683
-32.7673292720
-32.3014531576
-28.3336030582
-31.7450194506
-31.2111529735
-33.4766444705
-32.6972805336
-29.9711287077
-31.7789673839
-30.5775684030
-31.2863748794
-35.1277526171
-31.6376853485
-33.6657044795
-31.1638617505
-33.5328592653
-33.3435183335
-28.8509713951
-31.3482819734
-31.6063369555
-33.2104232663
-32.2509772536
-30.8974981217
-31.6047873324
-28.1152698349
-30.1791116903
-33.5161345021
-32.4379516958
-31.9373482999
-30.9910604295
-34.2159370687
-35.5687545234
-29.5919108288
-32.8301127921
-32.6343701392
-33.1448835687
-30.4376223761
-29.3848469916
-28.9377902083
-26.5618196747
-29.0861458679
-33.9354003298
-31.1965034338
-33.7708843808
-30.1701272685
-33.5523867873
-30.3471515321
-30.0421030761
-30.6994640150
-30.0585365586
-30.7144786278
-31.9115006083
-31.7080603322
-34.3920227391
-28.7049692766
-30.8965996651
-34.3383414364
-31.9552653731
-33.4321845109
-31.8509955524
-33.1699130895
-31.8788097262
-30.7276134958
-32.5261608837
-30.4624836068
-29.9059527793
-31.1205850358
-28.5726211744
-31.8815166986
-28.3782585059
-28.9028959403
-33.0876732189
-32.1757540535
-33.8509286288
-34.5148504442
-36.0450830764
-34.0562939387
-31.3278974244
-31.2818231141
-29.9957620887
-31.7186875850
