-21.4064331730
-23.9960276600
-23.6984061904
-20.0427288649
-19.9082187750
-23.2822187258
-24.4932225362
-25.8067924705
-25.7566583299
-24.6171610308
-24.1036336518
-23.1859558688
-23.5756405547
-24.4767670366
-27.1291849293
-26.8553722386
-29.7544435019
-26.2937445665
-18.3806909739
-19.7012687824
-22.3129167167
-23.6350349029
-25.3499641180
-25.5402087285
-26.6364098503
-24.4177028689
-22.7035464668
-23.2712186400
-24.6075215636
-21.4390515630
-23.6724393663
-21.6558559292
-21.0702757150
-16.8726906499
-16.6124994825
-19.7923468159
-23.2222444440
-24.6041051518
-25.8375272561
-26.3327789297
-24.6819550883
-22.7198763783
-23.2331008451
-20.8592814455
-23.7695488630
-23.1458599744
-19.6916021120
-19.1343616472
-22.0352667956
-22.6591499265
-25.0269907683
-25.8867409468
-26.7540929001
-24.8375436273
-25.7385872170
-24.2607757230
-21.9864026462
-20.1368077708
-24.0782325811
-25.7649074456
-22.3062042908
-24.0862875130
-27.6333847909
-23.6244775493
-22.2964314597
-24.5933510188
-24.9755633420
-24.2725797590
-24.5279045156
-24.1611702661
-22.2675725423
-17.6448299181
-18.9656084186
-18.2596367964
-18.8658463064
-19.4288800513
-19.1713169108
-21.2454448862
-22.7995219107
-22.5396220752
-24.9796840038
-24.8978415690
-25.5143765562
-23.9929789229
-24.7360493713
-19.3914224747
-15.6880455974
-16.8719993410
-17.7417141892
-18.8345768639
-19.6894815844
-21.5798093439
-23.6872831106
-20.3987711992
-20.0939323694
-22.9045193206
-24.7848772776
-24.3042285091
-22.5803730598
-21.0580185683
-22.5634204434
-17.0786632417
-17.0395369607
-19.8810000866
-21.6412646503
-23.9743744147
-26.9966413625
-24.4304584248
-23.8399471877
-22.7937739507
-24.8969987886
-24.8830509223
-26.1791141492
-21.0479104335
-20.0802006870
-18.1133394681
-19.8593118908
-22.2150744739
-20.0819380209
-19.4059335093
-18.4526609279
-18.0980413400
-21.1391010915
-18.3399632842
-15.3018251222
-15.3909664700
-16.8531255679
-19.6185589505
-20.2895689609
-21.4867039944
-18.4924383850
-17.5014959043
-19.2420647610
-20.7099094933
-22.8071767984
-23.1596822723
-23.8661379575
-24.0864299168
-22.4005524274
-17.6354998395
-18.0053567191
-19.5756019932
-21.0450636409
-20.3420799723
-22.0612646841
-19.3456368471
-18.3567773857
-19.0140596197
-21.3990488502
-22.7526475336
-25.3690022979
-20.6614867725
-19.4285382809
-18.0251781302
-16.2155650167
-17.3649649297
-18.3442885097
-19.2121986556
-19.0748093803
-20.6124620932
-18.4433075373
-14.9772670867
-15.5885281429
-18.2515663415
-20.2217080401
-19.5086602320
-22.0618096997
-21.3474298125
-20.6307325918
-20.3950013548
-21.1308636467
-21.1173080382
-22.4401305303
-21.3463695472
-22.6280694990
-18.2468721697
-18.1494105311
-21.1619997352
-20.9925849980
-21.3116073136
-17.2189977065
-15.9118174755
-17.0762566111
-20.7336133509
-20.9649080415
-21.7780001488
-18.5368711800
-17.7803355865
-19.3146315065
-20.7109127979
-22.8362816858
-25.1293045046
-20.3708508505
-18.5544879162
-21.4009907206
-18.6110678060
-18.2521035998
-19.6530441496
-23.4214708790
-21.6619987427
-22.6504088787
-19.4739458915
-18.3043790001
-18.9776325477
-21.3856006878
-22.7438068041
-24.2271229563
-23.7689870330
-24.1166649793
-24.2047641547
-17.9531279152
-17.8983449070
-18.5192829346
-21.8825625749
-20.7467042211
-21.3533486601
-18.6204445013
-14.9783959661
-15.5672800940
-18.2291842366
-20.2153516213
-22.7564018282
-26.1067674981
-20.7541882143
-19.4626415696
-19.7894767259
-20.9388829727
-21.0829937342
-24.3446881967
-22.3270315899
-22.9247096938
-18.2370786229
-18.0959518788
-20.8088145818
-20.8879151062
-21.2166610602
-23.9168119416
-21.0653847646
-22.7620035009
-21.4329644223
