-25.2146112569
-24.2965153612
-27.9082357451
-30.2267226806
-26.7472238233
-28.7767385398
-27.7059916359
-25.7078278535
-24.8173584441
-26.0446364341
-30.4908984627
-31.4909155640
-31.0509091357
-33.1511597177
-28.5698378139
-26.5194051604
-30.0854496919
-25.2923187834
-24.9734091514
-26.2094255901
-28.4541328869
-27.2730199480
-24.0430120895
-23.6968617552
-25.6797327459
-29.9636213915
-29.7353820189
-32.9194301529
-30.7858685677
-25.7052386815
-25.6022815428
-25.4387856753
-22.8673776486
-24.9219208693
-24.3834636562
-26.3561941071
-25.1420056916
-23.8978346087
-24.2930678831
-26.3627913187
-30.5347862219
-31.2101328392
-32.6292202726
-25.7062238521
-26.3778693492
-21.7266749778
-23.3733213585
-22.8112133196
-24.9930027090
-28.8773136248
-27.4913259894
-24.9620957619
-23.5908532704
-23.1511134075
-25.3933444066
-29.7370209601
-31.7498638008
-29.5920946552
-31.4570841217
-27.6129121920
-27.3567045771
-27.7463568374
-29.0756260698
-31.0979841594
-35.2637009419
-29.5976885633
-26.8899402866
-24.5118827170
-24.7808472307
-27.1819173369
-30.6707423392
-29.4256031461
-23.1977625226
-23.0255255981
-21.2052648193
-22.3435531046
-25.4227069118
-29.3959156940
-32.4128626213
-36.4873795443
-32.3016460496
-28.5456640097
-26.0136453368
-26.0313708102
-29.7702659261
-28.1184830010
-26.6956397505
-23.7005875705
-26.5739434778
-28.3697647259
-32.2597234710
-36.9465198523
-34.2369184218
-34.3617605011
-37.8141808983
-32.0245593698
-28.2970141756
-26.0435243844
-27.3069704662
-30.0886033050
-28.8838461120
-30.3120850911
-27.2208960263
-29.6950103516
-26.7868368586
-28.9020492816
-32.6891505294
-33.3067236136
-35.6343524742
-37.9547819572
-34.5251553384
-28.9700745947
-26.8292565670
-24.9040180354
-25.3492611528
-26.1004913477
-29.9299595705
-33.2321943033
-32.8660867496
-34.8747711451
-27.2087087850
-28.4283848589
-29.9703920770
-29.5975875900
-31.0310799588
-23.3082722812
-22.6032781723
-20.6318627675
-20.9164231982
-22.0309869049
-25.4739984114
-25.9989945045
-27.2519557356
-31.7942641922
-27.1928941277
-23.2494501736
-25.9275333494
-26.5623621167
-30.1252323215
-27.3647789038
-23.2377652359
-20.1507802429
-18.1050308124
-18.1644342067
-19.8137929444
-24.3193958668
-26.3824198295
-27.1430046708
-28.5254982425
-25.5548595424
-24.0683147770
-26.9049704256
-24.6581463525
-25.9837391005
-26.5341142462
-23.5572807634
-20.1610877408
-18.6129527357
-19.1098913780
-20.8823652197
-25.6501980437
-27.3496141255
-27.3987980394
-26.6204566589
-23.2026651225
-23.0977337339
-25.8058280189
-24.6727790593
-26.6278526351
-29.7702141423
-24.3485603135
-20.3358517184
-18.4999482875
-19.0273550228
-21.6995430416
-26.6708069878
-29.4906043050
-29.7009719160
-29.3692446379
-25.1557257126
-26.1697167507
-29.3720655415
-29.5508595092
-26.8310055490
-30.1260699184
-24.5060622557
-19.8847660509
-18.9811784200
-20.1155208916
-22.8127499921
-27.3657834997
-25.9213206347
-25.5811590765
-28.4380800265
-25.8147464234
-21.8521721747
-24.7932571271
-25.5265819155
-25.1447683331
-28.2596174628
-25.3555593190
-21.5795426610
-20.4652054918
-21.1059868812
-24.3550436000
-28.0968957715
-31.2145188938
-26.3740127827
-27.7883558003
-26.7959248597
-24.7826751848
-27.2575172752
-29.6555876286
-28.8635806628
-30.1381018058
-26.1266549278
-22.6767588882
-21.1523291875
-22.2045637346
-23.0765322934
-27.5800530161
-30.1833903034
-27.7983901380
-30.8726511251
-24.1361886309
-22.6958126109
-24.1129145654
-26.6044555798
-28.5567366032
-29.1307637860
-29.4943702493
-24.5190741363
-22.0576294894
-22.0308263762
-23.7252041288
-26.4588741989
-29.2354362358
-30.0972369098
-30.2829115963
-24.5137520945
