-32.7498420086
-34.8241632182
-34.2772408895
-33.5674790837
-32.8524845428
-31.8759888278
-30.7666620962
-32.3044488258
-34.7662007342
-35.5201726131
-34.4136371456
-33.5912424997
-32.8523278979
-31.8671532795
-30.7636237032
-31.6965669919
-33.3987375977
-33.3634057636
-32.7952638512
-31.8488387739
-30.7475475357
-32.1412132070
-35.1888039903
-36.0633082565
-34.5201401226
-33.6166228533
-32.8514074473
-31.8611580526
-30.7487074847
-32.1394797561
-34.2989018991
-33.2499741587
-31.7631643772
-31.3711197705
-31.1959545373
-32.4886166044
-34.6965041235
-35.4996158880
-35.2439002635
-33.4368981018
-31.8147393820
-31.3911263002
-31.2033039013
-32.1064794706
-34.5257417959
-33.4948994273
-31.8461783987
-31.4009470284
-31.1922947431
-32.4753820538
-34.6762477410
-35.2939735433
-35.8940178814
-34.1029417504
-31.9372188519
-31.4288207562
-31.1938650757
-32.1093016676
-34.5241727581
-35.2583827939
-31.9336535592
-30.1138399757
-28.9136280649
-30.0220370012
-31.7818400732
-32.2240964808
-32.3828127008
-33.0365875854
-31.6055330146
-30.0668931125
-28.9028959474
-30.0094147885
-31.7784650879
-32.2194670419
-32.3824942328
-30.7872278867
-29.0363237430
-30.0494938737
-31.8018957969
-32.2379886811
-32.3943927708
-33.0416766027
-34.2263429590
-31.6729459809
-29.1689087625
-30.0630443042
-31.7995150535
-32.2308114974
-32.3891859467
-33.0415316090
-29.4443383864
-29.1651829428
-31.0735281407
-31.5561225603
-30.7684550976
-29.8227536287
-29.1318719544
-30.2316692985
-28.7888480991
-29.0048640075
-31.0086214892
-31.5372164287
-30.7668083842
-29.8216868899
-29.1334824193
-29.7343722463
-31.2752285012
-31.6196219957
-30.7844717140
-29.8219639313
-29.1296297315
-30.1590210217
-31.9210145228
-31.6901108997
-31.8692259114
-31.7933359957
-30.8259670749
-29.8331802237
-29.1366580386
-30.1647573318
-32.7350940899
-34.8016943894
-34.2629732603
-33.5649779440
-32.8414624394
-31.8667299500
-30.7584854918
-32.1458814839
-34.5815889293
-35.4557553250
-34.4114738929
-33.5944025835
-32.8497672072
-31.8666276777
-30.7611769358
-32.0136382479
-33.5080252325
-33.3949781211
-32.8035000059
-31.8437730595
-30.7427498005
-32.1244457316
-34.5246892987
-35.4139324404
-34.3895669134
-33.5908968454
-32.8440503164
-31.8582517074
-30.7459759085
-32.1399082646
-34.2669424614
-33.2424733287
-31.7798723019
-31.3803799431
-31.1970497569
-32.1009088681
-34.5169386132
-35.2438200000
-35.0608872752
-33.4084728823
-31.8043438578
-31.3927302921
-31.1962743000
-32.4850940366
-34.6818325838
-33.5325317406
-31.8635802214
-31.4038624357
-31.1823251374
-32.0866839592
-34.5099387882
-35.2450446777
-35.0257405688
-33.5758058580
-31.8521645635
-31.3951317487
-31.1893184902
-32.4727216800
-34.6743369326
-35.2987894020
-31.9549417280
-30.1100054122
-28.9178238181
-30.0093850129
-31.7721151444
-32.2193595913
-32.3816436899
-32.9672133233
-31.5341663814
-30.0523044239
-28.9019004107
-30.0167926336
-31.7779783237
-32.2228562675
-32.3848503789
-30.7902740472
-29.0373891872
-30.0337996087
-31.7882871107
-32.2277847557
-32.3918773906
-33.0471604680
-31.5322167353
-30.0568199396
-28.8902530209
-30.0007345901
-31.7791512185
-32.2299014035
-32.3973081781
-33.0406396395
-29.4485393177
-29.1464386329
-31.0605447390
-31.5709222657
-30.7700642677
-29.8241129438
-29.1344818396
-30.1544135906
-28.7336948537
-28.9951313104
-31.0025576489
-31.5457386874
-30.7625142430
-29.8157719268
-29.1336248237
-29.7156318206
-31.2630555104
-31.6092420065
-30.7843759147
-29.8200311145
-29.1366515657
-30.1550505267
-28.7374931691
-28.9931674236
-31.0008397337
-31.5359969289
-30.7643460820
-29.8176762627
-29.1307702617
-30.1571153913
