-27.4221420135
-25.5165514631
-27.7284294173
-28.5107736261
-26.6098294104
-25.3926349756
-23.4808134437
-27.5554312891
-31.5826486188
-36.6127006029
-37.5062132318
-35.9409660281
-38.2540357671
-31.6232727232
-34.6767086064
-29.1446339790
-27.3774451392
-26.6049617637
-28.8249838780
-26.3081455457
-25.3749599917
-28.2701463356
-31.1879656419
-33.0646088904
-37.2155800632
-37.7377162060
-35.4014474549
-36.2527799244
-29.9595991233
-26.1493593846
-26.7208984209
-26.0055593528
-25.5402825213
-26.7883593004
-26.8454621970
-31.2307413396
-32.3687030086
-33.0028351385
-33.9898143747
-37.3598693970
-37.2076416717
-37.5059646791
-40.3939596982
-27.9803454936
-27.5815676966
-28.2308427088
-23.7250267704
-24.1960192310
-24.8309658388
-29.4775846403
-35.6380834553
-33.6110548356
-33.6120917996
-33.4832649837
-37.1940731147
-36.6431427962
-36.6947941758
-29.0821624401
-27.6827939659
-27.1959169935
-24.2764945898
-24.9678722063
-24.9234989722
-28.9039613819
-34.6603735173
-38.8563455626
-32.4930259633
-32.6422088560
-32.7629406287
-36.0735872571
-37.6026637417
-29.6623906792
-26.2412115589
-25.0233607568
-26.6682022941
-21.9728224379
-20.1881808459
-24.5930558451
-30.4512219922
-35.2801201727
-39.1356692154
-33.5542535917
-33.8268104954
-32.8260193206
-36.7593020731
-25.1583239449
-26.1472233186
-24.2549643276
-21.9719744850
-22.1948776429
-21.1418313881
-25.2366942983
-30.9078845733
-34.9737797773
-38.5567111572
-41.4094454495
-36.4397724592
-34.5184843463
-34.3621035705
-24.8961922636
-23.7763040367
-24.8491042853
-24.0160277372
-24.5277504612
-21.9552264225
-26.1633719707
-30.7021968937
-35.4943171371
-38.4222153746
-37.8640159785
-41.2809682009
-33.7792474156
-33.0601309210
-22.9898545641
-22.7442301365
-23.7456689493
-23.6106449042
-23.6417162677
-20.7375579739
-20.1874960102
-25.0805672037
-30.3763703344
-35.9251138112
-38.6710217668
-41.7336407072
-38.3570187515
-32.5546560175
-34.4594926644
-32.3477514309
-36.1953054887
-39.3018137339
-37.6566725667
-39.6446911767
-33.8712173772
-36.3548735346
-35.8418201865
-33.9630824724
-37.3549383146
-34.8061335236
-36.5680154060
-38.8662659776
-34.6898965540
-33.1748545207
-32.6446465604
-36.9124256577
-39.9485200289
-38.6021355642
-38.2588788069
-35.6658704574
-37.7638124655
-37.9520853398
-34.8586587461
-37.9968689335
-34.4826463312
-38.0676050854
-41.8911917427
-36.0079543577
-33.9556153037
-32.4412205262
-36.3463098412
-39.2084676454
-37.2917858457
-39.4191614364
-36.0394904641
-35.5372883286
-35.9973413494
-37.0343963426
-38.9480332934
-36.2985124562
-36.9263075116
-38.8373099810
-35.0516012092
-33.3724950461
-32.9541431845
-37.5035826271
-39.9982450550
-39.0951758793
-42.1948833456
-34.9555209356
-36.3243886321
-33.9670827457
-34.0040211621
-37.7547490684
-35.4744284275
-36.1859637714
-37.8765152013
-34.3398936588
-33.8949160650
-33.9428247996
-38.1539513500
-38.9558616531
-40.0626843465
-41.4310028916
-36.0232770647
-36.5824798125
-38.6775464782
-35.4910250147
-36.2706335547
-35.7176979040
-36.3068793635
-37.3753746418
-33.3843922893
-33.9330558533
-34.7784617544
-39.3390175230
-41.5802064451
-36.2038652991
-38.7919774794
-37.7187777136
-34.0655178651
-36.7692121287
-34.8718453998
-35.6617938054
-36.6481865056
-37.0584419793
-38.8819563559
-34.0010695044
-33.9288290323
-33.9011054787
-36.4650634843
-38.7330595998
-35.6780667508
-38.4230322524
-36.3772167914
-39.2928241322
-40.8926184757
-33.0697613422
-35.7170078835
-37.4946059881
-38.6928200007
-40.4348724851
-35.7113673779
-35.9370861521
-33.6360196291
-36.8724851088
-41.2339294461
-38.3892642900
-40.9251967138
-35.8375998336
-37.9562849727
