-24.2709446967
-27.3405986198
-30.0512441512
-26.2914233749
-25.2315185550
-23.0145785738
-24.0670098325
-28.4276016380
-30.3306623962
-25.3358997333
-27.6456548779
-30.7045129058
-35.5693590855
-36.8339569500
-31.7254220114
-30.8811798650
-34.0411278626
-31.9034923018
-29.5966917332
-30.1179787602
-31.8364418145
-36.1668142389
-41.3673649442
-45.4383282886
-44.8553077876
-46.4240007488
-48.5010927826
-49.9228126047
-50.3979291847
-33.4788335939
-33.9618163553
-33.6144712370
-29.3439225376
-24.6342379367
-24.3363187124
-25.2321140625
-28.8662242013
-33.3075262510
-33.9906895047
-28.0787560369
-30.2945667509
-33.6251671116
-38.1007141065
-31.5902827883
-29.1028848716
-28.3462563376
-31.3743924738
-32.9752371654
-24.1885041495
-26.0395745964
-23.1472166995
-26.2798186976
-31.5912265350
-33.2597832275
-25.7509440336
-27.1589513794
-30.2181680593
-28.1894884523
-31.1178469817
-33.7596292472
-30.8184338754
-33.3126398704
-30.1328910988
-28.9469118691
-29.4055474219
-26.6634835277
-28.7451571155
-33.2172198274
-35.7986742290
-27.6158146671
-29.6336728749
-27.0889052159
-29.1716752883
-30.7132086419
-32.7052305778
-30.5367617621
-30.8520892284
-34.4282672475
-30.6348098120
-30.1174298617
-25.8224815729
-28.6966722750
-33.9329833456
-34.0931015932
-27.6267578053
-27.0436128299
-25.1329565338
-27.5068843206
-32.3421911744
-32.0901819277
-32.6963639679
-33.1447735281
-37.3659630048
-31.9226793531
-31.1310491795
-27.8177221932
-30.9696169032
-35.4242994704
-34.9758808866
-24.5106670901
-24.3690497331
-24.1428920036
-28.0838864740
-31.9597834709
-30.2083563922
-30.9907911561
-32.2281951387
-36.0545762635
-31.7642259315
-32.2373905821
-28.6457562176
-31.8113617946
-36.2089452457
-29.2115329992
-27.3636798030
-25.9607627896
-24.5381705826
-27.2713097940
-31.3820680770
-34.6680866686
-25.1612988993
-23.0294028835
-23.6395102921
-26.8015757167
-30.9805794617
-22.5545098124
-24.4405639644
-29.0650492974
-31.7225804028
-26.8655645215
-27.0295665704
-26.6401162492
-30.8640628360
-32.5267654583
-31.3083919057
-23.1804383679
-22.7580343083
-25.6131016891
-29.9653302511
-32.4862980050
-21.9555267586
-24.1556177761
-29.2943929619
-30.9939991368
-22.8156925835
-24.5514763387
-26.0211591140
-30.3926678683
-31.3452876030
-24.2861042977
-21.4502380904
-22.6674611720
-24.6395897585
-26.3513135183
-27.8047297292
-24.0343629580
-26.1582751950
-30.7607768949
-31.4794053988
-25.4881844882
-26.2352694123
-26.7426811260
-30.8649690495
-24.1927698129
-22.1616572635
-22.8356512266
-22.8560914488
-23.3647240156
-26.7060728154
-28.6792562220
-23.4114300907
-26.0215034646
-31.2286557581
-29.2271884274
-24.0749844810
-25.4742275568
-26.6007737796
-26.4786930202
-24.1554624337
-21.3437661353
-24.3427113718
-26.7503269507
-27.7273911617
-31.1780465163
-36.2212101505
-38.3954769956
-41.1062367098
-41.6734153023
-43.4210938789
-40.6840024967
-41.5576301630
-29.7280973809
-27.6863359549
-25.4412350318
-24.7512840620
-24.8834690746
-25.0255654379
-29.1491999702
-31.4803012538
-30.5710087426
-24.0571567316
-26.5366568047
-31.8176871374
-32.1236612143
-26.5908184068
-29.2505673466
-33.6365283952
-27.6217438761
-23.5533866493
-24.2369799378
-25.1319713548
-28.5710974385
-33.7916624829
-34.4278232106
-29.0425468138
-23.9388716916
-26.6297673189
-31.1183738734
-34.1186502428
-22.7019282274
-25.1208871008
-25.8706712489
-23.6140509591
-24.0929934750
-25.3053811653
-26.7879048961
-30.4855492337
-34.9939740110
-31.1173679866
-29.5807398483
-25.0956776180
-26.9738229764
-31.7528801643
-27.4412306874
-20.7149544903
-23.1963255280
-26.3054631621
-27.4966661579
-25.6999334679
-25.8230020008
