-19.9391334996
-21.0176093582
-21.5927836929
-20.8945796436
-19.6534273533
-18.6152609838
-18.5604171251
-20.3379385884
-21.3608261946
-21.3621971616
-21.6514452810
-20.8914583959
-19.6449115641
-18.6100412113
-18.5625454252
-19.7867943442
-21.1991699094
-20.7915228054
-19.6165445877
-18.5892372076
-18.5443396564
-20.1902703033
-22.4201032846
-22.2920531698
-21.8318432894
-20.9145486374
-19.6431392754
-18.5899867732
-18.5457818257
-20.2299571423
-20.8312614263
-20.7990909569
-20.2253393570
-19.2909250447
-18.6356882629
-19.6544410120
-20.9024364878
-22.0529935761
-21.3278427233
-20.9036016156
-20.2454973609
-19.2946016700
-18.6377311202
-19.6721250617
-20.9238372941
-21.0850870812
-20.2667583523
-19.2862282852
-18.6286275886
-19.6402963614
-20.8878749810
-21.8055657762
-23.0874404789
-22.2606931123
-20.4639057267
-19.3337344272
-18.6403837278
-19.6668988166
-20.9059927164
-21.8277032014
-19.0402555686
-17.2755090077
-17.0032561764
-18.2948922675
-20.6747355824
-21.7028481238
-22.5781269544
-22.5568465467
-18.8672535160
-17.2358234594
-16.9836910909
-18.2844462495
-20.6711327487
-21.6965331319
-22.5799743290
-19.3060639309
-17.3775457240
-18.3905181887
-20.7074329494
-21.7009178957
-22.5599393123
-21.8723780799
-21.8766696341
-19.0417948343
-17.3400001273
-18.3932536498
-20.7148095022
-21.7072471280
-22.5648367321
-21.8844630427
-17.0636525099
-16.7989264091
-18.8296639108
-19.6657802972
-19.7893705738
-18.5454089838
-16.8678126530
-17.9910334117
-16.5327167007
-16.7104064678
-18.8028387859
-19.6599300613
-19.7879051020
-18.5442063130
-16.8703681667
-17.2908977551
-19.0053159832
-19.7103671462
-19.7843954783
-18.5330547455
-16.8599053187
-17.5237537285
-19.6930080363
-19.8177207198
-19.7969594388
-19.9478887896
-19.8545672374
-18.5563352930
-16.8652040612
-17.5313257647
-19.5745417326
-20.8810732237
-21.5554659487
-20.8804699473
-19.6442332008
-18.6057250602
-18.5581982040
-20.2146719618
-21.2405966710
-21.3488719850
-21.6469906097
-20.8968309291
-19.6469803132
-18.6083401248
-18.5544646168
-19.7730820855
-21.1790132008
-20.7830251408
-19.6101829903
-18.5819603374
-18.5360633654
-20.2221300733
-21.1986896183
-21.3289703099
-21.6359141295
-20.8820622884
-19.6338078969
-18.5932724335
-18.5483269825
-20.2020963496
-20.8299059943
-20.7967943608
-20.2241470430
-19.2923982840
-18.6393493533
-19.6722648774
-20.9189489362
-21.8132504406
-21.1635985604
-20.8717586761
-20.2460372035
-19.3001204918
-18.6326213877
-19.6582561582
-20.9073818075
-21.0809340483
-20.2653239507
-19.2823768908
-18.6185453496
-19.6586730150
-20.8917911045
-21.8202722762
-21.1197379769
-20.8702530723
-20.2369919286
-19.2858916928
-18.6313099716
-19.6466307726
-20.8964516153
-21.8106625624
-19.0318601755
-17.2770586277
-17.0026049994
-18.2916713365
-20.6758631672
-21.7163157049
-22.5833014156
-21.9295677229
-18.6006981762
-17.1902721396
-16.9767352777
-18.2697980043
-20.6724894752
-21.7010680677
-22.5735013978
-19.2966134500
-17.3748426274
-18.4034485180
-20.7086615117
-21.7028455346
-22.5706546026
-21.8864670622
-18.5742005817
-17.1805989894
-16.9629790016
-18.2592587762
-20.6510304123
-21.6864573670
-22.5508176578
-21.8805999972
-17.0578488787
-16.8410030594
-18.8475253195
-19.6740306961
-19.7911441571
-18.5543260948
-16.8720368888
-17.5306098584
-16.2364648192
-16.6040963188
-18.7548743594
-19.6357679013
-19.7767729538
-18.5483671136
-16.8679861276
-17.3347635232
-19.0209028034
-19.7155687943
-19.7885808760
-18.5473469794
-16.8471691768
-17.5359357871
-16.2102714504
-16.6052277875
-18.7321466006
-19.6244415652
-19.7628755692
-18.5442956393
-16.8519474955
-17.5312636246
