-31.0348718066
-32.3156016886
-31.9808308595
-31.0227208246
-30.5419931893
-30.3132942361
-29.9656797966
-31.0304935149
-32.0518621949
-32.5831796279
-32.0278385650
-31.0140134401
-30.5214066845
-30.3000778087
-29.9535275187
-30.4380379390
-31.3916920336
-30.8467141085
-30.4556417217
-30.2636908829
-29.9204806242
-31.0177897433
-32.9613462609
-33.4619573987
-32.2257406035
-31.0408955156
-30.5096039452
-30.2876782650
-29.9246284775
-30.9659778277
-31.8201326274
-31.6283798685
-32.0340862376
-30.8297149002
-30.0491702314
-30.8516335326
-31.6173448189
-32.0486386765
-31.9599362450
-31.6575248795
-32.0409553100
-30.8279620309
-30.0430804993
-30.4542422721
-31.4896857093
-31.5220477660
-32.0111435878
-30.8106495340
-30.0215748383
-30.8267477085
-31.5768359335
-32.2204884696
-33.1089575208
-32.7572107971
-32.3397793744
-30.8815151644
-30.0420487143
-30.4374489039
-31.4648296612
-32.1974694394
-30.9456670687
-30.3263980344
-30.3316903016
-30.0111055216
-31.2832510480
-32.3977949424
-31.0760784736
-31.1319657453
-30.3188829609
-30.1779750557
-30.2728332485
-30.0718669113
-31.3146162742
-32.4088584727
-31.0895680583
-30.5130773198
-30.3384337994
-29.9779770681
-31.2609116746
-32.3859831415
-31.0556965140
-31.1803845515
-32.7142253703
-32.1812521635
-30.7171480700
-30.1654564101
-31.3354280363
-32.4110890440
-31.0782520832
-31.1913121507
-31.4658575626
-30.8147443106
-30.7289080888
-30.1608942887
-30.9107495022
-31.2735157649
-29.6869709825
-30.2646035638
-31.1026615021
-30.6724499041
-30.6969111042
-30.1571930677
-30.9095999100
-31.2741164528
-29.6888468375
-29.5649057712
-30.3835798934
-30.0517529295
-30.8734796695
-31.2571664402
-29.6798054494
-30.1585497927
-31.9091146897
-31.3765389063
-30.8528452674
-30.1845632027
-30.9150656514
-31.2708657477
-29.6870421848
-30.1698761247
-31.4742335327
-32.4150284677
-31.9946233768
-31.0168446994
-30.5196576991
-30.3012998978
-29.9432562741
-31.0125466709
-32.0632377206
-32.5865105972
-32.0387972341
-31.0211945079
-30.5163383809
-30.2989761161
-29.9423772502
-30.8655257322
-31.5239896446
-30.8711390601
-30.4473045886
-30.2625477636
-29.9100009512
-30.9493165077
-31.9558906648
-32.5071732013
-31.9967244895
-30.9943253783
-30.4960470417
-30.2753395669
-29.9222710365
-31.0224424849
-31.8184444874
-31.6149576026
-32.0238693664
-30.8211913468
-30.0305812723
-30.4461718237
-31.4733143768
-32.1886740237
-32.0847369071
-31.6808131841
-32.0469324127
-30.8336245495
-30.0416240902
-30.8523106010
-31.5990160727
-31.5456972601
-32.0183751441
-30.8084539163
-30.0109527609
-30.4277058506
-31.4435984534
-32.1816897328
-32.0335386274
-31.8580419845
-32.1000855172
-30.8316399492
-30.0264178841
-30.8368312378
-31.5714375105
-32.2156052920
-30.9587514477
-30.3298584625
-30.3244936986
-30.1038069348
-31.3287725706
-32.4126736170
-31.0882993641
-31.0344420035
-30.2563454003
-30.1706010944
-30.2758159745
-29.9918873938
-31.2740154724
-32.3944575002
-31.0705208165
-30.5061668204
-30.3275955264
-30.0592718851
-31.2989103587
-32.3920922919
-31.0555450474
-31.1853441100
-30.2385577903
-30.1654007428
-30.2514428057
-29.9548156317
-31.2549060907
-32.3797082841
-31.0587776281
-31.1800272460
-31.4634574005
-30.7601917565
-30.7221555289
-30.1644777025
-30.9043335346
-31.2751094001
-29.6887782244
-30.1566584028
-30.9903510003
-30.6981370771
-30.6987442378
-30.1537546474
-30.9050028354
-31.2725525930
-29.6836892072
-29.5257820898
-30.3707414850
-30.0638624862
-30.8684217225
-31.2623978616
-29.6845526960
-30.1691433891
-31.0058290691
-30.7115761731
-30.6914764327
-30.1335306265
-30.9017624871
-31.2697640551
-29.6878810764
-30.1650395519
