-28.6364300188
-32.1689717159
-29.5922448292
-30.6441683792
-29.2209200469
-31.5747542333
-28.0942910721
-29.0994348048
-28.8260570889
-31.6741732441
-28.6770670743
-30.2412323975
-28.7684415415
-32.3836023825
-27.9128975622
-27.6537719272
-30.7530197398
-25.7975944439
-26.3751196575
-24.0636387319
-26.7468432148
-22.5359583874
-23.4875051502
-20.9943637624
-23.4321136895
-21.8596069780
-24.3674975065
-22.6196792844
-25.3826174533
-29.2148471247
-29.3634940870
-32.0599158003
-23.6897402237
-23.7227172293
-25.3547100698
-27.5035624039
-21.4272695334
-22.9788259787
-20.5951262875
-23.3545977542
-19.1813667804
-22.3740289474
-20.5133705669
-24.4740898396
-28.3403193612
-26.1946789413
-28.7110887900
-25.4663266891
-28.8934182593
-22.0605332374
-24.0466304522
-23.1004316460
-23.8191794248
-21.2864302001
-23.7718804264
-22.8832143194
-25.1996380526
-22.9959598363
-25.9897886989
-28.6402011419
-26.0107389826
-29.4808793610
-32.4373030987
-31.6774056803
-21.0626674244
-23.9040486103
-24.2740685273
-26.0538706916
-20.1047395697
-23.6611246867
-24.4484052684
-26.7107152006
-24.3406724020
-27.9796619391
-27.0120650369
-26.5240980239
-28.8605189565
-22.2701733584
-24.7517578697
-21.7460225718
-25.1617481187
-22.6421545952
-23.6150671949
-21.0865629037
-23.9015008647
-25.4749719435
-26.8616056742
-23.0733942127
-26.9585494519
-25.2726799108
-24.9610018362
-27.8930554410
-24.4991789399
-26.5652619710
-22.7096776257
-25.2502563883
-22.0348784290
-22.6677718592
-20.5238049383
-24.5902232851
-24.1800530981
-24.8267674927
-26.1896378398
-30.3974863186
-26.8191121819
-22.2891895385
-26.2713650454
-24.7554707455
-27.2563107028
-23.9242907654
-25.1065754529
-23.1924676640
-24.4872946316
-22.9541861273
-25.1945853041
-25.6304918625
-29.3206445711
-31.9613149633
-30.0586815506
-25.6419217668
-22.0361561782
-25.5355611499
-24.5555050813
-26.0348040301
-22.9746250491
-24.8271959974
-24.0731435782
-26.5791451274
-27.4442276528
-30.7044106327
-27.4809395161
-30.3659566719
-27.0975996506
-30.5034429972
-27.5356241249
-23.7237490079
-26.5223762259
-22.4108055418
-24.5455807835
-22.4493311538
-26.0491739458
-26.6807753108
-29.4273029297
-26.4792639251
-28.8833360359
-25.9868098421
-28.9603742589
-28.8418549227
-33.1058789800
-22.2665756956
-23.4267644598
-26.7993101937
-22.1810915797
-24.8099197371
-21.3960415261
-24.9413292917
-26.2485505647
-28.9862595065
-29.4548128864
-31.5941471283
-27.6594344508
-30.6027791653
-29.7672560203
-28.8235481832
-24.5982523185
-24.3243062399
-27.1815742695
-23.1502188386
-24.9040452113
-25.0532540448
-28.2730449102
-26.1804048443
-28.8032283574
-29.8963482422
-33.0938678180
-28.2976019134
-31.3948935251
-24.0588603966
-25.0254916372
-24.9706024800
-24.2404649483
-27.0837799399
-25.7281619042
-29.1887547534
-30.4313255092
-33.1995474397
-31.1539193194
-33.6219837149
-31.6983470484
-33.9647356557
-32.2185284540
-29.8745499874
-27.7117900944
-30.8772792618
-29.5906330645
-22.8127227518
-24.7812964086
-26.7742210630
-30.7759274146
-26.4340012650
-29.4236845210
-26.9438674694
-28.9894635595
-28.0925796003
-30.4776807124
-25.8019428784
-28.5039847731
-24.1657426900
-27.6606435542
-22.4393601709
-22.7791878314
-27.5249450670
-31.4038028650
-35.4240975127
-35.4864331154
-39.1363061474
-32.7268346210
-33.4096548258
-33.4658269051
-31.1167595320
-28.6272203287
-32.1195224105
-30.2515670760
-32.9279083955
-26.5014699438
-29.3478489979
-33.6700697947
-32.5900978780
-36.1882176314
-39.7828389631
-38.9819177470
-33.0076056823
-35.2598754426
-29.3438914240
-30.0960808374
-30.1208773335
-33.2907535872
-35.7849606630
-36.3449608897
-27.6875670962
