-34.4274633147
-28.8080701116
-31.1442215840
-31.4663417365
-32.8268659820
-37.0326162775
-34.0149798253
-34.3098359657
-32.8845307153
-35.8347219616
-38.1063222591
-32.7276541006
-34.7197108594
-30.9964601456
-32.0534519443
-31.8213896697
-29.6441939793
-32.3961805834
-33.4612855073
-34.0067436756
-36.1103755031
-34.4710533162
-35.5698950568
-33.1482753817
-36.3862270923
-37.8945099417
-34.2496209010
-36.3632106631
-32.4355942531
-31.5695720115
-34.7118112960
-36.1259869145
-38.1887886557
-41.7425513368
-42.3693403860
-45.2233442903
-42.2446782863
-42.6575914673
-42.0763679499
-44.5454657963
-47.0704985846
-43.4810525957
-45.4278175588
-40.4106792706
-38.0917413472
-39.5058714803
-36.5028174858
-38.0111728127
-39.6335202008
-42.4681042987
-46.4105125912
-44.2839298004
-44.2375668185
-42.8068908165
-44.5975249582
-46.9979616862
-45.3432746747
-44.5888641837
-40.6570647726
-40.0726345316
-37.4323856134
-30.2965099232
-32.6447837790
-34.9959909882
-35.4430632067
-38.6987116500
-35.3341807798
-35.2175709795
-34.2909233660
-36.9544505003
-37.5272800313
-33.4345510150
-35.0354784390
-30.1337390490
-31.1927206592
-33.1902277289
-29.4286764890
-32.6206980019
-35.0616070640
-37.0466677159
-39.3167428886
-35.5637651931
-34.9946433245
-34.3552267333
-37.7149340851
-34.8044777462
-33.8092455589
-34.3887513230
-29.7449192322
-31.5321053963
-30.7855708150
-29.6495432072
-33.5974202436
-35.0191084036
-37.2567893095
-40.6389418510
-34.0280007644
-34.1614958627
-34.2835934220
-37.3671371964
-35.9875607516
-33.2495404697
-35.0429404301
-29.7104547657
-31.3270455901
-32.9006392472
-30.1258576111
-33.4135191599
-35.2100248371
-35.3730041135
-38.9757309391
-34.2889245205
-35.8212142618
-32.7012911606
-34.6477461372
-32.3853073640
-31.4823829498
-33.8813488023
-29.3982317109
-29.0373632939
-31.0454899978
-30.3811900841
-33.6859116585
-36.1747500679
-37.5225612651
-40.3854102531
-34.7231492789
-35.3422369856
-34.7719228000
-37.0393934417
-35.1273797818
-35.2598249606
-38.6487600697
-31.4641849436
-31.2085469693
-32.4271354315
-31.7164220572
-34.8270837889
-35.2011167900
-36.7523164939
-38.4655542126
-34.3240932395
-35.7731035760
-33.4961344593
-36.0361931511
-35.8844029914
-35.0522899299
-38.1867134265
-31.7050115691
-30.9680051500
-33.3694579460
-32.3319212337
-34.0356996687
-34.2065811067
-35.7103744294
-38.4950513420
-33.3337118423
-33.1580469146
-33.0580712350
-36.1914217329
-38.1743889715
-35.7604308725
-38.3043692440
-32.3039206309
-32.5954600665
-34.7115251983
-33.4837141961
-35.0503791153
-33.8070188702
-35.1882084738
-39.4469937235
-33.5915001131
-33.2388446012
-33.4965034175
-36.2842849530
-38.9343857686
-35.1727368761
-37.9913941127
-32.7995476270
-33.5514313931
-35.8417347416
-34.5084344767
-36.0752585716
-32.7733283854
-34.5713746424
-38.2179608404
-34.2921959396
-34.2806314093
-34.0120916084
-37.1418430563
-36.9878922373
-36.0423502055
-38.6216630983
-34.3093686149
-35.3013746780
-36.6302590797
-31.2961865458
-33.6056706464
-32.4863769732
-34.6193817631
-38.0534487958
-35.3680587950
-35.1288141852
-33.4538261031
-36.6732289587
-39.1789536877
-35.9667140362
-35.7826123101
-34.4902520182
-35.6544094874
-37.2939452200
-32.9098036178
-34.6217430884
-38.2149768210
-34.2829344734
-37.4075528582
-35.2130645232
-37.6214106350
-37.1074446277
-36.0003810333
-38.5736624562
-34.3215273638
-35.2961329005
-38.2057813797
-38.0483804928
-38.6918827172
-33.2349893226
-34.8954392178
-38.2417410853
-35.4205969652
-38.8866841671
-34.5174965737
-37.1497335547
-39.3663811874
-36.0193363534
-35.8131619423
-34.5131713636
-35.6887302475
-39.1785355309
-38.4319428865
