-23.2861982898
-17.8305150479
-15.8557981258
-19.2558857589
-18.3899239760
-16.6931302140
-18.6812175703
-16.8212088333
-20.0645323047
-19.1361455891
-18.1186110253
-21.6878658652
-19.8917516395
-19.6561446911
-22.3467351940
-22.0148382335
-18.1981996057
-16.1091279951
-19.2260028228
-18.8415559823
-17.7787095868
-20.3272064674
-17.2750973251
-19.8836125687
-19.7762356997
-19.5962144040
-23.0721501121
-19.0859234024
-19.1892443457
-19.5243053080
-20.1974746732
-20.3916212038
-15.8588533482
-19.1483211635
-17.6670178428
-17.2373135266
-20.2650948026
-17.5408073154
-19.8858547954
-20.6512258963
-18.5373165237
-22.2356985220
-18.9270297519
-17.5835662119
-19.5006040163
-22.2308503008
-19.8789896066
-15.0350846205
-18.7702087217
-17.0897267826
-16.9589942638
-19.6559129554
-16.7037276951
-19.5775697612
-18.6191874633
-16.7035568134
-20.6195227582
-16.9764854079
-16.3668788786
-18.2569375806
-21.8583810000
-20.1006668062
-19.5243014237
-23.1981858411
-18.8163918064
-18.5619589762
-21.3684784896
-21.1412617671
-22.9363998063
-20.1338211626
-18.7697543361
-21.4462533489
-17.0562164091
-17.9801964305
-22.0325403979
-23.6477244362
-19.6763337610
-17.5487521936
-21.5649669015
-18.7600682380
-18.3427919688
-21.2968982241
-19.5613641343
-21.2801281547
-19.4144920188
-17.8531521889
-20.7193832685
-16.9806358629
-17.1613368352
-20.4732254411
-24.0188136837
-20.5082815543
-18.0007531692
-21.6576437462
-18.8255471239
-19.6589591215
-22.2650480985
-18.8696575644
-21.3089857741
-18.5930562271
-17.2567439759
-20.4956709829
-16.2321732640
-17.9196434437
-21.6204813606
-24.2736879242
-21.1030908892
-19.2736280745
-22.8281646233
-21.9199256423
-20.9689549217
-22.9758795093
-20.3594973349
-20.6915885072
-18.6434130562
-17.8086935038
-21.7416119081
-20.7101567560
-18.4440778206
-21.1452801583
-23.8120734507
-20.9343273244
-18.1852770472
-21.5022001842
-19.6514388675
-18.6785766161
-21.0431049383
-17.2960514994
-19.3531337982
-17.5994935095
-16.0262395053
-19.8550863515
-17.6438227383
-17.7765683414
-21.0934397455
-22.6369620143
-20.1316009474
-20.0381473502
-24.1162895393
-18.6319689107
-19.1079223123
-22.0370183781
-17.2607235291
-19.6750042169
-18.1810204464
-17.2329857247
-21.2752643814
-18.1601374715
-18.0478113880
-20.3596617485
-23.5000432213
-22.3962362902
-20.3187735362
-24.1704200686
-19.3030488414
-18.3702359049
-20.6624111177
-17.4624485842
-19.4881475071
-19.5416191062
-17.6705494778
-21.4532570536
-19.3286389322
-18.8521651178
-21.4477796673
-24.3646882667
-20.3605718436
-17.9239168758
-21.7993569275
-19.4614686658
-18.3749818603
-20.4748669875
-16.6416613331
-19.0888284496
-18.4338169289
-17.2304444525
-21.0394050024
-18.9701446573
-18.9228443573
-21.9677580115
-24.9451548051
-22.8789266534
-21.1013923943
-23.8950823093
-20.1202992064
-19.1382674170
-21.7480123506
-21.0756145896
-22.4724149237
-20.7591516731
-19.5536471093
-22.6780379332
-20.9798669870
-20.5292668013
-23.8449132112
-25.3351760572
-22.6886056475
-19.7266362047
-22.3663675890
-18.5878222201
-17.3147323872
-20.1966772092
-19.1108170011
-21.0725956119
-20.2365323495
-18.0540590603
-21.7009877901
-20.6158590902
-18.7965768713
-21.6614679588
-26.1582933158
-21.9484259474
-17.7500772160
-21.2172785692
-17.3761035498
-17.5785225051
-19.8804589621
-18.0728499802
-20.5158199271
-19.7844356081
-17.0621857514
-20.8261555633
-18.8383855368
-20.0594730702
-23.6892081542
-23.8774526380
-20.9353604009
-17.3351959141
-21.1016059864
-19.5092013648
-17.7147647838
-20.3628554917
-19.0505540069
-21.0927833915
-20.0441335161
-18.0599792048
-21.5453746379
-21.3103580414
-20.9251279966
-24.5373744034
