-22.8397485833
-21.9138876883
-24.8665552984
-25.8653077793
-26.6170855639
-19.5642342301
-22.4084079854
-26.9105423231
-29.1476024652
-23.1433186997
-25.8500692015
-24.8732845642
-27.7356661495
-25.5589595112
-27.6854245630
-25.1765905553
-28.0515049994
-28.4331580109
-23.7508071579
-25.1147015739
-23.7774031353
-26.9694433962
-30.0627167712
-30.5528262830
-24.9060440625
-27.7313072768
-27.8390440226
-31.1622875235
-30.4667466755
-23.1829252685
-25.7067494550
-23.4788534331
-24.0167384607
-23.4008222562
-25.5822439375
-23.2448427416
-26.1636192462
-30.1429448475
-30.0852606951
-23.3778549966
-26.8125745204
-28.5786785382
-33.2082146836
-24.4075571816
-24.3715055575
-24.8673333461
-27.4828632648
-25.9579975514
-23.1141490863
-26.9074832136
-25.6618312071
-27.3269239124
-29.8529679656
-31.4463119032
-25.0239705017
-28.8019764842
-29.7238679759
-27.9588812608
-30.4348817297
-26.6732705910
-22.8742583706
-22.4986833717
-24.8961922634
-26.8912335791
-29.6774104648
-24.2010370396
-26.2043236153
-29.8646891407
-32.6481574630
-22.4247728507
-26.3385683028
-27.1870516669
-26.4767071213
-22.2717436900
-23.5623011631
-23.0107763751
-26.3660458981
-29.8881366832
-28.6722667521
-30.4446675158
-26.0158047039
-28.7195540869
-30.2974472095
-31.6320422415
-25.8004321828
-27.8562050536
-24.5567220022
-24.3837225716
-27.5203454229
-25.3202054666
-24.9233086653
-26.9004795093
-29.9098339447
-27.7713682467
-29.5968678025
-24.9064932854
-27.7426478512
-30.4254895204
-32.2028290207
-21.4021713873
-24.2441027420
-24.4321090249
-27.3804912980
-25.7991492483
-23.6380577649
-26.6796839720
-29.3972737191
-33.0818618247
-28.4406381309
-30.7796662077
-26.4091711545
-29.4849909726
-32.0009564889
-29.1741492459
-25.0658296480
-25.9343014504
-24.0385030471
-27.4278614903
-30.1773691792
-24.8793484002
-28.2885333322
-31.2328541103
-34.9542703520
-31.5404878361
-31.3572897087
-26.8342860316
-28.7577288419
-31.8599346607
-31.7451489140
-24.2092084688
-28.0440209909
-27.7579058460
-31.3142628431
-28.3011659108
-28.9815316871
-30.3239655046
-29.8635110748
-33.7478757078
-28.8554170018
-31.3961156278
-25.6188159936
-26.6122800600
-30.2591870110
-28.7388809638
-24.5913262884
-27.2443487453
-28.3030301172
-31.2644963753
-28.8904601503
-30.8196093587
-30.4064332122
-28.9771948240
-32.1024766103
-29.0280888797
-32.2866871071
-23.2055559289
-26.0394852689
-30.6476702230
-29.5436771437
-24.1572411895
-27.6236236053
-27.7715378376
-31.3977312668
-33.8254434037
-31.2535247616
-30.6337184810
-29.1985599578
-32.0726571208
-31.2386072513
-30.8876799816
-23.7455550210
-25.8936294351
-29.9798606805
-27.8631492063
-23.8609285437
-27.3123559359
-28.2128155978
-30.9948574427
-32.1579560820
-31.7047746687
-30.8926861394
-26.8598049107
-29.8667410605
-25.2618053906
-27.9893519264
-22.6434284679
-25.9160438934
-30.4041612085
-30.6253023787
-23.4100811333
-26.8808950065
-27.9164783930
-31.8992098029
-29.1630235719
-29.4864227934
-29.4905939483
-26.4721903136
-28.9086089495
-28.1659541706
-30.1032878011
-23.5204368389
-26.0956405285
-29.4811654757
-29.3118103369
-24.1386936572
-26.7715128469
-27.5666799578
-30.5332120088
-28.0163544016
-28.9122674542
-32.7501630627
-26.3850543067
-29.7097440319
-27.3161231819
-30.3289988480
-22.5069402371
-24.9458215112
-28.5300771898
-29.9369930648
-24.4710553488
-27.8877554020
-27.8913931989
-30.5369676026
-26.2613850901
-27.2112772563
-29.5540972708
-28.3257967071
-32.3025393052
-29.7064027126
-31.8632539809
-24.7655840553
-26.5518915013
-30.4382088207
-34.2631855592
-25.1755380518
-27.7123920797
-28.7275598120
-31.0110358887
-28.0672290447
-30.8329293508
