-31.4640231239
-32.7083686610
-34.6707081989
-29.4748660146
-27.8781806545
-26.3982396727
-28.4947492292
-29.9284306717
-31.6918974175
-29.9962747396
-29.4391263913
-30.5586959333
-33.4728914625
-33.4929368298
-33.3098953494
-32.8183385318
-30.7390964706
-31.4910061737
-28.8769627902
-26.0006476918
-25.9018979597
-28.9097442908
-29.6687755636
-31.2004428477
-29.2576448535
-27.1050448219
-28.3712806871
-31.6276574719
-32.3288582382
-31.5178053948
-32.9364940954
-30.3345383883
-32.6204287335
-30.4481357013
-27.8348146120
-28.1348530418
-30.9869319909
-31.5767258848
-32.8025730756
-30.8512645708
-27.6717006576
-28.7462445684
-32.7196794440
-33.7346761202
-33.8635120014
-34.7344587715
-30.8618219133
-32.3317490443
-32.1344826405
-29.0724530452
-27.8131302962
-30.0318745525
-30.8013621655
-32.2830596726
-28.0854632811
-26.5973858491
-28.4046706487
-30.3372000511
-31.0289736602
-31.3594011741
-31.1163646900
-27.9333041198
-29.8945138045
-31.3268863542
-27.8664076849
-27.2756880895
-30.3654116618
-28.8678126672
-31.6426953863
-27.6972959090
-26.3398421916
-26.5620138723
-30.4119041230
-31.4044061562
-33.4652922389
-31.6844755663
-30.2285014440
-32.5456676904
-33.2650599381
-29.2456220370
-28.2940625192
-30.7112719295
-29.8231355157
-31.6029826612
-29.2932563215
-25.0925512021
-25.7910684425
-29.5743445846
-31.3180378504
-30.6422459140
-32.4982755129
-31.9638445985
-34.9844134915
-34.6380302498
-30.3247668492
-29.0329202755
-31.2908878014
-30.1252128943
-31.4756808622
-29.6494849428
-24.8466031398
-25.7433836561
-30.2962199221
-28.4684885534
-29.0367121131
-32.9187414279
-31.3012173028
-33.0380789330
-33.3351837642
-29.3172825476
-27.3164196459
-29.3263394620
-30.0626300273
-29.7832389761
-26.2647665445
-24.8861436888
-27.0647508248
-30.5118306162
-30.0010517637
-31.6355311513
-35.5275103182
-35.2005963694
-36.3954523196
-33.1977181971
-28.0432766117
-27.8450211262
-29.9879997488
-29.7045941804
-32.1739248006
-30.6904303990
-27.6296991090
-28.2945518677
-33.0130325809
-33.0001812323
-34.7811052809
-35.6376937980
-34.1093849007
-35.3930766544
-32.5351453055
-28.6031967034
-28.0620623534
-29.6934866271
-29.7511707895
-31.1993100951
-28.9401282286
-25.6066209951
-27.5592425533
-32.5111799253
-31.8178619086
-32.9910220307
-36.2761976770
-33.9637465903
-34.7958467349
-31.2343959568
-29.3806823067
-28.6270261497
-30.3479334641
-31.0062226203
-32.4993215351
-30.0476918056
-27.4923707200
-29.2271094548
-33.9597657310
-35.1830340162
-35.5213791606
-34.5055682668
-33.2825252160
-34.5279555273
-31.2958020482
-28.3560602443
-27.4588746003
-29.3472677431
-30.4270818597
-32.3033665498
-30.2059134993
-28.2677539435
-30.1478150783
-34.3357341320
-36.6267287218
-35.9368078047
-31.2985478677
-30.8143895794
-33.4232156055
-32.6907648816
-27.9250666695
-27.3157697683
-30.0699392651
-28.2416952239
-31.2612793250
-29.8336643869
-28.1742861297
-29.6933390428
-33.2941855457
-34.6031398887
-37.2061140439
-33.8021771199
-30.9320816855
-30.8936234206
-31.3822143610
-26.8091283378
-25.1344699049
-27.5994122559
-28.8921780646
-30.9164391941
-28.6995928553
-26.5841525882
-27.8512636186
-31.9130838673
-33.8920653566
-30.1203271369
-30.7386148914
-30.9761247940
-33.1622931527
-32.9723877696
-27.2107814227
-25.1597725910
-27.8291585533
-29.2555942291
-31.2828561835
-29.5793895896
-28.1251462338
-28.9208078314
-32.8146217688
-32.3325296762
-32.2894122103
-31.1744566420
-31.0338193006
-32.8973212092
-33.0855669225
-27.4846329745
-26.6081438589
-29.2460699586
-30.4931821148
-31.0889841948
-29.8696344618
-29.2492766567
-30.1133143677
-30.9799658289
-29.1150915276
-30.1859535839
