-31.9907059555
-27.7997649880
-27.8860193735
-30.3758188432
-29.9459373592
-30.1760267017
-32.2299933170
-28.2264980742
-29.6427647546
-30.1539734318
-29.8073364038
-28.7066030546
-28.3554142420
-27.5895876567
-29.0066259385
-30.0385416771
-27.2986812294
-28.3776241618
-31.3168688497
-29.6699911918
-30.7083474720
-31.5250952203
-28.3841281601
-29.4985647135
-30.0352443688
-30.5181585667
-29.3965552227
-28.5540671669
-26.8614244415
-28.4164008918
-32.8982442549
-35.9909965838
-39.1505880227
-41.5848954374
-39.4347042303
-37.7996452997
-39.7767052360
-37.8912488784
-39.3922845461
-37.7529055841
-37.8115995044
-39.4239229232
-39.1857968666
-36.5947201167
-38.5986816200
-40.9638879936
-38.2823600033
-39.6866577528
-43.7584382059
-39.3247628474
-38.1729325728
-40.2300962527
-38.6056775617
-39.5228771558
-38.0559874824
-37.5388821071
-39.5322862003
-39.9300812525
-36.0178928936
-37.1299846621
-37.0127314528
-31.9578364151
-30.3488694553
-30.8795499828
-29.1728041708
-28.7075934147
-31.3728079054
-29.6608268098
-31.1670697322
-29.3196594096
-28.3218870573
-29.9419137810
-30.8369594020
-28.6496114971
-30.5872156601
-31.5570598388
-30.5546063370
-28.8347631822
-29.8119062912
-31.0252633905
-30.7133109175
-32.0560954870
-29.2214378791
-30.6919567209
-29.8728269156
-29.3894738404
-31.4719408170
-32.5518467660
-29.2250912015
-31.6377604236
-31.4507445655
-29.0413337886
-28.2984900062
-28.8265762211
-30.3683348488
-29.7882451440
-30.9893826483
-29.1336610698
-30.9139445391
-30.6422523927
-29.4241596819
-30.5277359144
-32.0233800119
-30.3720451288
-30.7878997745
-29.5762696461
-28.4258656146
-28.4755181660
-29.2894994425
-30.3228120301
-30.4469317481
-31.3564883597
-28.7305257080
-30.6306684357
-31.4922062678
-29.0854196193
-31.9314786509
-31.6980454129
-30.2266152362
-29.8465908385
-32.4200100287
-32.9339696535
-31.4003942368
-30.0404071769
-31.5505752500
-30.9125373263
-31.8136661702
-30.9152404214
-33.1064084748
-34.5762526457
-31.8039515933
-31.0991661191
-31.6111243319
-33.7121671597
-33.9517043634
-35.7652208420
-33.8045216117
-31.0257643928
-29.2454653955
-31.3927199294
-31.8257355939
-33.6210347942
-31.4656491284
-33.4577163268
-35.1378529798
-33.4907696943
-30.9618571633
-31.0324858852
-33.4115475193
-35.4896203861
-38.2727554705
-36.3776284608
-31.6536553548
-30.9533297222
-32.8447209014
-33.3703097830
-35.8773293696
-31.7935495939
-33.8402405218
-34.3272364944
-35.2926375242
-31.0577018250
-31.1029022936
-32.2256331510
-34.7162349006
-35.9018798908
-36.4891919563
-32.2709708331
-30.8459205222
-32.9599170278
-34.0843955160
-35.1625187164
-31.7101886251
-34.2373158538
-35.0319830600
-35.4283295209
-31.3621146259
-30.7591237206
-32.8616553825
-35.4345862560
-37.2281168346
-38.8324151411
-31.7374797829
-30.0517270344
-33.2379811034
-33.4480276538
-35.2416696858
-32.9853905947
-34.4723893258
-34.4009048950
-35.7353599243
-32.8983970180
-31.2013892028
-34.0010927944
-37.0418324313
-36.5685914948
-33.6124529819
-32.7473059131
-30.9268955742
-32.5951894957
-33.7678032803
-36.2525973824
-32.8760175158
-34.4874039291
-35.7514581078
-33.9543621414
-30.5928496974
-30.0413159776
-31.9051066455
-34.5484578802
-31.2436859088
-29.9204974499
-33.2075686944
-33.4723632768
-35.2849955847
-39.7130944683
-38.4529449377
-35.0670158413
-35.9937242669
-32.9413604363
-31.2477068956
-34.0733526862
-37.0201662471
-36.2661219235
-37.6889051528
-34.3550597245
-31.1298050779
-32.6817079590
-33.8209020091
-36.2903060725
-40.9776287078
-39.0733012598
-36.7422109618
-34.0645223252
-30.6042834798
-30.0808060260
-31.9649061540
-34.5350343215
-36.6456724199
-36.8978926503
