-27.9976411671
-27.3812667566
-27.2784999286
-27.5213034234
-25.7888702340
-25.6691883402
-25.7152523040
-27.5998226449
-28.4646876572
-27.5370365243
-27.3454080181
-27.5407442216
-25.8057322179
-25.6842314308
-25.7252426249
-26.3001359402
-27.0613253544
-27.4666731879
-25.8126207107
-25.7000383271
-25.7363566467
-27.5374313676
-30.7989555386
-29.1216861440
-27.6988015208
-27.6428961206
-25.8399779040
-25.7055390234
-25.7407867203
-27.5357975999
-27.9049125592
-27.6000505021
-27.6869897195
-27.0884352823
-25.1375859722
-25.5154148130
-26.8780067924
-28.9247679708
-28.2229522047
-27.6807291025
-27.7160013920
-27.0970339228
-25.1356130230
-25.5794308021
-26.8897745800
-27.5648170482
-27.7008961623
-27.1002962796
-25.1365192333
-25.5153733863
-26.8965620943
-28.8267794656
-31.1880886322
-29.8903996230
-28.1646531155
-27.1957163325
-25.1547004008
-25.5793078163
-26.9041755551
-28.8294307776
-28.6735108502
-27.6882933693
-24.8371591349
-25.1401168874
-27.6528372437
-28.4660469733
-28.3073928730
-29.1921375173
-29.0923508339
-27.7612665934
-24.8432540465
-25.1699791055
-27.6588130530
-28.4583985595
-28.3123226563
-27.3017273950
-24.7878936598
-25.1328736781
-27.6719518063
-28.4722182648
-28.3188797345
-29.0940312058
-30.4563718688
-28.5921487085
-24.9522323069
-25.1941373773
-27.6852666234
-28.4772671502
-28.3098370514
-29.0959005878
-26.1145583165
-25.7451287617
-26.6473827613
-26.9863403433
-27.1658204582
-27.0174842013
-26.7609205492
-27.7932467493
-25.8767752187
-25.6704272602
-26.6194028730
-26.9753208269
-27.1624739533
-27.0101672010
-26.7609697435
-26.8011316856
-26.9880310726
-27.0888081231
-27.1776788664
-26.9996137356
-26.7526390823
-27.4628761673
-29.1277007979
-28.3702074792
-27.2949243433
-27.1601074491
-27.1965047364
-27.0209485136
-26.7589113517
-27.4695096260
-27.8481397866
-27.3748041830
-27.2913124465
-27.5187349647
-25.7951399146
-25.6829484959
-25.7172265478
-27.5268067002
-28.3824439048
-27.5321727647
-27.3470314291
-27.5483719225
-25.8072883103
-25.6900531845
-25.7277826029
-26.2095485732
-27.0363903324
-27.4716534603
-25.8188282510
-25.7176459926
-25.7362401339
-27.5379207209
-28.4074320037
-27.5589033769
-27.3601429965
-27.5511695228
-25.8257037977
-25.7067611128
-25.7390053699
-27.5436363184
-27.9018897009
-27.6089028813
-27.6988623679
-27.0932174831
-25.1401117098
-25.5712995068
-26.8788832275
-28.8091575619
-28.1398863898
-27.6681030052
-27.7111208027
-27.0947813431
-25.1411784487
-25.5151287096
-26.8825831541
-27.5613449684
-27.7043785988
-27.1056014933
-25.1321241134
-25.5676384173
-26.9009934626
-28.8180293591
-28.1397245670
-27.7119920600
-27.7280423365
-27.1061154439
-25.1357735516
-25.5143597252
-26.8912555861
-28.8268299545
-28.6710912690
-27.6842076558
-24.8414364475
-25.1551405595
-27.6573682950
-28.4595766326
-28.3101309223
-29.0335882824
-28.9533796214
-27.7384417476
-24.8453758732
-25.1328128324
-27.6636444479
-28.4661557186
-28.3078602186
-27.3007888201
-24.7872295372
-25.1550175739
-27.6645739607
-28.4779325673
-28.3148561612
-29.0934628826
-28.9544748412
-27.7150188029
-24.8392848455
-25.1382371483
-27.6722107234
-28.4754883890
-28.3146593842
-29.0903015037
-26.1154632321
-25.7218883524
-26.6399466591
-26.9751266390
-27.1735051209
-27.0133687123
-26.7594563724
-27.4586519332
-25.6911225115
-25.6429431969
-26.6287653193
-26.9758826771
-27.1686517179
-27.0167566440
-26.7590097402
-26.7631096937
-26.9550683228
-27.0776656210
-27.1789592119
-27.0081890736
-26.7529950934
-27.4602235604
-25.6914383908
-25.6272191542
-26.6273153830
-26.9813225278
-27.1532681520
-27.0062834429
-26.7522934278
-27.4625059156
