-25.4223327785
-23.5173376025
-25.1681343180
-25.6000315529
-22.4123033980
-23.3007157850
-23.6284195718
-24.0024876600
-23.3893146794
-25.1700878481
-24.3853679897
-25.2005637014
-28.4289816789
-26.7940282883
-24.8876674165
-24.4221329444
-22.8253981016
-24.2624470284
-25.7651611883
-22.2049676430
-22.7189623994
-23.8331324860
-23.7708900768
-23.3046099049
-25.1652163226
-23.9025676140
-24.3021494038
-26.3497638964
-25.8689895813
-24.6710028906
-24.2920348027
-24.2918354361
-27.5999715217
-28.3391464775
-23.8815733059
-24.7471167841
-24.8748341840
-24.7105745062
-24.6912062030
-26.2613941562
-23.8019497835
-23.9755576774
-26.8347676152
-25.0380827799
-24.7875454185
-24.6415834205
-24.9258033350
-26.9435633331
-27.0277489714
-24.2208299723
-25.5931093963
-25.0817271707
-24.5522284963
-24.7930435272
-26.6271289613
-23.7223508564
-24.1351089493
-25.9203199199
-22.5499787599
-22.7099546691
-24.9222341570
-26.1764835536
-27.1555220254
-26.9773856921
-24.3488736047
-26.4117642028
-25.2482575476
-24.8160664463
-23.7229114169
-25.5866545876
-24.6949889797
-23.5539756875
-25.7180201246
-24.8707225757
-24.8367875918
-23.9786620956
-22.9336125657
-25.2001494290
-26.0040149109
-24.8027788143
-26.4839244383
-25.9716269560
-25.2215916684
-23.8299633382
-25.8205901802
-24.2352503676
-23.3611988563
-25.0767041739
-23.1972524555
-23.4581400579
-26.7490362430
-26.2191738220
-27.6154884358
-28.6332893581
-25.6320583152
-26.7193966940
-25.8580568000
-24.5178870092
-23.8423253424
-25.0082218645
-22.4862954751
-23.5596446753
-25.9683749554
-25.4040739377
-25.6881190757
-27.1250151035
-26.5890966133
-27.7808692105
-28.9131387115
-25.7492248303
-26.1540910962
-24.5579065485
-24.5145676903
-23.7980323694
-25.0887101667
-23.6503796346
-23.4150057430
-25.7853839093
-26.7186639630
-26.7763494249
-24.9871201098
-26.5004485324
-29.5557543418
-27.5177148275
-23.1858963451
-24.6126390564
-26.7946522829
-25.0614189973
-23.4246724181
-24.8096491805
-23.3232661836
-23.6193781789
-26.6804840282
-25.6479881982
-26.2172772536
-26.7870375274
-27.4265423153
-29.2680986335
-29.0942163263
-23.2716393752
-25.1892412404
-23.6167255675
-22.2312917641
-22.3948860394
-24.6890804870
-23.4018164978
-23.8436794783
-26.3540243763
-26.1496221852
-25.7026210293
-26.6476649824
-25.7990120259
-27.0662227733
-28.0678478567
-24.4370167958
-25.1356013693
-23.3673222458
-23.0113951896
-23.0450078264
-25.4455654111
-25.1971887165
-25.8352099451
-28.0449388649
-28.4635044081
-27.3036278451
-27.5985021718
-25.8656637847
-26.3936969660
-29.3132084757
-24.9121247265
-24.9901753339
-24.1708149315
-23.4319920087
-23.2519616729
-25.4717510108
-24.5130128898
-25.3970572788
-27.8679236469
-30.0413625821
-26.9094186257
-25.2191241867
-24.7978127822
-25.8285195242
-26.2820078527
-23.1654962554
-24.2980610958
-24.3553568950
-24.3345373605
-24.3183576235
-26.0412912194
-24.8437330443
-25.7802741827
-29.1396058054
-30.8818802381
-29.3018536757
-25.4500887035
-25.3527604275
-26.9318538019
-25.6699417887
-21.7712721826
-23.1154320154
-22.6771343193
-22.8429190330
-23.1065977656
-24.7338537517
-23.7299785627
-23.8110662631
-25.0119567456
-23.0059229710
-22.5589696673
-23.6301167739
-23.6072893364
-25.0136228781
-24.6537499403
-21.6093181450
-23.1082276376
-22.9799626339
-22.4730868160
-22.5765553268
-24.6907932228
-21.5667858032
-22.4919062094
-26.0620874500
-26.8026916571
-27.0437125119
-24.1790096581
-23.1656399589
-25.3430341967
-25.7630445393
-23.1940302333
-25.0775443582
-23.6101244764
-23.5652308198
-23.8941942325
-26.0623489569
-23.8282868450
-25.1460616239
-28.8790664900
-27.1805890890
-25.8051923801
