-28.4213371535
-29.2727138408
-29.2538776164
-28.9874000460
-28.3167747383
-28.0846269904
-27.9224930401
-29.5635153804
-29.8211276259
-29.6620981028
-29.3479564711
-29.0060640918
-28.3101335122
-28.0739854936
-27.9192229159
-28.4071963886
-29.0493589293
-28.9371014980
-28.2886498578
-28.0581255205
-27.9055585606
-29.4133149320
-31.9738724608
-31.4247324520
-29.7123137966
-29.0840564225
-28.3229667430
-28.0650606177
-27.9037590861
-29.4330042895
-28.5564194288
-28.4040363049
-29.5021792000
-28.9892694278
-26.7733187974
-27.3779085992
-28.4122582218
-29.8196621531
-28.5644057295
-28.3866085886
-29.4735080054
-28.9797399806
-26.7704137463
-27.1878051135
-28.3491005502
-28.7703251656
-29.5582088791
-28.9659655861
-26.7440922226
-27.3702019286
-28.4125805738
-29.7145508388
-31.7813481303
-31.1197461512
-30.1695563633
-29.1021922763
-26.7684757508
-27.1921859926
-28.3638743655
-29.6967192123
-29.6095909947
-28.2628215728
-25.6620318685
-26.1953689712
-28.9612610581
-30.0553376382
-29.5276216960
-29.8571468912
-29.8944969903
-28.2996978544
-25.6581623506
-26.1127873252
-28.9308551178
-30.0417354241
-29.5195667824
-27.9307576770
-25.5953555061
-26.1620489149
-28.9350702898
-30.0095740264
-29.4676927240
-29.7141145667
-30.9211411451
-29.0005815168
-25.7405549878
-26.1373313827
-28.9285753519
-30.0172897585
-29.4978695221
-29.7263147445
-27.1938728380
-26.9596679865
-28.5218863516
-28.8803261357
-28.2270806429
-27.5682399359
-27.2300500502
-28.1892864983
-26.8324632549
-26.8320554612
-28.4822577803
-28.8767466056
-28.2308116398
-27.5686063037
-27.2283865072
-27.5797772850
-28.6682172879
-28.8729236933
-28.2010400458
-27.5540681028
-27.2121083824
-27.8998869783
-29.4724645689
-29.1204148685
-29.1059012654
-29.0100850753
-28.2407657114
-27.5617890137
-27.2255021695
-27.9082914306
-28.6044382153
-29.3170339901
-29.2646537498
-28.9968531126
-28.3173081077
-28.0852341513
-27.9234134907
-29.4328049237
-29.6844452449
-29.6365701630
-29.3500187465
-29.0125564403
-28.3190713338
-28.0860989347
-27.9187335624
-28.6396367114
-29.1186386963
-28.9515257747
-28.2951849278
-28.0570212387
-27.9027855574
-29.4319116588
-29.7118736374
-29.6454833873
-29.3462036018
-29.0091918114
-28.3117258530
-28.0678012563
-27.9086655670
-29.4263734203
-28.5225698895
-28.3789433449
-29.4755832266
-28.9797878803
-26.7627096646
-27.1954742413
-28.3566790566
-29.6865787211
-28.4817140510
-28.3731889103
-29.4851074953
-28.9893082654
-26.7684407972
-27.3804524607
-28.4134958461
-28.7774738695
-29.5414634101
-28.9471694925
-26.7366185774
-27.1846890450
-28.3472648274
-29.6903873927
-28.4406044737
-28.4806602602
-29.4927714440
-28.9609387088
-26.7508654969
-27.3699015847
-28.4108277044
-29.7146815921
-29.5844100038
-28.2550061572
-25.6543912213
-26.1136844734
-28.9321820684
-30.0444346357
-29.5206982505
-29.6940510742
-29.7378210246
-28.2767085965
-25.6535497403
-26.1881322354
-28.9563869419
-30.0442611612
-29.5032446429
-27.9326244700
-25.5883634466
-26.0884711147
-28.8923191777
-30.0039076239
-29.4822827076
-29.7227455711
-29.7027131491
-28.2678782255
-25.6460178384
-26.1888118928
-28.9347854808
-30.0146539815
-29.4771224880
-29.7253463942
-27.1684005630
-26.9144972902
-28.5057092052
-28.8754416630
-28.2295597751
-27.5755867115
-27.2275838638
-27.9062446903
-26.6496094487
-26.8214838717
-28.4697973903
-28.8482462957
-28.2188781461
-27.5667938833
-27.2291710263
-27.5454293288
-28.6771175664
-28.8863045338
-28.1985984567
-27.5575958497
-27.2149305799
-27.9049941201
-26.6123590296
-26.7578044785
-28.4292185927
-28.8309985270
-28.1859632974
-27.5600633306
-27.2183858301
-27.9001963843
