-27.9199245745
-31.2215575535
-29.5657679643
-27.0715953056
-30.3475541452
-29.3684963716
-32.8664595850
-29.3875112482
-28.0063705599
-27.1954159876
-26.2028633314
-24.0221990284
-25.2659843196
-27.9674786053
-29.2655974951
-31.1489338751
-33.2032551448
-33.5028015775
-32.7612550801
-33.5290078766
-32.9876457704
-34.6477940348
-35.0188507732
-36.6012176298
-34.3612672632
-33.8512237907
-29.8689327946
-29.6842976598
-31.9628205740
-35.3927711282
-28.1076045888
-29.4895854638
-31.1121443425
-25.2324105202
-25.9009153703
-26.5997834223
-26.8655399300
-26.9945027059
-25.9645494522
-26.5632502038
-25.9838141891
-21.5082290813
-22.2015201631
-26.3796973032
-29.0843968956
-28.8547477039
-29.2914969901
-26.7427704504
-25.0164256586
-25.0518545962
-25.5509602663
-25.7157442462
-25.5111957577
-24.5709585667
-24.9886541973
-23.3842683805
-20.3500416794
-22.9462800846
-26.9599773883
-25.2897296170
-27.9670487952
-30.5479806468
-34.5952183150
-26.2167348150
-28.2294989200
-29.7571297714
-27.8661435898
-28.0379481009
-27.1643006098
-26.5110421348
-26.8403317500
-27.2944764170
-26.6146841069
-28.4950081547
-30.0254249336
-29.7657012216
-33.6219565314
-28.3299523229
-24.9072324942
-26.8882327242
-26.9766257690
-26.7349964623
-26.9248332630
-24.9483071234
-26.6437889893
-30.1436296822
-25.2666096007
-26.5671727966
-27.8047141932
-30.2522868671
-30.2695928984
-30.0541854558
-27.4748925118
-24.6871489666
-26.2022238043
-26.7464522538
-26.3756659749
-25.1285316336
-24.9504651982
-27.4787879181
-28.4073297321
-24.8392809625
-25.0946600871
-28.4086553809
-29.4917720199
-28.3257099688
-27.9951115451
-28.1437339016
-26.1982895594
-28.4305209377
-28.5013477438
-27.5415248567
-28.2883999995
-30.5580667597
-29.7374468870
-27.7451386393
-25.5380571252
-28.7516973544
-33.0751571740
-33.7045083930
-31.8146099126
-24.3997495447
-21.4235980932
-21.6507876314
-24.1642928043
-26.0046117136
-21.2273996550
-24.3566178108
-28.6491596813
-31.8915652800
-31.9793796263
-30.4679118066
-31.7578980015
-34.1501850670
-34.3596697516
-30.3123245806
-25.7238923680
-24.1777073083
-23.0767381339
-26.1668479411
-23.5331432042
-26.4135585022
-28.6801093546
-29.9071192009
-31.5446952488
-32.4767983296
-30.0958607651
-30.0699781099
-31.7264939388
-30.0836023226
-29.8375106057
-24.5629450743
-26.0032355677
-26.7408699956
-27.7007175074
-30.9309217309
-31.8588446258
-31.2693795622
-30.7652587617
-32.7401623931
-34.7046548315
-30.6553950259
-31.8361686609
-27.9467289812
-28.5469301130
-24.9009835249
-23.6204785805
-25.9372802889
-21.9345531711
-24.8717258723
-28.8871628389
-30.1719306314
-29.3825348612
-29.6798818292
-31.1420428028
-32.1486687264
-30.9473461515
-25.1664254646
-24.0483910965
-25.4354171592
-26.6245980468
-28.8438692988
-28.6435347119
-31.5714854018
-35.4156555291
-38.3890662169
-41.8197345157
-40.8296239440
-41.7030936682
-44.8006181941
-48.1720649566
-32.2250233902
-28.8658306561
-26.6012113502
-26.0109461262
-26.5375060645
-28.8076208919
-30.8906704749
-28.8124108605
-29.3560528119
-30.8682288302
-31.7914433080
-31.9302462135
-31.8016252267
-35.0369762695
-33.2221923440
-27.8306369785
-28.6968651769
-25.3345093500
-23.6207633882
-24.1065348446
-27.9568979437
-29.0166771052
-28.0043147578
-28.0535491583
-30.8957517218
-32.3174684799
-31.0954144086
-32.2135430164
-33.6423889886
-32.7437975842
-29.0812342199
-28.8877428170
-30.5388266257
-29.2373379837
-31.6604596911
-34.2395541999
-30.8911662979
-27.9323966187
-29.8986202404
-34.1190049612
-32.8827053404
-32.6496462486
-25.7956266759
-25.9049635404
-28.4113934345
-24.1915632611
-26.5663144762
-31.4996565997
-27.6951844446
