-20.4341716565
-23.7032751265
-26.5379397398
-27.3307248256
-26.4044847577
-28.0209916119
-24.0462135952
-23.1502266148
-22.8759335703
-24.9715501227
-29.8432883339
-31.2442620041
-29.8342327174
-28.5587237913
-24.8629964857
-26.1176368433
-27.8182917882
-26.4529993631
-26.2043184488
-26.9150177129
-26.2992258435
-25.9364349212
-24.0213575366
-24.4426715439
-26.0369647009
-29.3731982936
-30.5322837872
-29.3421748338
-30.8970579362
-29.3633762647
-22.6939069747
-21.4271970438
-21.4312115571
-22.3976681050
-24.9235792345
-25.6347407010
-23.4937062263
-22.2685111192
-22.1603626779
-24.1618292095
-27.6173526392
-30.6482527971
-28.0474555404
-26.7238811409
-25.7034340231
-19.0220290846
-19.1812192044
-19.6618098009
-23.9830054182
-29.0143714371
-25.9686403436
-22.4579673421
-21.0031061082
-21.5790973268
-22.7716883101
-26.9621406349
-28.4871526104
-28.1253922053
-26.7247976951
-22.9810565581
-20.5573696804
-21.4315585034
-25.4381176555
-29.1270871561
-33.1588379018
-27.6105133418
-23.4740323986
-22.6492139796
-22.4643664837
-23.9209908710
-28.5253092223
-28.2475933575
-25.0551583792
-21.3258128112
-18.3159267088
-19.0460928663
-23.2884223871
-26.8026942490
-30.1605253277
-32.9559297103
-28.5366769924
-25.5402631002
-23.1644489396
-22.9191714570
-24.9895293362
-27.2415369047
-28.3731552527
-24.4370931796
-23.1835829233
-21.5026157575
-22.4492224133
-25.5755328009
-26.2151152962
-29.0534899474
-31.8721063620
-27.7788535395
-24.9252492514
-22.3316532685
-22.4599066340
-24.6178186983
-29.2693699154
-27.4461048035
-24.3527754897
-25.3435986412
-23.0874715462
-23.6245435803
-26.4067425126
-27.4603426623
-29.4499038181
-31.0202002650
-27.0364731852
-23.7170818954
-22.4969046140
-22.3378400953
-22.9191455615
-25.4562638742
-29.4638529692
-28.7129154556
-27.8223244420
-24.6669340045
-20.4412219824
-23.1385326101
-21.6461659564
-23.4052859866
-25.5630594679
-20.6829458453
-20.1961425493
-18.6412782844
-18.0378184740
-19.2673816941
-23.3831019483
-25.3509363557
-23.3779339717
-22.7201547157
-19.7145421853
-19.0605430383
-20.1511479063
-22.3297230385
-23.7441167397
-24.8506422493
-24.6263047022
-19.7734445635
-17.4624977812
-17.3118454599
-18.4909431436
-22.5724773662
-26.3583677144
-21.3814165860
-22.7770582514
-21.0011240945
-17.7611912408
-20.2671557849
-23.5834404669
-25.6020032043
-26.1113037284
-23.5277991513
-19.2852288602
-17.1472789218
-16.3439879998
-17.8420653527
-21.9589431686
-25.1834194993
-23.0049352031
-24.7589221173
-20.0082799435
-17.9145052307
-20.1293587210
-22.3943733821
-26.3597788076
-30.0115987464
-22.6001841058
-17.9734594014
-15.7521820082
-15.6878073984
-17.8790892287
-21.7421271572
-23.7237839684
-22.2651037668
-21.6437204838
-18.6587616727
-18.3478330882
-21.8944106315
-23.3616506671
-25.6646029124
-25.5384778659
-22.4539191700
-18.9488771931
-17.5809705664
-17.8441069166
-19.1422340297
-23.0480099626
-23.1693230562
-25.1928104270
-27.1584115380
-21.7797232422
-19.9059247715
-20.7430120655
-23.0520788525
-24.6558148058
-26.5625317064
-21.6020516323
-19.3395820720
-18.0534311879
-18.6998246627
-20.1296318824
-22.9497560513
-25.9931196712
-25.7015840639
-25.2285021686
-20.1526819860
-17.9755061455
-20.6661913073
-22.9489715328
-25.6583410014
-29.7784541831
-23.9033948499
-20.5074323078
-18.1830749568
-18.6198166332
-19.9765328054
-23.7543685575
-26.1375281571
-26.1703174396
-24.7524155293
-22.9958018982
-20.4215041377
-22.6543159366
-22.5657507081
-23.3529665825
-26.7322933568
-23.4883168617
-18.8515035816
-17.4383848149
-19.1235945729
-21.5511653278
-23.8206073599
-27.6022435211
-27.0510825909
-25.0371299732
-17.8821263260
