-15.5990336927
-15.4341370433
-17.3269170358
-15.7042978375
-17.5476466102
-18.5441726543
-19.3297199090
-20.7141363163
-22.2348440910
-24.8548159685
-22.3999284019
-23.5207785578
-26.7866801709
-24.7241469005
-23.8053609678
-19.1549598021
-16.2103180567
-15.6968177211
-14.5335294145
-16.4320418859
-16.6456706727
-17.6264662183
-18.2837756579
-19.7912127681
-22.9177953059
-19.6281997396
-20.7383269523
-22.5656147783
-20.6627140530
-15.4113445433
-15.1244227457
-14.5598755449
-13.8617606549
-13.5641546067
-12.1655906168
-14.8390013474
-18.3866745634
-17.8203033546
-18.7035724891
-21.1881516802
-19.8115144703
-21.1103496334
-23.4553851806
-17.2747853243
-15.5451361921
-16.2846104937
-14.1151462070
-12.9074082076
-14.7098042063
-16.8880742259
-20.0221501398
-22.8874243164
-21.2361148105
-19.5825668743
-22.1607834097
-19.4904052643
-20.7323200729
-16.2593841752
-14.6277261221
-14.2023107270
-12.8111634525
-14.3474157555
-14.4126823444
-16.8730181743
-17.8162176401
-20.4733173591
-21.8412057371
-20.7526787415
-20.5146509230
-22.5027056518
-18.9219925135
-13.7342671603
-11.9897300744
-11.6874052398
-13.6744236090
-12.3974523855
-12.1517812614
-15.3651588748
-20.4624104684
-17.9724470324
-20.0865014329
-21.6912162664
-20.7815480173
-20.6701579269
-22.9511593836
-19.2312963946
-14.0227554399
-12.9095119111
-12.8450803324
-12.1980653245
-14.5152032396
-17.3616482000
-19.9025704963
-21.0964211829
-17.9079610944
-19.6670347409
-21.2097894010
-18.3809499012
-18.1355131465
-16.8225383739
-19.1309542917
-15.5941091025
-14.4224435282
-16.4300818780
-12.8756882379
-14.6834412353
-18.3455649710
-22.2542344085
-26.4720750917
-21.2418498187
-22.4774042530
-22.0736137460
-19.6729290013
-17.8460345559
-15.4231408275
-12.4506068229
-14.7832072589
-16.1796493036
-14.1813798495
-16.0997344713
-20.4672069134
-17.8465368492
-18.1614838421
-20.1824134593
-18.2285071655
-18.4486943126
-18.2121578416
-19.5885556236
-20.0974290465
-22.5665287474
-20.1948363064
-21.3147415038
-23.7392477996
-21.0243955736
-22.0309402939
-24.8850575227
-22.0623430746
-21.9438237053
-23.5138603453
-19.1188278997
-19.7746860764
-21.7968985138
-19.9576124214
-19.6074552969
-22.0373342569
-19.5019995773
-21.1954647933
-22.8466047196
-21.6794536539
-24.0907887823
-25.0674090396
-20.7646665943
-21.2012891421
-21.9911693158
-16.0506282104
-17.7542030481
-20.4234822651
-17.8626402080
-19.3144865077
-22.8340316853
-17.3385670072
-17.6948941697
-21.7836510029
-19.2439263678
-20.7825564864
-23.3562418829
-24.6074309425
-23.2821565959
-22.5291035588
-21.5946660052
-23.4197374414
-22.0949511148
-20.2425806556
-20.3164135052
-23.5128997518
-18.7122759834
-20.4437917276
-21.3506442703
-18.3568822442
-20.6026905481
-19.1816813604
-18.7077371713
-18.2532169447
-21.2013460938
-21.3176892829
-23.1950684841
-20.3053667930
-21.2858217407
-23.7173563474
-20.9611718620
-21.9526916165
-23.8925384552
-25.9377372808
-18.7198557850
-18.4573486242
-18.0969512965
-19.4716195228
-21.6377356044
-25.7958868668
-22.7022013876
-23.3684614828
-19.8051399194
-21.3275475498
-22.8831599508
-21.7598694697
-24.1951117141
-25.2922333491
-26.3492978449
-22.2845769287
-22.0107175670
-16.1777436590
-17.7981801494
-20.5313459032
-24.1560669882
-24.5807974179
-25.5543689025
-17.7473987034
-17.8183226316
-21.8444318283
-19.2586496982
-20.7741843969
-23.3406201125
-24.0783012086
-20.6621858480
-21.1717182020
-21.4642662127
-23.3407184879
-22.0896937998
-24.8014117166
-23.2382403491
-25.0165667609
-18.9533616294
-20.5702533928
-21.4728454492
-18.3903123493
-20.6263206325
-23.5826727784
-24.1974743448
-24.9165302115
-23.3462774499
