-21.8376274901
-23.5080644786
-24.3630428539
-27.1952891085
-24.1194289222
-21.4950734977
-25.0021955607
-30.4208225229
-29.4259332638
-30.2460430873
-33.5415019207
-33.3447598430
-30.1324108080
-32.4470435677
-32.4857296748
-24.1601540079
-24.2396221879
-23.9854897446
-24.4646575107
-23.0945050359
-21.6342920127
-25.3250200266
-30.0695547725
-30.1830239389
-30.2266437180
-33.1716827852
-33.5554316668
-36.4046555270
-37.6463314123
-23.8633597666
-23.6732148428
-26.2358778483
-22.8188707930
-25.8152681354
-23.1551900582
-25.7399633609
-27.1191480390
-31.7043344936
-31.0597097257
-28.8988425989
-31.8100426213
-29.3578393385
-32.7515638030
-28.2783229423
-22.1121483972
-22.0128380966
-25.0266878372
-22.0192708982
-23.9352131936
-28.7421562564
-30.0099494540
-30.2776724087
-34.1386994913
-29.8932036944
-28.1945464024
-31.5054770595
-29.7119577858
-24.7626790064
-23.1227283094
-22.6301732054
-21.9002582892
-21.6890983231
-20.8779234956
-24.2681626266
-28.9070619167
-29.2292714215
-29.0347093904
-30.9716856502
-28.2502381855
-26.0363394298
-29.8163997877
-31.1405294179
-24.1808777473
-25.9059266916
-23.7940722240
-21.2562158522
-21.8081109341
-24.8252359971
-28.5808159007
-32.1518728282
-30.0481733988
-28.3909558087
-32.6400300557
-28.6573323990
-27.5267743437
-25.7831028571
-25.1680009806
-22.8436893092
-27.1058228502
-24.3963072412
-20.8404089720
-24.5604128574
-27.8647739202
-29.6278019341
-33.3232774818
-29.4096253662
-27.7098378684
-31.2498610822
-29.6029238689
-23.2489789423
-22.2132542942
-26.2665323602
-24.2543947079
-23.7827601376
-21.4177582147
-25.2132609937
-30.2726235140
-31.4428657162
-31.5726194659
-35.2145675307
-30.2754314789
-27.4562737766
-31.2936905758
-31.0178091614
-23.0282649390
-23.2944318683
-26.8997182906
-24.9182675472
-24.1836779414
-21.1483263262
-24.6106609293
-29.8547285911
-33.1749231339
-34.0966798396
-33.8530582247
-32.0022174166
-29.7233462573
-32.6869626797
-31.4086769960
-31.3116659137
-35.8196128499
-30.8179264007
-30.9012912590
-33.0395042847
-36.1085138822
-33.0324021867
-37.1205639490
-29.5366786138
-31.2045894214
-33.5794591754
-31.2836899095
-28.3699433829
-30.6697351535
-28.0116977769
-29.7817204303
-32.6693796198
-31.8064747461
-31.9486487499
-35.4362951027
-29.8724618398
-31.2138405322
-34.1060604016
-34.5052303797
-34.5211175342
-38.0912468070
-33.5951120147
-30.1704794012
-33.7413743019
-30.8308023495
-30.5078704938
-34.5090778799
-31.7441637397
-33.3478629643
-32.8452853511
-30.6928901189
-28.1895700139
-32.4228503422
-34.5235681847
-35.6843429015
-38.7944708464
-33.3185626020
-30.1784566391
-33.7537712553
-30.2965875998
-31.0769911565
-35.3617101368
-32.8863638483
-29.6374310640
-33.8625449358
-33.9061168178
-28.2997030302
-29.8362212036
-28.7710786138
-29.6585962483
-34.0556065083
-29.9772508027
-27.1504381845
-28.9516720528
-28.1650117146
-28.6222530118
-32.6637572278
-32.6107711301
-30.3787031868
-32.8248347749
-28.8735489764
-28.0985683864
-31.1930844351
-30.1056996186
-30.1737326977
-33.3921546233
-28.9550082083
-26.6000695212
-30.5913000683
-27.8359150089
-29.0117279036
-30.0954762744
-33.7390324002
-34.0731209691
-38.2410704816
-28.5551533222
-31.7233649172
-32.9229656714
-36.9734368859
-28.8878191943
-31.9580526149
-26.9141814101
-26.7302906383
-30.4124595033
-28.0071291849
-25.9312099793
-28.7277242218
-32.4677155154
-33.6517747367
-28.6054272762
-27.5030795369
-30.0564716884
-32.7745737764
-36.1573262274
-28.2584898843
-31.5687266345
-29.4581399735
-28.4153212078
-31.8291416390
-32.6055876016
-28.6581492883
-31.6897251051
-35.2814691344
-29.6029005686
-32.1370252216
-33.1007459604
