-21.2458384432
-19.4758036288
-23.2205964267
-21.8910473046
-24.5402030799
-15.4954603138
-19.4630843031
-24.5469245661
-27.6763456303
-21.0288942629
-24.7625003429
-23.3973993670
-25.2873566409
-23.1909892438
-25.4354922459
-23.4839864713
-23.4054827639
-26.0533243923
-30.0947771862
-28.3190467349
-17.8923755658
-21.3915609544
-25.4640935342
-29.1332260851
-22.4310917293
-26.0759252723
-25.5463800177
-27.6279035144
-27.7380909124
-21.3838775931
-22.5453998126
-22.5972622285
-24.1628260393
-24.2374796421
-26.1239505388
-20.9337395812
-23.6909778547
-28.3463404829
-29.8015250061
-20.6674690619
-24.1753045449
-24.0111057183
-28.0348993407
-22.1522313718
-22.6459930453
-24.5655743809
-21.1092466437
-21.4910991168
-24.3960703310
-28.8084015179
-21.5181844470
-24.9005563047
-27.8000226106
-28.0694427905
-20.2904259736
-24.2954460186
-24.6480071552
-26.4086805085
-22.6286546504
-22.0512407063
-22.4268416061
-19.8778193011
-22.4558701085
-24.4447247660
-28.6476553691
-22.1835603641
-25.3240413193
-28.2633601180
-29.8615536490
-20.2046402092
-24.1583467567
-22.1918457155
-24.3545425941
-21.0267400685
-22.5991238395
-22.7216331336
-21.3551067112
-25.1629572609
-26.1075520196
-29.9447385651
-24.0502785999
-26.9900726271
-28.8625216908
-30.0314551091
-22.7772058327
-25.8555297625
-30.1662344480
-26.7078917121
-23.2032735748
-24.5347878306
-22.4642926915
-23.2106721402
-26.2458914859
-25.8619962272
-29.2853917158
-21.4802867259
-24.0865295996
-27.1527088864
-29.4047214710
-17.4381608407
-20.7534205287
-23.2978664010
-24.9985487144
-23.6021860747
-23.0927198019
-25.7226042569
-25.8828843729
-27.8005223231
-26.4434880454
-29.8527271676
-22.1706636931
-25.1700813678
-29.0074958918
-30.1341481315
-18.8804052177
-22.1058113913
-23.1041742988
-26.4812316952
-22.4517054262
-20.7151448012
-24.2966266926
-26.4070027278
-29.5477033100
-27.6775936135
-31.1568256699
-23.1530565754
-25.9131543811
-27.5635341143
-27.4175527090
-21.0126407330
-24.8299353354
-24.2292745584
-27.8366891610
-25.2038571282
-27.3175640550
-29.1063517758
-28.6014904356
-31.0285464554
-27.3466754142
-30.4739225599
-23.3596466428
-24.7843840376
-25.8072184065
-25.6206672547
-20.6264306801
-24.0276479327
-24.2070542817
-26.8946098520
-26.0841588462
-27.2107581273
-28.8991144611
-28.8773343434
-32.7164973488
-28.5159079493
-30.2533743256
-22.0626472998
-24.7298716013
-28.0609632494
-28.8907928590
-22.8500962121
-26.5552936642
-24.5203985048
-27.6709510879
-27.1070436623
-27.8291844564
-28.2899988161
-27.2737487960
-30.4674962241
-27.5809242856
-29.4855890772
-22.3628929256
-24.4819039841
-26.9417496214
-27.7219733174
-23.3650942649
-26.7622928007
-25.1379484569
-26.6348123304
-26.9838094261
-28.5925396723
-27.4418533832
-24.1928345433
-27.5426705538
-22.8581977319
-25.9184777160
-19.0068772501
-21.5211296312
-25.3771090006
-27.7639748655
-19.6696951207
-23.1442546784
-26.4645768504
-29.5878315891
-27.5373485192
-27.3446196182
-28.4551400862
-25.9040197798
-26.6672624231
-23.5767888808
-26.3238398087
-19.0882135220
-22.1733900865
-24.9290074301
-24.8836529052
-20.3787348864
-24.4192938964
-26.0606711700
-30.3349448687
-26.1779490135
-26.1491004673
-30.3075941622
-24.7398994518
-27.1693378336
-23.1619115437
-27.2250788209
-19.9548057509
-22.7932599888
-24.9000048182
-26.2643380404
-21.5045252678
-25.5646297856
-26.9344300307
-31.0454394943
-26.5177584300
-27.7894082956
-28.8076895062
-28.1434866357
-31.9569289100
-23.5356935347
-27.3712971359
-21.8366850374
-24.2947922663
-26.7538831754
-29.9599227592
-21.5802676257
-25.1075295556
-26.1254147211
-29.6895044789
-25.4611742398
-28.2739886626
