-26.7111100390
-28.0139995552
-27.0548071163
-25.7830536639
-24.3160597323
-23.5506356559
-23.5360637938
-25.4107423449
-28.7881347821
-28.5785581463
-27.1065154717
-25.7817047052
-24.3092204337
-23.5479351491
-23.5215683122
-24.8117839527
-26.1494487128
-25.5650803186
-24.2544943929
-23.5205196972
-23.5044202234
-25.2716300053
-27.8998416678
-27.9566027918
-26.9794609141
-25.7444931224
-24.2997259388
-23.5302394504
-23.5079272574
-25.2748328113
-27.9817721316
-26.1687859422
-24.5844481564
-23.9183796917
-23.6704767940
-24.7970580361
-27.6436560388
-29.0810659288
-29.2753004255
-26.3572362468
-24.6132928303
-23.9204613863
-23.6720730188
-24.7998413962
-27.6463979721
-26.2634162999
-24.5699992803
-23.9090055932
-23.6687770023
-24.7952740965
-27.6359312440
-28.9851306365
-29.1325257204
-26.3335815701
-24.5968528808
-23.9141101465
-23.6709544964
-24.8027891687
-27.6431757474
-28.9964479070
-23.4277742332
-21.9601316103
-22.1823667608
-23.2968255554
-25.1178267062
-25.1794127580
-24.4733480674
-25.5314197822
-22.8199103449
-21.8576262695
-22.1574433862
-23.2559891281
-25.0978473585
-25.1691143255
-24.4705711801
-23.0870352731
-22.4290890083
-23.3636417388
-25.1340892972
-25.1518160657
-24.4582337741
-25.3211194475
-26.9775669351
-24.3824875327
-22.6582579588
-23.4013154919
-25.1478235614
-25.1756027912
-24.4611323524
-25.3268648208
-21.9826107979
-21.7760336728
-23.1593068432
-23.7545912367
-24.1541898575
-23.2327577809
-21.0361206463
-22.2811294447
-21.4293059219
-21.7058658020
-23.1409418432
-23.7524253940
-24.1500601276
-23.2280286575
-21.0367679395
-21.5574220656
-23.0713824312
-23.7185421898
-24.1350429281
-23.2151436410
-21.0278818990
-22.0989138415
-24.8656931104
-24.8144300890
-23.9282211355
-23.9662288912
-24.2089974575
-23.2359722385
-21.0356222305
-22.1085352066
-25.8931336032
-27.6915544314
-26.9133541725
-25.7280920111
-24.2906327655
-23.5308854489
-23.5020265335
-25.2663455055
-28.5850310731
-28.5140644625
-27.0829889596
-25.7701323999
-24.2974384050
-23.5321437867
-23.5071686299
-24.8141517512
-26.1262562033
-25.5418968706
-24.2435952720
-23.5090457798
-23.4845962250
-25.2648399014
-28.5808016610
-28.5131530739
-27.0706153063
-25.7629474471
-24.2863347395
-23.5245665737
-23.4935987774
-25.2597003943
-27.9640984435
-26.1599646322
-24.5557199952
-23.9060824176
-23.6656583443
-24.8105851669
-27.6375753682
-28.9816857437
-29.1930696210
-26.3531634786
-24.5982354988
-23.9157063713
-23.6721545778
-24.8010401833
-27.6378692392
-26.2595118280
-24.5596710721
-23.8913810970
-23.6584708018
-24.7956922479
-27.6315141165
-28.9854400426
-29.1798920309
-26.3487955455
-24.5882904880
-23.9098483688
-23.6632931353
-24.7960909803
-27.6303917105
-28.9887943148
-23.4560078631
-21.9609459050
-22.1840018233
-23.2712199350
-25.0959106576
-25.1696347491
-24.4710281690
-25.3159372196
-22.6844060050
-21.8358344988
-22.1557552458
-23.2964164664
-25.1017492411
-25.1619941018
-24.4654523865
-23.0911015685
-22.4289453092
-23.3314505581
-25.1266285973
-25.1534679576
-24.4510785965
-25.3168628483
-22.6774709069
-21.8274598202
-22.1445156479
-23.2771167751
-25.1125965783
-25.1435915601
-24.4514087159
-25.3137700822
-21.9675405192
-21.8277562783
-23.1670782442
-23.7633426394
-24.1537937142
-23.2260582973
-21.0422155586
-22.0984969849
-21.2787986150
-21.6113998411
-23.1005403965
-23.7436429214
-24.1393539000
-23.2153934961
-21.0440422199
-21.5944109849
-23.0857821137
-23.7298853539
-24.1477946018
-23.2174389423
-21.0278857828
-22.0997022445
-21.2501766069
-21.6291071923
-23.1006103042
-23.7352889567
-24.1414135866
-23.2186014808
-21.0278417669
-22.1046527424
