-22.4268234824
-25.1965142355
-24.5841245099
-21.2443587371
-22.4937069844
-22.5010874215
-25.1973492451
-28.1260433821
-31.0703525198
-30.2190846301
-29.3732203146
-28.9281209513
-29.2895421643
-29.1137749375
-28.0042008345
-25.5653094592
-24.5593331835
-26.5523795604
-23.6125207560
-23.7020258588
-27.6608869740
-31.6078995133
-30.3478713299
-32.8156911162
-33.9220712956
-28.7047181364
-29.8185060900
-32.8479237108
-29.0609364094
-24.6817220638
-23.9572172757
-21.5222365061
-24.3928623439
-21.8334692881
-23.3073440667
-26.9462418270
-30.0919032135
-30.1317505712
-30.4419993753
-30.3076822044
-27.3229469509
-29.4256678711
-33.7895911469
-30.1574558669
-25.5877588732
-23.0813649832
-22.8081762214
-24.6867722442
-21.8960703025
-24.4114163563
-27.9099174271
-31.8562800452
-30.7277002384
-28.7213108465
-31.3229922418
-26.9922527147
-28.2645485483
-24.7515947608
-23.3681041789
-22.7962479031
-21.8543794444
-24.2395678072
-24.2667023402
-25.3919138893
-27.4226986874
-29.8798228562
-31.6816870282
-28.2565933200
-28.6060201997
-29.1882887137
-24.6056366450
-20.3069798525
-22.4450900912
-20.0650747448
-21.8229455933
-22.4969343895
-27.0112714680
-29.7378741008
-29.2253229312
-28.6542059808
-29.2355734662
-29.2736407661
-29.0892580678
-29.0233442246
-31.6206964988
-25.3852739539
-23.2438083671
-25.4790472979
-24.7761621220
-23.6341040982
-27.9285257925
-29.8706856712
-31.7285536238
-29.8981865551
-29.7278760146
-29.3088340844
-29.7149197986
-29.3339619974
-30.2604298199
-27.0341985989
-26.1452827271
-22.4415066784
-26.2614536998
-29.0654454445
-25.0289624266
-26.8237998847
-29.9220910859
-32.0937757033
-31.1287771791
-28.7726165824
-28.9887774850
-30.1851949604
-30.1670461575
-29.4737190180
-29.2029913259
-23.7551517866
-22.5522533543
-25.6854030265
-29.2152355146
-32.5022097518
-31.6302194664
-32.4476636639
-31.0166841649
-25.9000337512
-24.9645593557
-25.1621235580
-29.4804689794
-27.6497794336
-29.2844052445
-29.3363064904
-26.0625858665
-24.8872453786
-26.1415737402
-27.4620579886
-26.7332060499
-27.9843263497
-29.4323518218
-29.3267187872
-27.3051955851
-22.1897679073
-23.5618286447
-25.2747124167
-25.4406447010
-26.9722591303
-27.2238489818
-24.9190986715
-25.9062166953
-27.2970979479
-28.5567236578
-30.2339788281
-31.0887887190
-30.4591435751
-28.6081148339
-27.6406111734
-25.4906649177
-25.7681011939
-28.2987113783
-27.3785481264
-29.0445754317
-27.8132843534
-25.7403349087
-26.5054767066
-29.3825011940
-30.3490351538
-29.2804114495
-29.0942707043
-28.0326545386
-25.2339627327
-25.0299256028
-25.4414046230
-27.9303563524
-26.9058831156
-25.6463984483
-27.8373377563
-27.1940204253
-25.8238421850
-26.8989790866
-27.6442709705
-28.3662589924
-30.6560798625
-30.0575656145
-33.7806326143
-25.7369107254
-23.9045289122
-23.7337613448
-26.0883636645
-24.8377378162
-23.4734511318
-25.5557864825
-24.8261564506
-25.2655959451
-23.3642126515
-26.4161321418
-29.0279089296
-29.7151515302
-23.5868387532
-23.1970000158
-24.1832170685
-26.0096269397
-22.9835292193
-25.1617002282
-25.3550544347
-25.9510883476
-26.3571909386
-25.5796754819
-24.2503892592
-24.5900342953
-27.0375373336
-27.3495571702
-28.3204901960
-26.5653072981
-25.3966313624
-28.9314208465
-27.1413657256
-23.4302352534
-25.1177529129
-26.7769358727
-27.3026750282
-28.2493721186
-26.9604266155
-25.0626566238
-25.8664457205
-27.2866428775
-29.7260415809
-24.5236064866
-23.9787397713
-23.8192247458
-28.3459145578
-25.8055535666
-21.3833040942
-25.2021741590
-27.9279769044
-26.7768089980
-29.1796848808
-26.6213797051
-25.2400887144
-25.4588362253
-25.2263402106
-24.0003490041
-23.7982420929
