-30.8974230335
-27.1512123467
-30.2945913389
-32.9712822022
-34.1827827329
-32.2318575173
-33.7438353178
-30.1094577980
-31.7902781792
-31.4203774630
-33.9903166713
-30.9875197383
-32.9718712338
-28.3509569793
-28.9429763255
-28.5804741341
-26.9978751048
-29.8627485526
-32.5984169011
-34.5037027658
-33.8316185875
-33.7970285540
-31.0573199241
-33.1693641804
-30.8605687601
-32.9336861312
-30.9800939910
-32.6224599444
-27.4839455492
-27.5731735998
-32.1974668364
-35.6391657474
-39.8444249909
-40.6083754147
-38.7170507532
-37.8401800701
-40.9446672785
-41.0277874375
-42.5738978176
-37.5173065381
-38.4148763699
-38.8190873994
-41.1762077681
-36.6988539869
-38.2576165876
-40.7104961991
-38.1094668106
-40.8787534584
-43.0758214976
-40.5701255931
-40.0376354130
-42.6083713288
-41.4562939132
-42.1064605863
-38.1690617603
-38.4300618604
-39.4982321326
-41.3002873035
-36.2582288315
-37.9005427076
-34.1429755163
-30.0874097067
-33.2250598421
-33.8111796683
-33.9997723318
-30.6620543756
-32.5367350642
-30.8535262166
-32.8105451387
-30.1274732569
-31.2592558978
-31.3208445231
-35.5135119595
-30.0204135880
-30.0016925872
-30.6679861699
-29.6886979605
-31.8226725986
-31.4876066031
-33.4931931592
-30.6684910551
-32.0910285866
-31.5340744667
-33.1447476351
-31.0546297745
-30.6581576723
-32.4326749623
-36.5550863626
-30.1240594276
-30.3621053008
-29.9910485016
-28.7945002647
-31.8445083751
-30.6029733616
-32.9051249835
-30.7369280433
-32.6745605507
-31.9483885365
-33.7484375700
-31.8212783351
-33.8093232297
-32.5194782372
-35.4928801473
-31.4379035601
-30.4296516140
-28.5085728288
-28.2967992762
-30.9836566890
-30.5988086766
-32.5039341374
-31.1647472446
-31.9783633769
-31.0073877484
-32.4109880618
-32.0783209391
-31.4510358487
-33.1892011206
-36.0625768049
-31.5767634299
-29.5166824452
-30.7466956961
-27.3620486242
-29.0816070603
-28.6344609555
-27.5179180811
-28.6203111312
-31.5831263206
-29.3466670601
-30.9032460805
-30.7729913204
-28.7956977551
-30.4347017907
-29.9975926322
-28.3863444915
-29.5147781062
-32.5164255965
-28.5244470343
-29.4018008877
-29.2351074148
-29.0015524588
-29.7913793369
-31.2869470893
-29.4227861256
-31.5106748238
-30.9562231233
-29.9439009757
-30.8284397330
-30.1637553225
-28.2539588343
-29.7837943536
-32.7550863713
-30.8108074608
-30.6637373376
-29.4677522730
-28.5477690080
-29.8731855135
-31.6718442923
-28.7903174550
-31.2551960727
-30.9555162815
-31.4494668102
-30.8486249168
-31.0815144377
-28.1693433987
-30.3939650521
-32.3348677072
-30.1221848617
-30.4801637635
-30.1378933785
-30.5983749937
-31.2882507361
-32.3410998496
-29.0612587594
-31.4415970146
-32.0947103931
-31.9926154740
-31.0293478079
-30.6658397469
-28.9916903004
-30.8632912725
-33.8972333633
-31.0759269945
-30.8297744499
-29.8499619376
-30.7579870725
-31.5930467361
-33.7380355736
-31.7224975480
-33.7562478008
-32.8041045725
-31.8304181081
-31.0439662712
-31.5015208060
-30.3397762799
-32.4117233778
-34.3496315247
-27.8438391583
-28.7435052227
-30.2512447302
-30.1438471812
-30.6908615014
-33.7527563030
-31.9062329372
-33.2361829323
-32.9048583013
-29.2657722673
-28.6434220829
-30.5162451688
-28.6553102584
-31.3143987673
-32.0776127931
-30.0617147652
-30.8209712647
-31.6353149636
-33.7359189261
-38.1601226332
-38.3440806513
-33.5433467028
-32.0527269746
-31.1257245467
-31.5556888673
-30.4137294987
-32.4751037096
-34.2244502703
-36.0962554524
-32.9758960974
-31.2955534957
-30.4448668825
-30.8124127585
-33.8348032635
-38.9881058804
-37.0350656436
-33.6962696464
-29.8057803037
-28.7671676716
-30.5993731176
-28.7223827572
-31.3732208643
-34.9865094381
-36.0919936808
