-15.7052765404
-16.7732262726
-17.7301470599
-16.9755675580
-17.7515297443
-17.4776185526
-16.4481659649
-18.7964072703
-21.7375080668
-25.4111268085
-26.4898691380
-26.7793502280
-28.2954774682
-27.9625177188
-26.0871454219
-18.9023691653
-18.8508045065
-17.8236809288
-15.2461980311
-17.1655804844
-16.4288908658
-17.0407564612
-19.5998651340
-20.6378567033
-23.3969527298
-22.1027794808
-24.4187708976
-24.2530004379
-23.2680909212
-16.9313030433
-15.3663071832
-14.8750219382
-14.8702954016
-14.2568801409
-13.2528207573
-16.0637876787
-18.6203500022
-18.8612039195
-19.3621842563
-21.4430686657
-21.8794737065
-24.3485421849
-24.6018810511
-19.5169960707
-16.3005494406
-17.0665148443
-14.3299051781
-13.9475529089
-15.8574422483
-18.5928089651
-22.3952498099
-22.8548188690
-23.2082849225
-20.3164678746
-21.9621149087
-21.2747802200
-23.0372118219
-17.5683185676
-17.2046109780
-14.7553904842
-12.6338490939
-14.2135347868
-15.6157753069
-18.5825610103
-20.4044557320
-23.4794683540
-22.6401402215
-21.6023001932
-21.2532874993
-23.0285510408
-21.7500914572
-16.2190111976
-14.0125709288
-13.0766689394
-15.4861146898
-13.2907223639
-12.8407305201
-16.0038988141
-21.2209888514
-19.8165801839
-21.9170684805
-21.7038553087
-22.1509626849
-21.0129384898
-23.0055773126
-19.5020746716
-14.6924101379
-14.4759500845
-13.9552466369
-12.7477545989
-15.1830739828
-18.8565550544
-20.7691847176
-22.3254742051
-20.9936892857
-22.0201201416
-20.5897861194
-20.0137366285
-18.6620991186
-16.9076406061
-17.3345758079
-15.5058545525
-16.4799389998
-17.3356891530
-13.1563999379
-15.1273096611
-19.6669493021
-23.0630906013
-26.9067673100
-23.5263789922
-24.9513791755
-22.1808417335
-21.5548717328
-17.5350166238
-15.6698359464
-14.7476825160
-17.0599124510
-18.7123717909
-15.7620946540
-17.3782331428
-21.3085559729
-21.1690060464
-23.5721801451
-24.9991015039
-26.8658376726
-26.9440216106
-19.2514932253
-20.2369414292
-21.7972622994
-24.2093780567
-24.7213804146
-25.7503109857
-26.5937972549
-25.3858927677
-26.8390708187
-28.7945248559
-24.1420582833
-24.6088808722
-24.1508355833
-24.8231245293
-27.2730639566
-25.9787290377
-25.0084289946
-22.4825709523
-24.0360562747
-22.7313839565
-25.6353141914
-24.0722063006
-24.4231712018
-27.3711379072
-29.1037302431
-26.3455707326
-24.6775379582
-22.1281054709
-22.6236704943
-24.9560772164
-25.9765075435
-24.0282525109
-24.9495525138
-26.9611865248
-23.5557583248
-23.8669237698
-26.3707154755
-24.5529042657
-26.7910597971
-24.4138553586
-23.1745674258
-20.5063461492
-20.6185026380
-22.2293692936
-25.7939747824
-23.8110261284
-24.2763340593
-23.2473710684
-25.6632733699
-23.4778268284
-25.6495352205
-28.2000406168
-22.1305470519
-23.0192455550
-24.2260277320
-25.9534690893
-19.1542814400
-21.0311455374
-22.3231750216
-24.4290537933
-24.7568080589
-25.0392453218
-26.2426019471
-25.2008653418
-26.6838887888
-26.4768417617
-26.0034621236
-22.2875324691
-24.2582616247
-24.8335601840
-27.4051104331
-25.9685419404
-29.0533423271
-23.7441801643
-24.4371216586
-22.8722116356
-25.7018960498
-24.0598326459
-24.4736730076
-27.4486046402
-26.8777685892
-28.3075805838
-24.0927267834
-24.5772839081
-24.5517689122
-25.7521881255
-26.3270931044
-29.1117993815
-28.4294088914
-28.3215349196
-23.8459553526
-23.8685756622
-26.2170273956
-24.4757365749
-26.7519387012
-26.1468478873
-26.8403809450
-25.7626561614
-24.5261723571
-23.9062235178
-26.7330235053
-23.9922643086
-26.4648396404
-24.3042582800
-26.1003864805
-23.5946218054
-25.7180719031
-26.8134276567
-21.9870292205
-22.9713898808
-24.8000692464
-23.5007138229
-23.0060317194
-20.4687332380
