-28.7443764849
-28.5986410594
-29.5690160816
-28.9665235522
-28.3333415561
-28.2589585293
-28.1607848954
-28.8098385192
-28.4823898278
-28.4001616105
-29.4264006116
-28.9036960012
-28.3038923142
-28.2368819544
-28.1440976820
-28.5444781720
-29.3183971910
-28.8372630283
-28.2709282713
-28.2043049927
-28.1118249478
-28.9307709712
-29.9627812196
-29.4154277014
-29.6050469972
-28.9135905217
-28.2873928159
-28.2101125054
-28.1131829685
-29.1101138473
-28.5621427966
-28.0418525747
-27.5659057970
-27.3068474829
-27.4210480946
-27.9847859284
-28.0417826663
-28.7413885809
-28.4440066483
-28.0094762736
-27.5481117122
-27.3000470225
-27.4145233811
-28.2305527228
-28.1069482414
-27.9144018778
-27.4940756918
-27.2681730199
-27.3822946620
-27.9378520077
-27.9889273093
-28.7736418950
-29.9049520669
-28.7643467680
-27.6584855266
-27.3051696995
-27.3970814236
-28.2050675030
-28.0725031919
-28.8033642941
-28.6756197308
-27.7682625366
-27.5122219043
-27.9083069664
-28.4275602289
-28.3031077947
-28.4740345709
-29.3585500696
-28.6627631976
-27.7769815734
-27.5216024746
-28.0686051939
-28.4513262383
-28.3108688377
-28.4768179308
-27.9680262189
-27.5783869011
-27.9103278152
-28.3913247673
-28.2679986229
-28.4509909405
-28.9010550469
-29.4580635958
-28.3284221283
-27.6202667586
-28.0947907849
-28.4505067653
-28.2921970241
-28.4631535757
-28.9174678077
-26.8091205746
-27.0216178124
-28.4509054977
-28.2721788409
-27.9628142156
-27.7825314638
-27.5668586125
-28.2453200654
-26.6943503430
-27.0453773499
-28.4646811871
-28.2743239699
-27.9544990898
-27.7817676581
-27.5673000663
-28.0188128269
-28.6777545031
-28.3053979173
-27.9619766185
-27.7744610147
-27.5754391286
-28.0132253945
-28.8659652946
-29.1362657788
-28.9331685459
-28.3617823151
-27.9702787985
-27.7884024113
-27.5794756477
-28.0135632814
-28.1140257435
-28.4002820070
-29.4577192346
-28.9276691441
-28.3138489750
-28.2451051646
-28.1444485148
-29.0204948405
-28.5817700144
-28.4209966772
-29.4250076372
-28.9020971877
-28.3075987138
-28.2421949354
-28.1413479813
-28.2506045652
-29.2285102052
-28.8117091961
-28.2650094242
-28.1976922474
-28.1042852790
-29.1031127264
-28.4891825204
-28.3817370627
-29.3689378257
-28.8686670944
-28.2882096996
-28.2129968430
-28.1147455338
-28.9362613104
-28.5198473784
-28.0286762785
-27.5534971901
-27.2955198552
-27.4098628713
-28.2352585427
-28.1108747208
-28.8081387275
-28.4898298134
-28.0205048517
-27.5603326042
-27.3015720449
-27.4180718413
-27.9806795016
-28.0320862173
-27.9045578458
-27.4932484514
-27.2676409451
-27.3808473148
-28.1899143739
-28.0581695358
-28.8003414359
-28.4288056200
-27.8307250170
-27.4997938783
-27.2739093306
-27.3926526448
-27.9507810379
-27.9911798889
-28.7841617005
-28.6602529954
-27.7749762596
-27.5204658280
-28.1050089521
-28.4642125471
-28.3143616306
-28.4773098734
-29.1554929701
-28.5509873505
-27.7664462325
-27.5268934476
-27.9194650032
-28.4063730348
-28.2947978473
-28.4696420407
-27.9770714913
-27.5766340316
-28.0976880683
-28.4393461397
-28.2886692773
-28.4558896538
-28.9065376184
-28.5349927410
-27.7707261338
-27.5248246992
-27.9014844982
-28.3957548406
-28.2855480304
-28.4541044198
-28.9067913573
-26.7836625397
-27.0803544755
-28.4803314370
-28.2946075431
-27.9524251630
-27.7800691612
-27.5729379884
-27.9937910696
-26.5434779897
-26.9507690018
-28.4426253257
-28.2771824158
-27.9503305229
-27.7827178842
-27.5712135998
-28.1233726540
-28.7245343671
-28.3122385096
-27.9620206344
-27.7840085864
-27.5801993213
-28.0125858690
-26.5085824226
-26.9622131423
-28.4320873959
-28.2598388473
-27.9498800069
-27.7799966644
-27.5756294327
-28.0093248068
