-33.8794600045
-31.6238319841
-30.1248853792
-27.7936428939
-30.1541391341
-28.5964920427
-31.6807730384
-33.3460337099
-35.7302903318
-31.8530953637
-34.3546713445
-27.3125151722
-27.4153881604
-30.4835400393
-33.2754464243
-32.6412003735
-31.7596042650
-30.3677108573
-27.4133025832
-29.8377811743
-27.5945342683
-30.4576457277
-32.8942362263
-34.6219838846
-30.2712693828
-33.0540010433
-28.2294807993
-27.8800487416
-30.7924114013
-33.0386951655
-35.7050821646
-39.2631276275
-37.6497128722
-35.5826894488
-37.1251804550
-36.0977015123
-39.4972417637
-41.9526612554
-44.9048517256
-38.8720644250
-39.5817341912
-36.0785092779
-36.7897947539
-38.5165311094
-38.3076121922
-36.7845024872
-39.0141464783
-39.3980558128
-35.2407673628
-37.1501814877
-37.2433579960
-40.4811344867
-42.9150068147
-44.8532210784
-38.7361497726
-39.5508945748
-36.9822374916
-35.9538652798
-38.8831797310
-38.2656533783
-32.8051156424
-34.1691999388
-32.9582560791
-27.9076350725
-30.2256779494
-28.6873758625
-31.9121621295
-33.0785981839
-36.1997200326
-29.6149272672
-31.2889588697
-28.4315281335
-28.5421556837
-32.3533984019
-30.5128287532
-30.9965637153
-33.7071118010
-29.4283670828
-26.8158109968
-30.2428221430
-29.0967951448
-31.8917620488
-34.2900598768
-36.4541760184
-30.3531428750
-31.5205628657
-27.8215243887
-27.3189596287
-28.8519643456
-29.5554980158
-27.7493758196
-28.6883247945
-28.6187602195
-26.3673094232
-29.6731176065
-29.4005114808
-32.1739222101
-34.6020045443
-37.8143724996
-28.7529712313
-30.1984295057
-28.1230244076
-28.1382228498
-30.4817755208
-32.4213900621
-32.6130094737
-32.1758123082
-29.3100043880
-25.9000635305
-29.0291167683
-29.3612207973
-32.2007421423
-34.6083738994
-36.2557004978
-29.8386304222
-29.9145850786
-26.4560403502
-28.0268017136
-31.1249633275
-29.8223523043
-30.6032426364
-34.2194518681
-32.3031658934
-29.2982417811
-32.8385664356
-31.7666869435
-32.0587209079
-34.6019320388
-37.9617662404
-31.0025951855
-32.3262703676
-30.8309512301
-31.1593514154
-33.9698738682
-32.7780393844
-31.7848318608
-34.9161189272
-33.6997054765
-30.5002790387
-33.4930274424
-30.0394957860
-32.2633755006
-36.5390244517
-40.0304672869
-31.1826824332
-33.2394737610
-31.0018883455
-30.7790732910
-33.9789851609
-31.5187180869
-33.4732021639
-36.9141487545
-35.1373027762
-30.4297448189
-33.4577914061
-32.3175202631
-33.4639963688
-34.7551268477
-37.7074151369
-31.0918607628
-33.7041394253
-30.6545833196
-30.8238219452
-34.1258843904
-34.2687704156
-35.5261989033
-38.4144077244
-36.7431119878
-29.0450065234
-31.6743001079
-31.5561225582
-33.9055264837
-35.3496834471
-37.2983830589
-32.0445128234
-34.7283418552
-30.4510342845
-30.6302567581
-34.6913244727
-37.6690772822
-36.6875030651
-38.8315620156
-36.3795353824
-30.1398598525
-33.4968710645
-31.1123605353
-33.6306224938
-34.3372229274
-37.0408925747
-32.6307323484
-35.5654779184
-30.5532936230
-32.1678389524
-36.1849216187
-35.5294301818
-34.5770889447
-35.7767814964
-33.4791663240
-30.1878359133
-33.0052793125
-30.3118896059
-33.1843166382
-36.6822341064
-37.0803075303
-32.8445810907
-34.8494775405
-31.6424041109
-30.5307121658
-32.2360675138
-33.0518598129
-34.0371651393
-29.8138986565
-33.2984978050
-31.0499252484
-33.5898922368
-38.7765706069
-39.9853471022
-32.8655326655
-35.6545790714
-30.5349040304
-32.1700798805
-36.2299343609
-35.5349994892
-36.2994458488
-36.0386088507
-33.3834886682
-30.1255805717
-32.9552254480
-30.2746883857
-33.1573154625
-38.8913925736
-38.2630421970
-32.9176552787
-34.8107072878
-31.5892419435
-30.5255402954
-32.2207590367
-33.0315853051
-35.7835832443
-35.0183730787
