-29.3176061943
-30.2140305645
-30.1980760913
-30.4570981319
-26.9034428202
-29.9179859507
-28.2327120917
-32.3311082236
-34.2759825515
-32.1225608200
-32.2219837168
-32.5647511995
-36.0876011475
-39.9101407454
-42.0584301711
-32.2764055063
-27.5934869487
-29.9449871296
-27.6103010328
-25.1199575947
-27.8217263447
-31.8921931507
-36.3629983470
-34.8007959446
-31.4540276346
-30.9558489920
-33.9956658994
-38.8804960481
-36.5183706369
-30.3297665430
-32.0417993772
-33.2127107966
-29.7307435172
-24.4951864368
-24.3741931243
-27.3226194181
-30.4633587468
-35.1828657141
-34.4961838131
-32.0294283164
-31.1960762272
-33.8209291885
-37.8911854408
-34.0847075034
-32.7935925351
-34.8820661377
-31.2311802111
-27.7186410538
-27.0027336883
-30.3822801219
-30.9917918665
-32.4248945041
-35.3404362144
-34.6146694764
-32.2429327023
-33.4208581822
-37.0309618048
-30.8626491622
-27.4669489344
-29.1569338399
-30.9882032788
-31.7140905134
-29.0850312450
-31.7433131933
-31.2435629295
-30.9005352142
-32.5382769140
-36.3082244226
-37.6177366042
-32.4939774845
-34.1947951943
-30.2483448607
-30.1686864006
-33.6484359943
-37.3976376321
-32.5574354946
-29.9664138270
-33.0749293260
-36.2108754783
-35.7266499564
-30.2548074314
-32.7191758594
-37.9207770703
-37.6298862894
-34.7790210134
-30.1049047409
-28.7286770408
-28.4255756236
-30.4545827495
-32.8459611192
-31.6901600931
-34.2747112624
-39.0854625962
-39.5313812737
-36.0830014883
-32.3122034020
-34.4855423188
-38.3789606770
-38.8646917553
-35.5623256147
-28.7069927231
-25.3242924770
-28.5618605697
-32.8690435740
-32.7597054624
-31.6439951626
-33.4283201733
-37.5770192957
-41.9876590676
-36.4414968477
-32.8596138222
-34.8762275682
-39.5805794094
-31.9970817911
-32.3433886779
-26.5925894038
-28.7620760619
-31.5092391322
-28.7215619967
-28.0646282261
-30.6515475177
-32.6667101857
-36.5187279380
-39.1385548426
-35.1438740982
-30.6111810365
-32.4812426466
-35.0029791597
-39.4929074929
-30.8617843776
-34.2510514107
-36.6223116160
-39.2940306876
-36.4108423510
-31.0874617664
-34.1307054260
-36.6556342558
-38.4668099630
-39.6591762919
-37.1317543592
-29.7706724315
-32.4146116017
-37.4780313921
-37.1667793684
-31.3462015728
-32.3080982631
-35.1762503861
-37.5364677057
-36.2764811948
-32.3901271065
-33.2927938730
-34.7543436211
-38.1931928319
-41.0946152252
-39.0853422010
-29.7805307048
-33.2144649558
-36.2765226193
-38.6204358368
-29.8068250343
-32.5550068434
-36.4146328977
-40.2428038961
-30.1567153592
-32.0937873521
-33.4023274796
-33.1035435594
-35.2553495767
-36.4444148445
-34.1740145077
-31.5644299159
-34.4154819255
-36.7353082273
-37.3319723701
-30.4410323149
-32.8733649108
-35.9990359586
-33.0472679165
-32.4007970858
-32.3854588318
-34.0681122115
-36.4116216971
-37.1990999992
-35.0011615640
-35.1891625918
-31.7194539792
-35.2072492378
-37.9589971269
-40.6045071893
-31.8344818090
-34.7235143511
-33.2003125534
-36.9295750360
-38.9098300660
-37.6597031895
-35.8468108088
-31.8359485792
-34.8403299939
-38.6100571408
-35.3494387648
-30.5860958399
-33.6515921857
-37.1828179834
-39.3922262855
-32.1973309086
-28.6318070552
-31.4932561694
-35.9958564466
-36.8569811485
-36.1882681327
-33.4227003769
-33.0526572786
-37.0220576439
-41.4828225465
-42.2238950099
-31.3424278572
-34.4310506098
-37.5918927935
-40.9112734489
-38.1490397024
-31.5135811710
-33.3670707308
-36.4386461690
-36.4281794460
-38.7405267686
-36.0262649807
-34.7405070906
-36.6413368520
-41.0072980233
-40.2206561311
-32.3262690707
-35.8459136538
-38.7432441002
-34.2652439616
-34.2697711288
-32.4691615721
-35.2304106758
-38.2189680316
-37.4632213481
-37.5331095522
