-21.2672586611
-25.7698035602
-29.2810613274
-31.1574147116
-34.9650866290
-32.5022951942
-27.5306464445
-26.1966324892
-27.2830853510
-30.0945778191
-34.5746447557
-33.6527223730
-30.7108033026
-31.5403143692
-27.5270280741
-25.5519001357
-27.2295412717
-29.0087115186
-30.1623752948
-33.6590593592
-32.0875720427
-28.4867978906
-25.4869494519
-25.8581642500
-28.5350846484
-32.1070633191
-32.9864728739
-30.3655514875
-31.3558980264
-28.9121936603
-27.2487658756
-29.0982230626
-32.2901630747
-29.8168050024
-31.1150351482
-32.3414804585
-29.0767510658
-26.6652519303
-26.6691758216
-28.6308930723
-32.3155977984
-32.7813716491
-31.7043448697
-31.7235112093
-28.7167642535
-26.9933932469
-29.3210018879
-33.2156792768
-31.8186917475
-33.6728596417
-35.1845227930
-30.9199164562
-27.9382131917
-27.5025837062
-29.9509810579
-32.5000335582
-32.8276259045
-33.2246196927
-34.3020451506
-29.3626694311
-27.2775419359
-29.4107982512
-30.8576921955
-31.2421104056
-34.2122772753
-34.0234153480
-29.8744671518
-26.4417053982
-25.9067772554
-27.4704663214
-31.2724800819
-33.4157419785
-31.4583088275
-32.1066451787
-28.7017612954
-26.8220612573
-28.6462287401
-31.2883297047
-32.0306180412
-34.4474581888
-35.8941305078
-30.3547546358
-25.1387795760
-25.1252770478
-27.9973213986
-31.5466591266
-32.9242900370
-32.3214519227
-31.5351049580
-27.9003607924
-26.2161794439
-28.5681341237
-32.4942299265
-33.1742862008
-35.3180269390
-35.3064222758
-29.2436853285
-25.5105251613
-25.8153328712
-28.4724823484
-33.5170691963
-32.2194307888
-32.1675748637
-32.2406658837
-28.6683053131
-27.1637918401
-29.7357328453
-31.5730997545
-33.2142500611
-35.3322039464
-34.8085647521
-28.6815126759
-26.1338813123
-25.7452129102
-28.6507196536
-32.8508883071
-31.7130897933
-30.9124997832
-31.9915733311
-27.1659719126
-20.8256416180
-21.0766127141
-23.9591034847
-24.4713595823
-25.4979430801
-27.8031684535
-29.0621274262
-23.1871352578
-21.4780108496
-23.4408366136
-28.0088561492
-29.4770745881
-28.5105703747
-28.6036329799
-24.3460604615
-20.3539875752
-21.8450260532
-25.2996992225
-28.8889920847
-23.2860079831
-24.5384631507
-22.6074648609
-18.9905589886
-18.7976669126
-21.7644781878
-26.3004634559
-28.5535661639
-27.2716554538
-27.3051166179
-21.6914751718
-21.2156396353
-23.9989120042
-23.6867367932
-25.3322256954
-24.5113415785
-24.8024473986
-22.6686806669
-20.5309704753
-21.0356804863
-23.4305226450
-27.9995933870
-30.0967048353
-28.3506139192
-26.8406696378
-21.4772146712
-21.8954527766
-24.7100553757
-22.4439210797
-24.2883555803
-28.7641668060
-27.1459602044
-22.5431355774
-21.0555433243
-21.2608427038
-24.2019833792
-28.7435505262
-29.7595066321
-28.5546057163
-26.1002984526
-22.7630974327
-21.0237948895
-20.7978507426
-21.3273598445
-23.7797476271
-28.3805913430
-29.5771150100
-26.3270736815
-22.7259376298
-23.3036829790
-26.6078693955
-31.5482255721
-28.2270715727
-25.3819662895
-25.2626960702
-25.5293057248
-21.0310212633
-21.3511349141
-23.4818012079
-25.1977026698
-28.3156471432
-28.2494303708
-23.7856250494
-20.3295431969
-20.4405073721
-23.7818629780
-26.2003350066
-28.0734637702
-23.8335700485
-24.9012592702
-22.4188863655
-20.1994346819
-22.3946348741
-25.0947351723
-25.7263870401
-27.9668701479
-26.5438922563
-24.1809864932
-21.1971723591
-21.4640526195
-24.5788128077
-23.9655531135
-26.1447092184
-26.7492446750
-24.6377799259
-20.5101664675
-19.6501805300
-22.6458325088
-25.5252174208
-26.5066729087
-28.4489791456
-28.7782234333
-24.2452808170
-21.8073264121
-22.6417480923
-25.8848845035
-25.9806243294
-28.2518098161
-28.6808796329
-25.1071942630
-20.2089887229
