-28.7953404499
-30.3076097077
-29.3360229767
-28.5400377412
-28.7616462621
-29.9273626420
-29.0058025823
-30.4187304792
-31.0633268032
-30.9390763364
-29.4748491935
-28.5736102393
-28.7685373432
-29.9309745368
-29.0170615963
-29.3839705545
-29.1700622375
-28.5208118450
-28.7588434835
-29.9248032457
-29.0328516613
-30.3004454624
-33.3820529743
-32.9102036486
-29.8113949270
-28.6490341124
-28.7909233237
-29.9418503530
-29.0403162439
-30.3136605954
-29.2184849269
-28.5368206958
-28.0025204623
-26.8352103695
-27.5717392005
-29.3205928071
-29.0781375734
-30.1499666851
-29.0403317769
-28.5013283266
-27.9874230004
-26.8282442020
-27.5665336701
-29.2351540187
-29.0568895343
-28.7407827153
-28.0414680819
-26.8412858618
-27.5632428325
-29.3153704474
-29.0526730678
-30.0946684481
-32.3229652934
-30.8572041355
-28.4009966174
-26.8997351272
-27.5855148904
-29.2395426651
-29.0409208166
-30.0999516532
-29.2160459311
-28.1274272979
-28.3839521002
-28.1637676209
-28.0345096821
-28.6308853121
-28.7263105389
-29.7295356730
-29.2918866593
-28.1434594508
-28.3578959682
-28.2737530570
-28.0501443973
-28.6377259044
-28.7234093717
-28.0121042832
-28.2998532056
-28.1286985811
-28.0370367141
-28.6268319635
-28.7124028018
-29.6625874567
-31.3106781462
-29.3970562297
-28.6080565839
-28.3178142908
-28.0634643925
-28.6349011178
-28.7157428336
-29.6640322147
-27.1761719625
-27.5535929837
-28.0886194927
-26.9206452807
-26.6345702447
-27.0282538626
-27.0926957667
-28.0041814154
-26.7113547298
-27.3916402723
-28.0436908859
-26.9161660131
-26.6273568112
-27.0319550841
-27.0962597620
-28.2548935254
-28.2524014497
-26.9456126672
-26.6437928757
-27.0245099198
-27.0927475501
-28.0815885954
-29.4501523809
-30.0027476750
-28.6307221926
-27.0101840298
-26.6567866361
-27.0315641191
-27.0951723097
-28.0888576958
-29.6021199386
-30.6375219756
-29.3874737052
-28.5439460963
-28.7575709055
-29.9288578887
-28.9974447351
-30.2671979074
-30.9613522752
-30.9476646191
-29.4760570422
-28.5673522107
-28.7708986680
-29.9357282562
-29.0096047811
-29.4891932047
-29.1984473288
-28.5349280104
-28.7630470042
-29.9294508092
-29.0372312454
-30.3088292004
-30.8705539064
-30.8826893544
-29.4631953311
-28.5787355052
-28.7696273846
-29.9299621706
-29.0317939844
-30.2966885738
-29.2588682407
-28.5550834201
-28.0059795960
-26.8278791287
-27.5768411640
-29.2380823720
-29.0781919461
-30.1271353683
-29.0161799818
-28.5066205941
-27.9937612934
-26.8289316272
-27.5733354250
-29.3356138877
-29.0948286699
-28.7493930065
-28.0487928495
-26.8355223647
-27.5647251336
-29.2218560318
-29.0449197926
-30.1118877352
-28.9312007710
-28.4929381149
-27.9888962393
-26.8300553278
-27.5642539042
-29.3196024487
-29.0659671709
-30.1031894125
-29.2155721129
-28.1420781276
-28.3690837803
-28.2756056095
-28.0561266791
-28.6411474951
-28.7292906758
-29.6600138200
-29.2207245648
-28.1385037756
-28.3654032723
-28.1477976082
-28.0390562682
-28.6303053376
-28.7245460182
-28.0194497642
-28.2962218919
-28.2433380539
-28.0536164769
-28.6378424172
-28.7166917651
-29.6605588407
-29.2101348521
-28.1358951849
-28.3497348982
-28.1400313868
-28.0324124529
-28.6353011449
-28.7208137269
-29.6634975507
-27.1679280385
-27.5272222667
-28.0822682538
-26.9226350595
-26.6370739742
-27.0435247996
-27.0944188606
-28.0673481496
-26.7400828888
-27.4347228005
-28.0584750579
-26.9157698697
-26.6350104040
-27.0420166068
-27.0961277142
-28.2279506019
-28.2449420453
-26.9473966067
-26.6418976018
-27.0315705920
-27.0942518591
-28.0797722913
-26.7376296486
-27.4304053563
-28.0473144321
-26.9140182948
-26.6334685520
-27.0348912053
-27.0918258048
-28.0885353439
