-34.8575583522
-30.6308263751
-33.4896679954
-36.6216254924
-34.0580869436
-34.8770094995
-32.3737596597
-32.1436677469
-33.4906855497
-35.3672121324
-36.1594144049
-34.0992599486
-36.9241157700
-32.7311935019
-34.3266914721
-33.4645504537
-31.0184914102
-34.1452332645
-38.2638124742
-35.4480421803
-35.7899370746
-34.5288280885
-34.4926534803
-33.6999320339
-35.2941418348
-35.9734989644
-34.5666325805
-37.4433468638
-33.3291458417
-33.1157527996
-36.6857566703
-37.0546592011
-39.2810421118
-41.4570913774
-43.4918131909
-44.4231223105
-42.6399773370
-42.0321992844
-41.0886575482
-41.2530168183
-43.3269594010
-43.5858932961
-45.7879116121
-37.5803114318
-37.0285797735
-40.2923127271
-39.2144149748
-40.8638320725
-40.8200699102
-42.3395455030
-44.7872645491
-42.9405334481
-42.0979603401
-40.6900029128
-41.5303726789
-44.7314653337
-43.5184143296
-43.5719803861
-38.4632938653
-39.0793560469
-36.0747549801
-33.2120842210
-36.4822568668
-39.1193768651
-40.4460874749
-37.4596133362
-34.0939806285
-32.8710605534
-33.0348955623
-35.0471167643
-38.1002040497
-38.1135758269
-39.1596954327
-32.4841218003
-35.1910306673
-34.6269240259
-30.9981379297
-34.1358578726
-38.5428150774
-41.5278961293
-39.5377765319
-33.7570620973
-33.2573765982
-33.3904354176
-35.4189386009
-34.6185441705
-36.9702664542
-39.7433036352
-32.6600391811
-33.0926586832
-32.2034983245
-30.5954220421
-34.3942766007
-38.1033434190
-39.7802899401
-38.0398427010
-34.7152807888
-33.7868453413
-34.7414443707
-35.5123727345
-34.8197875199
-36.9052666090
-39.7786820665
-33.5781076279
-33.7958517755
-35.5949867150
-32.8119704753
-35.8766225154
-37.8371908710
-37.9776663488
-37.3822903305
-34.3990135034
-33.5315685664
-31.8896001020
-33.6205001334
-35.6061809986
-37.0189635920
-39.6230690062
-31.7967562815
-31.0175826131
-34.4124500033
-33.6612718169
-36.7218768932
-37.6562906577
-38.1730206027
-37.8668614785
-36.5113449224
-35.3990576506
-34.8917069327
-35.7843043335
-38.6962454690
-38.8702377661
-39.0465849104
-34.0827034863
-36.0312258273
-37.4504411977
-33.5296499874
-35.8320356987
-36.7304846070
-39.7833412734
-37.8708992852
-35.0615306827
-35.3343840337
-34.4789127464
-36.1330993647
-39.4703234502
-40.3680550450
-41.4797556821
-33.8375154184
-34.9517666428
-38.7512679388
-34.0838660238
-35.9657599250
-36.0665706110
-38.2559905890
-36.8599224535
-34.0757217913
-35.0929696955
-34.4431213353
-36.1710734441
-40.3480692266
-41.6264801068
-42.8263380761
-33.6490069031
-35.0596146925
-37.9355923136
-34.7066640242
-36.5748016194
-37.0386503546
-37.3368270755
-36.5673124458
-33.2453887332
-34.1409999816
-34.1019539831
-36.6453643034
-40.6874370294
-40.8020415094
-42.3773745766
-34.3010094735
-36.4526108589
-37.1022041513
-33.9860458368
-36.4936492247
-35.5359536104
-37.2221008962
-36.2706943964
-33.4937084069
-32.9922467264
-34.0142936995
-36.4032068868
-38.9101213568
-39.6075378658
-40.2481065223
-34.3550208884
-36.5978866664
-37.3096744373
-35.4529991510
-37.7377679892
-36.7481854764
-38.7749886331
-38.5066352938
-35.3815820379
-35.2665089070
-35.3788452835
-36.2868689542
-37.9689693244
-37.3414759313
-38.4278973116
-35.0071451332
-35.2728717936
-38.1952848842
-35.8133626021
-37.3126558635
-36.2957252092
-33.4744100172
-37.0881086855
-35.5925295914
-36.8946445327
-39.0920818235
-39.6038003973
-40.2410549152
-34.3741212060
-36.5812253498
-40.1269242612
-38.4792962399
-39.6095690694
-37.1094188739
-38.8781696884
-38.5193144646
-35.3875966828
-39.2120885887
-36.9483141656
-36.6253202409
-38.0389326116
-37.3395495880
-38.4205492440
-35.0357761903
-35.2895952514
-39.4456318207
-38.9059618539
