-16.8128703893
-18.3743617391
-17.8115131065
-17.5679586723
-18.0560320102
-17.4842403586
-16.0812374163
-17.9990339423
-20.6437884768
-23.2224062405
-25.2836087887
-24.9985215066
-25.1378358078
-25.0043924557
-23.3920527020
-17.5523368936
-18.9331259536
-21.3379223642
-17.4052615174
-17.3541499565
-19.5558608493
-19.2629477368
-20.1066063668
-21.1533778006
-23.8806424941
-22.9128486940
-24.0906606232
-23.5024161937
-22.1487023302
-17.2559982818
-15.0237608709
-14.8459157472
-17.6617527545
-15.7881792771
-15.6202985907
-18.5878273885
-19.3913435168
-18.2320763430
-18.5608016135
-20.6890329859
-22.6550616195
-24.7675466398
-23.4165165140
-20.1773127837
-16.3190102400
-16.9271875596
-15.0753346091
-17.0111634999
-19.9690021970
-21.5718838882
-24.1861013997
-23.6521389782
-22.6972094647
-20.0045916656
-21.8013596555
-22.4359075884
-23.0825417547
-17.1120286165
-18.4287214278
-15.0182679367
-13.5817635729
-14.7953478994
-18.0045579547
-21.3837636664
-22.4004838282
-24.1518013362
-22.1393101094
-21.1340638641
-21.1917855854
-23.2904781910
-22.8874281963
-17.8088553210
-18.7605303991
-15.8788430567
-17.9400267003
-15.3319074249
-15.0975665461
-17.6332640850
-21.7389139891
-19.5979711467
-21.6011816577
-21.4470067983
-21.5315083276
-20.9257273854
-23.2903927462
-18.5069066869
-15.3380243493
-17.4405040426
-16.0611299028
-14.6078697541
-15.5561388837
-17.5335653950
-18.4282605606
-18.8195247031
-19.5050405623
-20.8421229937
-19.7655268733
-18.9909434787
-18.3898074590
-16.7825848435
-16.0054704524
-15.1157231249
-17.8951938756
-16.6214398937
-14.2176127383
-16.4627442918
-20.1510572820
-21.8943484985
-23.8274052259
-23.2762791759
-25.3433254784
-21.8253250387
-21.2551918314
-17.1672893320
-17.8253276344
-18.0857751336
-19.5147201898
-19.5598921926
-17.3241155484
-16.4831922978
-19.0615217394
-22.2855297434
-23.8415615311
-25.2633342899
-29.9465160287
-27.5285453248
-21.9056631804
-22.2466973336
-22.7148728020
-24.4621822527
-25.5462919829
-25.6163265014
-25.6423904038
-23.5052785235
-24.5208024045
-25.1107414232
-22.9348424156
-22.2620653701
-21.6265995764
-24.4204383134
-28.1017867088
-25.5854130754
-24.3438635559
-22.5188232487
-23.9878704795
-23.5520674649
-25.8366715256
-22.7093630352
-23.4008390793
-24.8337686082
-23.4759406122
-23.3952723542
-27.3208238209
-21.8276941273
-21.9877580725
-23.7550533902
-25.5520321813
-22.9627096777
-24.1911166243
-25.3158931968
-23.2087419037
-21.9937507111
-23.2984049425
-23.8816212024
-25.8067769394
-22.2303997833
-20.1648860534
-20.9673884680
-20.7692028395
-21.6856767237
-25.2163913079
-23.6201497501
-23.7912383760
-23.3242914955
-25.5194254342
-24.0371942113
-25.3771568887
-24.3806828736
-22.3403891319
-20.2611657348
-21.7719880770
-24.5439314872
-21.5088142320
-23.8926005793
-23.5689359208
-24.7193168369
-25.5521784652
-24.9483148880
-25.3898736173
-23.3422823535
-24.3427527921
-25.8638798465
-24.6328255419
-24.7423358781
-24.4733260525
-25.0060637756
-28.4523243445
-25.5093729704
-28.1707958984
-23.8836459334
-24.4112610030
-23.7081686682
-25.8136861497
-22.7231969840
-23.4719998934
-24.8904132246
-26.0621728945
-26.4623747547
-23.1827621487
-22.3101359471
-23.2457903731
-24.3787034494
-25.8218446376
-28.9400013531
-28.7944135226
-26.6772320272
-23.5099299721
-21.9338398480
-23.0823385041
-23.7641439791
-25.7707162437
-26.5890163467
-23.7403637276
-23.4816743329
-27.3684270442
-25.5071436963
-27.1087706341
-23.9540015171
-26.4368480981
-24.7603034382
-26.0789973295
-24.1616712603
-25.3971090497
-24.1892783134
-22.3233808581
-20.2666366568
-22.1456030918
-21.5211814149
-20.0454928283
-20.9199522365
