-24.0710592948
-27.0455469336
-24.6091488570
-19.0370229891
-20.9129588829
-22.9703684548
-24.6941449087
-26.8021634664
-31.8105733868
-25.2984926681
-28.8849918108
-23.5927873764
-26.7063977523
-26.6971997253
-30.1937210939
-25.5047577766
-23.9314278194
-25.7346050670
-16.5701859184
-19.9243998043
-18.0653724503
-22.1720139371
-25.6156805064
-29.4100538647
-22.7666549530
-26.6517286712
-21.8755536975
-24.6050061777
-24.4503730459
-22.3294472930
-22.6503583921
-21.4868295717
-25.1193970294
-18.1523880758
-20.5658673416
-21.9236268655
-26.0095557279
-27.3865939774
-31.9027776738
-25.5935948651
-28.7591464062
-23.0057753874
-26.1942815142
-26.2417513996
-24.5346311832
-24.9582521317
-28.8049268511
-28.7062832919
-19.0399927682
-22.6832991237
-21.6760437128
-25.9247059620
-27.1402433193
-30.7902455556
-21.9726295390
-25.8541756160
-22.3359953079
-22.2380533882
-23.2919242502
-22.7227840182
-24.1034032406
-19.9291522389
-19.3641934557
-19.5081423987
-24.1194379710
-24.6459681846
-28.8243145661
-28.6343172590
-32.1864162549
-24.2675554687
-28.2119067853
-18.3938776300
-21.1780603751
-21.4827775164
-22.6919314407
-22.9758147825
-18.5604935031
-22.5012777111
-21.7677094844
-26.0761440543
-24.1944294774
-28.1956739716
-28.7071869108
-31.5918608885
-23.2956940846
-22.1719220386
-15.5053328326
-19.1448930987
-24.5910168734
-24.9555127912
-22.7415127981
-26.2769563692
-30.4507896092
-23.9198529249
-27.8863572445
-26.0721062541
-29.4147661593
-27.2422528152
-31.3058312011
-25.5614244014
-24.2435266583
-16.7302796634
-20.0379531530
-19.0108982395
-21.1940938345
-25.8579817053
-28.2711263416
-32.1939818164
-23.6749055676
-27.4571010040
-24.7276125527
-28.8480689222
-27.4895666452
-24.2475359931
-19.3290959128
-20.4442539043
-17.1618714991
-18.1539843055
-17.6966832950
-20.0330997556
-25.2670225651
-28.7545338043
-31.9274136560
-27.4786532852
-30.7714378154
-25.3411855298
-28.7321853590
-28.3295691302
-32.4253890262
-23.8103840089
-27.6664847551
-22.8837930001
-25.8481247317
-28.2321217585
-31.2248548634
-35.2533714322
-29.7917728865
-31.2056250917
-24.9766753885
-28.8424983198
-26.3105042742
-30.0982725591
-28.7219969742
-31.8211967654
-23.7857299086
-27.5277841024
-23.5175732148
-26.2885688092
-27.3641924638
-31.3698937829
-35.0826725521
-31.0552680061
-32.4889001204
-25.3675743719
-29.2451184339
-25.1315622610
-28.8949691829
-29.1326720056
-33.1397621761
-24.3763227107
-28.0836042523
-24.4404966462
-27.5960761138
-28.7320546164
-32.9523682955
-34.7925494331
-31.4420928398
-33.9948308904
-25.0238565790
-28.7557947179
-23.7663473692
-27.8060100574
-27.3190826094
-31.2213400509
-23.7972815038
-27.6788739442
-24.0199257333
-27.0495057784
-28.2701204478
-31.8741388540
-33.3230315144
-28.4937252209
-30.7215030539
-22.9594796834
-26.3762278150
-22.7501696955
-26.9187732947
-26.8270674223
-31.7516930372
-23.8630607235
-27.7572093451
-27.2363249071
-30.4602789197
-30.1127758250
-32.3847791739
-32.3993380846
-32.4833437573
-32.3079985822
-20.2088502039
-24.0287237278
-22.0608970234
-26.2202483118
-27.7878755110
-31.5769912659
-22.9294543494
-26.3303891129
-24.2337603003
-27.5805229580
-28.9791431739
-31.1259472138
-31.4924988435
-27.3837924963
-29.5966813773
-21.3292292225
-25.3027531404
-21.8130031713
-25.7213743891
-27.1502388195
-31.2612055346
-24.0570026792
-27.8797509740
-25.0935040193
-28.7960278628
-27.7133086535
-29.8033542526
-31.2951457006
-26.6604736094
-29.7523708667
-20.4357225760
-24.2179365566
-21.4582697014
-25.5851230830
-27.2292875334
-29.4966953263
-25.0113327510
-29.0292125649
-24.2277987287
-27.4332845107
-30.1694256051
-31.6562031047
