-19.2399908288
-14.0646780239
-15.5737348887
-15.7201228609
-12.9050183895
-12.3122193868
-14.3354744834
-15.5362656809
-17.5863210646
-15.7260779041
-14.8263078841
-15.7444131400
-17.2977473411
-18.0683913512
-17.0637780081
-17.3531453171
-15.2794947852
-14.7447645123
-17.1712792479
-12.4219110022
-12.4134016903
-15.7731309876
-16.7800927547
-17.1554050311
-17.8025519753
-16.3509904096
-16.1775378249
-18.2899624687
-18.1068678083
-18.1344438090
-19.1540419355
-19.8130899731
-15.7282865185
-16.0912251541
-17.2476430303
-18.0024723785
-19.8495273925
-16.7312596379
-18.1430527783
-19.2023610734
-16.4418975700
-16.7173363855
-17.7500409558
-13.7591478121
-14.5025344039
-13.8575325210
-15.8212015799
-13.4820739147
-11.7300476241
-12.8293692212
-15.3004269588
-16.8458202100
-16.5435795720
-17.9798015647
-18.5824807437
-16.4743800399
-15.7259679181
-16.2991525786
-13.8886246170
-15.4069274142
-16.5182652357
-13.4064454611
-12.7758600652
-14.5734052574
-15.2294318347
-15.2356341970
-18.1302545106
-18.7943553446
-19.6061529216
-20.3364057857
-16.4374377161
-13.6142576863
-12.5533801748
-15.2181210292
-13.3721311505
-12.5091376768
-12.9534993754
-15.5747291381
-17.4944287509
-15.2205522558
-16.1324810271
-19.1756705840
-18.3053887601
-20.0862295541
-19.7128035379
-13.6917503350
-14.5556979049
-14.3678029036
-16.3433562309
-16.1018330010
-13.7849139820
-13.9736815372
-15.0151311396
-13.9744181483
-12.9775929167
-13.9079786833
-16.3557674242
-15.8149914516
-16.6156466045
-13.4084857212
-10.1915490768
-11.9611494788
-12.2930336096
-12.6554919865
-12.9254223786
-14.8437550767
-16.0295393974
-16.6301006616
-17.2495900748
-16.1412039585
-16.6675647119
-19.8011305749
-17.1835816989
-15.2346956248
-13.8550857627
-14.4880803618
-13.3167513255
-14.1740537748
-14.4869009928
-13.9703622210
-16.6449107181
-17.0957310291
-19.4032070307
-19.6920461065
-16.9025191845
-19.1139615081
-21.1423012715
-20.1307516295
-21.9348909441
-22.2297951280
-19.1922968999
-19.5573366141
-21.5701399904
-19.9685049719
-20.2722900110
-19.8123766054
-19.4797067728
-21.0685707160
-21.7936710876
-17.9529880950
-18.3303263848
-20.6882976418
-19.2458293986
-20.4899385302
-20.3969807678
-18.3349260491
-18.6464113106
-18.4076869762
-17.7310157086
-18.9237544287
-20.3287055657
-18.7880027877
-17.2798963267
-17.9150761174
-14.7185128701
-14.8619828374
-16.6715753212
-16.4153792458
-17.2256920078
-17.6230782755
-15.7406459330
-14.8870123789
-16.2550705925
-15.8865535985
-17.0450091495
-19.1896831852
-21.6802743906
-20.4759039341
-20.6402231846
-19.3291567268
-18.9718780852
-21.2633593465
-19.4455931407
-21.3082983261
-21.7466970375
-16.5836250119
-17.0528155259
-20.0588451737
-18.9971108780
-20.0923387129
-17.7069739448
-19.0835025075
-20.9697199922
-24.3450221650
-25.8796905546
-22.9515062785
-18.9453985889
-19.4777286454
-21.3993750298
-19.5825137186
-19.7902792898
-23.0185697059
-24.0293204649
-18.7525375605
-20.1336294803
-18.5869224606
-18.5263798457
-20.7091456584
-24.9265761426
-25.1440174047
-21.5069551826
-18.6719755062
-18.7219323036
-18.4896355918
-17.8637056415
-19.0198347474
-22.6360557735
-20.9264587843
-19.6689688307
-21.1093009918
-15.3047081405
-15.0554458562
-16.7165505524
-20.8330958210
-20.1559365665
-18.2159237798
-15.8740957981
-14.8881982210
-16.1567959416
-15.8184402227
-17.0152789714
-20.7943889800
-22.1664497825
-19.3170122131
-17.4806374929
-17.6038640002
-18.5296641973
-21.0452733374
-25.4918338757
-27.4455959956
-23.0705396326
-16.7620501011
-17.1557869350
-19.9362038332
-18.9699232698
-20.0863887945
-23.6934647369
-22.8585744536
-23.1864672375
-20.8059224702
