-20.3180874067
-21.1043090975
-21.8095621650
-21.8170966575
-21.1601704972
-20.3626341228
-19.5238819795
-20.9608456272
-21.2681674742
-21.3275138998
-21.8537308595
-21.8194903475
-21.1558452843
-20.3487561573
-19.5176032356
-20.2308387577
-21.5654523873
-21.7511193626
-21.1341959176
-20.3366207050
-19.5053901077
-20.8421877300
-23.2198067402
-22.8912731229
-22.1877587123
-21.8886458515
-21.1620424689
-20.3416941888
-19.5071352101
-20.8742067334
-20.1307465189
-19.9781057289
-20.2588924465
-19.6601113037
-18.7873335255
-19.7597698527
-20.4429580260
-21.6046421003
-20.2407475201
-20.0002522177
-20.2579875306
-19.6573913778
-18.7772486974
-19.7299179858
-20.4369550293
-20.5550989781
-20.3681244633
-19.6706621826
-18.7778675096
-19.7490998718
-20.4362468904
-21.4197958926
-23.1321360677
-22.1586227532
-20.6627049929
-19.7318029075
-18.7877840415
-19.7242243949
-20.4307034718
-21.4229378536
-21.8449043706
-20.1878274224
-18.8507889728
-19.7944142788
-21.3377631400
-21.4280695961
-20.7537390085
-21.5666343433
-22.0366701395
-20.2098263280
-18.8482891264
-19.8231722205
-21.3440030460
-21.4336376118
-20.7589264159
-19.6056131009
-18.7068775696
-19.7310313304
-21.3017697573
-21.4017817269
-20.7251208833
-21.2769447699
-22.6078092280
-20.6120452383
-18.9076886342
-19.8298393404
-21.3396143984
-21.4230893227
-20.7350956710
-21.2805035876
-18.4204205425
-18.3532884727
-20.0475175657
-20.2271724918
-19.6351050728
-19.3532438441
-19.4692025353
-20.4347840072
-18.2171225751
-18.3214610653
-20.0403843949
-20.2209261127
-19.6350286922
-19.3488901501
-19.4661278926
-19.9033291266
-20.5353785445
-20.3281450479
-19.6356436207
-19.3460692463
-19.4585429110
-19.9165546214
-21.0395668371
-21.0189453718
-20.8091071713
-20.3992786834
-19.6548682283
-19.3529913997
-19.4637264349
-19.9201225014
-20.4165355191
-21.1076025249
-21.8129863457
-21.8229779629
-21.1834665777
-20.3772733051
-19.5414974162
-20.8773292759
-21.1839093252
-21.3237492429
-21.8684593675
-21.8289693082
-21.1779348104
-20.3710256314
-19.5314151776
-20.2807502395
-21.5862563888
-21.7532295383
-21.1439829900
-20.3440205604
-19.5145039958
-20.8730325435
-21.1616411466
-21.3078323044
-21.8524194436
-21.8146123464
-21.1554866839
-20.3532613177
-19.5179644251
-20.8522311306
-20.1231175216
-19.9702048682
-20.2559407896
-19.6636325787
-18.7830808092
-19.7373061900
-20.4419378920
-21.4280229889
-20.1199173043
-19.9752123283
-20.2582063157
-19.6648689086
-18.7863444614
-19.7568350254
-20.4481156580
-20.5532774950
-20.3723603498
-19.6711994360
-18.7743552967
-19.7201153776
-20.4377408431
-21.4253522571
-20.1031459385
-19.9653812396
-20.2488490456
-19.6491927623
-18.7758104119
-19.7393309233
-20.4338337815
-21.4190191409
-21.8261069780
-20.1850142862
-18.8407844090
-19.8092618899
-21.3503659376
-21.4369569310
-20.7643856864
-21.2983818244
-21.8084345807
-20.1852304821
-18.8470165480
-19.7858713035
-21.3438930061
-21.4377466287
-20.7555954453
-19.6142984810
-18.7187929429
-19.7618942693
-21.3107645428
-21.4211811024
-20.7402235274
-21.2829840147
-21.7854504962
-20.1835708224
-18.8370935432
-19.7758900425
-21.3163985825
-21.4236369326
-20.7361572317
-21.2805488979
-18.4110529153
-18.3618676967
-20.0597060962
-20.2360572379
-19.6414576081
-19.3599226152
-19.4743705241
-19.9249655491
-17.9275313580
-18.2288359951
-20.0124265080
-20.2031902797
-19.6297661986
-19.3533564731
-19.4691973569
-19.9105283213
-20.5504436456
-20.3360614434
-19.6429955767
-19.3463721795
-19.4761492858
-19.9148625970
-17.9130423467
-18.2214943954
-19.9962558299
-20.2022245183
-19.6039042468
-19.3378123744
-19.4699249145
-19.9190700027
