-34.5459787586
-33.9487604687
-33.9796751792
-30.8857626992
-31.3600329342
-31.2414980607
-33.8588527826
-31.1399559241
-32.5710131059
-32.3156469997
-34.5778009649
-29.2481956732
-29.0354473047
-31.2923312677
-32.0337884774
-31.7617144386
-31.4514902454
-32.9695137962
-31.5607105682
-31.8771759617
-31.0526257541
-33.0996300217
-31.0474409378
-32.4388837971
-32.2032588271
-34.4774252621
-29.5716259603
-29.2534322774
-30.5122876184
-32.3176380625
-36.2144265267
-39.7042835275
-40.0327664765
-39.9514341413
-41.6791723234
-37.9359094918
-39.5294640051
-38.6845644244
-40.3348269139
-38.3987134699
-40.8184879192
-38.9577724599
-38.0481125191
-39.0470276496
-40.1848945074
-40.4800302149
-41.6518513959
-40.9160673046
-39.5465279252
-39.8942406524
-37.8382886794
-39.8062748611
-39.0767901783
-40.8969553319
-38.2825826728
-40.3444003751
-39.6651663390
-38.3724851677
-39.7754624332
-39.3948840795
-37.3147233193
-38.5065006538
-34.1501332814
-30.1399854301
-32.0513495346
-30.4878950320
-32.9724809861
-31.0184124331
-33.2512143604
-29.9704076187
-31.1337483851
-30.6592192359
-31.8926138982
-34.1564560383
-34.9479346733
-32.8302357897
-34.9454723664
-31.1850748331
-28.7782143726
-31.9823403352
-31.5792697512
-33.1155055301
-30.5462536648
-32.0593034691
-30.5570595762
-30.6141158601
-30.4486082350
-30.3492267580
-31.8488219416
-34.0015083616
-31.1011856683
-32.4637903313
-30.2931970816
-28.1682520653
-31.5965861217
-30.9092827357
-32.0917600342
-31.0973057939
-33.2732611600
-30.8491531059
-31.3754061393
-30.7062450675
-31.3176740865
-32.8445487288
-33.1534666711
-31.0085632324
-33.0696513023
-30.5103651590
-27.8316143928
-30.5997511242
-31.1056468106
-32.2604717516
-31.1880122475
-32.7457640641
-30.8714186832
-31.7753749061
-31.7941373362
-32.3853228980
-34.1970037606
-31.5677958373
-31.6221580884
-34.7788850769
-31.4799672476
-30.9787877553
-33.4912098549
-31.1207986467
-31.5896639835
-32.6094869055
-36.1445875131
-33.1699907618
-32.9525210684
-32.0384192153
-32.6562835932
-34.8789578501
-33.9755221506
-33.9844793888
-36.1809019398
-32.5056753595
-29.1020925894
-31.1080702764
-31.4466070699
-33.8220244079
-34.2149428352
-36.6969884953
-32.2827787548
-33.6436486171
-31.9601187791
-31.8189636160
-35.0040277700
-33.4973837353
-36.1329038770
-37.7329223556
-33.3186674591
-31.1586251484
-33.5219523791
-33.8059702571
-36.2255120658
-34.1605818851
-36.3220260111
-33.0840160271
-35.9887931872
-32.1304500217
-31.4709465782
-34.5755457922
-35.7501091494
-36.6771981643
-39.0131794089
-34.1443607149
-31.1845065083
-33.1933942814
-34.7799272261
-37.9448330651
-34.5154563074
-36.6869373298
-34.7637190096
-37.1471896920
-31.9975569011
-30.9046170485
-34.5476979559
-37.9377193217
-38.6842071142
-40.6525453614
-32.8451960107
-30.2341095904
-33.4416556924
-33.6832836614
-36.7992724061
-33.9364593152
-35.0506548667
-34.4786098125
-36.7076532925
-33.3941573464
-32.9902103386
-36.2058809525
-37.1485257020
-37.3481741093
-36.3810850088
-34.0036043019
-31.7541838302
-34.1081407999
-33.7892170178
-36.4427487016
-34.6099351723
-35.8526325634
-34.6533270988
-33.7141517633
-30.3075889920
-29.5927730272
-31.8672710819
-34.3019182767
-31.8916429513
-30.0189584756
-33.3167527637
-33.6496296104
-36.8014511937
-41.7715370966
-38.9087607304
-35.0523779604
-36.8592868105
-33.3789135990
-33.0102582939
-36.2628673170
-37.1263390945
-36.4940427848
-38.0356689541
-34.6075570167
-31.7964274600
-34.1046531857
-33.7741829935
-36.4231266671
-41.5759148827
-39.5096296587
-35.1483248807
-33.9229011242
-30.3102260633
-29.6247467104
-31.8635556209
-34.2586765248
-36.5980562649
-38.1781031449
