-22.9109676457
-23.9704052256
-25.2928172029
-26.1403645805
-30.4019111890
-29.5519547275
-31.1922934286
-23.7986744710
-26.3333109850
-29.9137151124
-32.0078954552
-29.2488170603
-29.3575571007
-27.9120004185
-29.8797840130
-26.2473931988
-24.4461876484
-24.6629622123
-28.1562667633
-30.7857209390
-30.5899601767
-31.3677007506
-24.2158988804
-26.8277638872
-30.5267973349
-31.0022624735
-31.8648941810
-29.2776371192
-28.1085729444
-26.5676142442
-31.2465728131
-34.0906651907
-35.2201963969
-37.9493757682
-41.0722240758
-38.8883166517
-40.9288668650
-35.2694281914
-38.0791139445
-38.8285896571
-41.8813166480
-43.4455149358
-41.5029378188
-34.2354438929
-36.4536530026
-39.6271831890
-36.6422495332
-36.9137655634
-37.7788089472
-41.1252295733
-39.5553155816
-41.1748057310
-35.7008268567
-38.1978831069
-38.6716729455
-41.6130643120
-43.9002716831
-38.2677764960
-33.7387773709
-36.2680560258
-30.5859119972
-28.2812500036
-27.7544415269
-28.8933379828
-32.2248835302
-31.7883453612
-32.7545400549
-25.7378842480
-27.8929065515
-31.0572797886
-33.4897184795
-26.0822907460
-26.1885646087
-25.7879122420
-28.3429538417
-28.4896912714
-25.5539779448
-25.8869066499
-29.0805907869
-32.4733106753
-31.2695504430
-31.2515608729
-24.3480023370
-27.0163332897
-30.3489018156
-28.3713195158
-30.4456397007
-26.7306971152
-24.9964333636
-25.7651223417
-27.6177228762
-27.0045901218
-27.3679053306
-29.8716669350
-31.6668109076
-31.4932095631
-32.1538302230
-24.7783629043
-27.4177895966
-27.0541960676
-29.8033322278
-30.4680696646
-28.0942418372
-26.9929271940
-29.1252087078
-30.0993289294
-27.9138633267
-27.5690322157
-29.7264571229
-30.6526854327
-32.5263524810
-32.5389682069
-24.9546894194
-25.6591643422
-28.7739422323
-30.3431175818
-30.1101270469
-27.9159773617
-25.5067863983
-26.8969685900
-23.3190458108
-25.2112543838
-23.4337086228
-20.9192453837
-20.8849867447
-24.8207489399
-23.0346847810
-18.0214768990
-18.5894585748
-22.7198232830
-22.1828703373
-18.8651834611
-18.7908690322
-22.1906171480
-20.7587969398
-20.9596442398
-24.5266616961
-23.3961837445
-19.8419553561
-20.7265319641
-25.3849671092
-22.8849516293
-17.1708015495
-17.8468268341
-22.0259056336
-22.2181698260
-19.2898505139
-18.6696348964
-21.8906084317
-21.9232164729
-22.5354470183
-25.6903159694
-22.7252851510
-20.2719586913
-21.0830260815
-24.3278300867
-21.9095197429
-17.3520099985
-18.5206461274
-22.7578659912
-23.3676808394
-19.1267015619
-18.7700986854
-22.2130471429
-22.3523472166
-22.6970774077
-25.9138547429
-23.1233056851
-20.7046314451
-20.9471424232
-24.3183058138
-21.5442651692
-17.6077775621
-19.4679027590
-24.0813124060
-22.4450292370
-18.7351772015
-20.1140282151
-24.3192793511
-24.2245389471
-21.9349091728
-24.2662349828
-21.0616175191
-17.4731366772
-17.4134446016
-21.6454914591
-20.4478321349
-18.5541823814
-18.6694640194
-22.7752484067
-20.7657436991
-18.7696339331
-19.5110862835
-23.5213559842
-22.8044193254
-21.0393415707
-24.0764564141
-20.8086307345
-16.1539750537
-16.6915223294
-21.0096463375
-20.9539066424
-17.0562267668
-17.3438929458
-21.4981131692
-21.7919169482
-18.6587474232
-19.3977853755
-23.5640371964
-22.2273057225
-20.0722674634
-17.3065272841
-17.3953203909
-21.6409746477
-20.4012451509
-23.8423861627
-21.7415730748
-24.4000201036
-21.0189440665
-18.8062111770
-19.5543164064
-23.5825277709
-22.8012152244
-26.2989940931
-22.0765395006
-19.7255837015
-16.0522503287
-16.6262971778
-20.9527492687
-21.0008263342
-24.4369494601
-20.0741601428
-22.8592282128
-22.5244003225
-18.7578078800
-19.4030297452
-23.5592355760
-22.2916777294
-25.4779611227
-21.5232462722
