-28.0728177739
-27.4300273413
-28.1286908119
-27.7631709282
-27.3170682389
-27.7609649546
-27.3076708385
-27.9631611625
-27.6502428958
-27.3411449484
-28.1097044138
-27.7440524821
-27.3035424041
-27.7593247141
-27.3055438336
-27.4227776606
-28.0511477006
-27.6836173234
-27.2667774555
-27.7268914508
-27.2776610397
-28.1384998885
-29.6230417424
-28.7269151083
-28.4238382927
-27.7965971388
-27.3054001351
-27.7393712599
-27.2894301213
-28.2360637729
-28.4062474589
-27.9369924032
-27.2820548651
-26.8803564693
-27.1370366325
-27.3590879106
-27.4303626391
-28.4385357271
-28.3925442663
-27.9332393984
-27.2778591118
-26.8783977606
-27.1247069951
-27.7108580027
-27.5198897357
-27.6024662004
-27.1759234077
-26.8334743302
-27.1030187952
-27.3167420015
-27.3878095965
-28.4742779507
-29.7950287767
-28.7584447504
-27.4219685443
-26.9066275040
-27.1171233100
-27.6909317348
-27.4984332670
-28.5154263661
-28.9188568982
-28.2338487391
-28.0815290462
-27.7449237395
-27.8322345037
-28.0001656103
-29.0683712174
-29.8586473180
-29.2198507202
-28.2605379237
-28.0695761338
-28.1734873720
-27.9332251578
-28.0252093763
-29.0869355798
-28.6896077313
-28.1229609763
-27.7096734571
-27.7995811609
-27.9605978839
-29.0487595347
-29.4557695891
-29.7736694039
-28.7843196405
-28.1663891580
-28.1788715551
-27.9190261386
-28.0070851725
-29.0669704753
-29.4685238498
-26.5145310420
-26.7370004787
-28.4184424592
-28.1196455410
-28.0443278228
-28.1168220497
-27.9784903575
-28.6631502782
-26.4696516270
-26.7469105356
-28.4154545549
-28.1172285489
-28.0524409932
-28.1183030560
-27.9873453257
-28.4106814158
-28.8876586705
-28.1977466191
-28.0541666764
-28.1022696086
-27.9511901279
-28.2712130798
-29.2634264834
-29.4508307436
-29.1485695234
-28.2575642592
-28.0782136112
-28.1145060353
-27.9671523733
-28.2900842597
-27.6898675844
-27.4568964739
-28.2348740494
-27.8132532825
-27.3590840284
-27.7906187416
-27.3493345006
-28.2118135882
-27.8063673788
-27.4111121447
-28.1576481112
-27.7806323045
-27.3351807920
-27.7794257510
-27.3321294523
-27.1233567406
-27.9647923412
-27.6789115034
-27.2722936865
-27.7344427710
-27.2876539493
-28.2291467997
-27.7636887624
-27.3858068718
-28.1162343054
-27.7349515425
-27.3033715188
-27.7494159528
-27.3039048877
-28.1542032165
-28.3957872042
-27.9366467488
-27.2881018764
-26.8830375570
-27.1215482052
-27.7223578101
-27.5295292231
-28.5175831467
-28.4312407358
-27.9471264225
-27.2902987889
-26.8901163534
-27.1321029651
-27.3607372131
-27.4432450646
-27.5772373081
-27.1799055543
-26.8393983559
-27.0965665784
-27.6910184721
-27.5042381907
-28.5121536527
-28.4040738494
-27.8033458171
-27.2441998750
-26.8650596406
-27.1221605443
-27.3304762647
-27.4158425622
-28.4790627405
-28.9280083263
-28.2496232693
-28.0943130829
-28.1885887177
-27.9621475036
-28.0411884514
-29.0917695638
-29.5654999873
-29.0098054451
-28.2325567422
-28.0818203281
-27.7292786675
-27.8371099146
-28.0031781119
-29.0794502838
-28.6881888651
-28.1267489349
-28.1664525919
-27.9296689301
-28.0041865944
-29.0679194068
-29.4669561062
-28.9166185591
-28.2100244731
-28.0569241448
-27.7174966402
-27.8120752104
-27.9774158505
-29.0560933642
-29.4605051845
-26.5061511864
-26.7548618829
-28.4314180946
-28.1277884868
-28.0563156891
-28.1172414956
-27.9944681379
-28.2961079684
-26.2764579599
-26.6670060945
-28.4012024576
-28.1110119469
-28.0517911111
-28.1167689717
-27.9904031379
-28.4486283202
-28.9066916734
-28.2102108930
-28.0653337752
-28.1111517630
-27.9647871647
-28.2868270813
-26.2184061315
-26.6454926634
-28.3777989324
-28.0939221173
-28.0440533706
-28.1037765066
-27.9628297507
-28.2886395017
