-28.9370963090
-31.1185486552
-34.4364917516
-36.6524353352
-35.3514091276
-34.1312155022
-31.9536173647
-32.9110632242
-34.5006876218
-36.2333934518
-37.8854219084
-37.4880682710
-39.2625683110
-33.4660754006
-32.1795639729
-29.8891283391
-23.8667930155
-25.6092464078
-28.1949529027
-31.4232721513
-35.5564805535
-34.2950725122
-32.3716960905
-27.5409500549
-30.0400187841
-32.9937070195
-32.5041386927
-34.2653708277
-29.4193658256
-29.9736000684
-30.4517592572
-31.9662408713
-35.6389094153
-30.7409969223
-30.8484851000
-34.4699736170
-34.8166597978
-25.4644275313
-27.1140680748
-31.2818645388
-35.0583201029
-32.4557250609
-33.7241394822
-30.4400989052
-28.9472005599
-30.4669926477
-29.4171067766
-31.3626259858
-30.9088697626
-32.3817148858
-36.3728967454
-28.2533011761
-28.5431123790
-30.1463496135
-32.8415957735
-35.4632690928
-33.8739101100
-33.1817378361
-25.1749956211
-26.4292229963
-28.8383090538
-28.8810744050
-31.1920513521
-33.2626882828
-36.3856147614
-35.1480115830
-30.8718381272
-28.1461884333
-28.4006224786
-30.9739472928
-33.4887708512
-33.6110393004
-35.2704535032
-33.4929860258
-32.6484979507
-29.2236917517
-26.6950287065
-29.4165850462
-33.6774877964
-35.9050205337
-36.3288691628
-30.2960127966
-27.8155796471
-28.0664988928
-30.7314156873
-31.7999098995
-31.0577251311
-33.5425401738
-29.6756200471
-28.7037446097
-28.1940220938
-28.1477561803
-30.6518193786
-31.2192078706
-33.5842620638
-34.6316091185
-29.5139405022
-27.0906891507
-27.1900913509
-28.6751627369
-31.4269151198
-30.8035668541
-32.8779606855
-29.9641987872
-28.4976504065
-29.9945412916
-31.4586531915
-31.5219519594
-33.4129780312
-36.0375330486
-36.6243505911
-32.3417769103
-28.9624805545
-29.1973754082
-33.1334730779
-35.1397314206
-31.3523016651
-32.3557286666
-27.8822676571
-27.4334592862
-28.6773570599
-28.2776109021
-28.7890759283
-28.8830641774
-27.4869645117
-27.1761874935
-28.9712228975
-31.6975443926
-34.7607413065
-38.7809654778
-41.1466118647
-40.7759189183
-42.8423658281
-38.4512663743
-38.6434735667
-29.0551469932
-26.0734073087
-24.5963000920
-25.1738978210
-23.3104251850
-23.9256630329
-27.2351999043
-29.8536502148
-31.2117225900
-34.3260687709
-37.5839168534
-36.5141606460
-36.5554061424
-33.5188117166
-30.6711100056
-31.2562459872
-30.5345532041
-29.1899483742
-28.8239236155
-28.7946543216
-32.1293159539
-36.9042956665
-37.6657747973
-38.9740285689
-42.3018290437
-46.3535378935
-45.0860418736
-45.7983860963
-32.7938630947
-29.4907014000
-29.6982002211
-24.2010215056
-24.5414886081
-27.5226562628
-31.7630750398
-35.9090622539
-33.8219855723
-30.9686213716
-30.7875618887
-33.7748898328
-36.9704049687
-36.9030761674
-30.5022830557
-27.3379615606
-28.5737306279
-27.7321487541
-27.1924086597
-29.0076460728
-33.2647816110
-35.9996728282
-39.3572891186
-41.2825757264
-40.5779729625
-42.7353696611
-38.4409523990
-38.5770419068
-33.4693093180
-30.6626809551
-28.6848280967
-28.8672287884
-24.3178799144
-24.1672807127
-27.3750838085
-32.7218659956
-33.5073067329
-35.4130404610
-38.1723292928
-36.6171928311
-36.5629729957
-33.5559766843
-30.7072198896
-30.1836802962
-27.7003614893
-25.8454073967
-24.5401564800
-26.0738487675
-30.3790760129
-35.4225310690
-40.2033708164
-40.9649379010
-43.0765373977
-46.8267981009
-45.0747776863
-45.7137668285
-32.7975397184
-29.4989026019
-30.9331548985
-32.0380670877
-30.6982341701
-29.1993716652
-31.8669228317
-36.0087531158
-33.8129079370
-36.4015303851
-33.5346703881
-34.8760437306
-37.5180884618
-37.1148561300
-30.5925066294
-27.3472411532
-28.5607601711
-30.8389789536
-30.8394398302
-24.3059036977
-24.5728396010
