-22.7670562788
-23.5873928408
-23.8419460287
-23.6722180127
-23.2912912021
-22.2670922526
-20.9977180398
-22.5132875955
-24.0103794579
-23.9495416752
-23.9146784695
-23.6717584347
-23.2759814256
-22.2509241648
-20.9823008114
-21.8352817073
-23.3067058398
-23.5076631617
-23.2216100994
-22.2326847392
-20.9629972350
-22.3755487982
-25.1913074141
-25.0281559035
-24.1552358828
-23.7187557971
-23.2747023744
-22.2428381791
-20.9619201392
-22.4001213397
-23.2421927248
-22.3489748329
-22.0023480686
-21.6091925743
-20.9902042614
-21.9886798236
-23.1254171654
-24.4384033013
-23.8116811906
-22.4543230831
-22.0181264860
-21.6164500250
-20.9840679223
-21.9924522481
-23.1238649565
-22.4932499968
-22.0155683836
-21.6019972638
-20.9819098468
-21.9807064670
-23.1124130468
-24.2753307560
-25.7885012819
-23.6387024663
-22.2280022209
-21.6471407819
-20.9838996259
-21.9917466986
-23.1118757935
-24.2791018855
-22.4057566746
-20.6144609396
-19.5002531886
-20.6986893096
-22.6393919536
-22.4305234095
-20.9237570283
-22.0910595872
-21.7553099358
-20.4827277187
-19.4719729492
-20.6886057767
-22.6276254593
-22.4260467303
-20.9318158281
-20.1521356783
-19.3949385869
-20.6499623749
-22.5988688152
-22.4152395243
-20.9187612197
-21.8857886956
-24.1307902118
-21.8769104222
-19.6859318275
-20.7644633571
-22.6532854530
-22.4290488757
-20.9251823678
-21.8886523204
-20.8626771497
-20.8629956196
-22.0818783859
-22.1331258778
-21.6346260159
-20.9128889779
-19.7640497584
-20.9245273045
-20.5724075952
-20.8107409374
-22.0691875569
-22.1357810742
-21.6367064161
-20.9179715237
-19.7578215034
-20.4059522735
-21.9345920121
-22.0869544589
-21.6137585797
-20.8976529916
-19.7442399978
-20.5611149184
-22.6216936646
-22.7597341005
-22.5446994434
-22.2337760754
-21.6512070769
-20.9118856735
-19.7554291078
-20.5722690741
-22.4768721853
-23.5336713976
-23.8051940217
-23.6482565170
-23.2609732877
-22.2465406958
-20.9700941571
-22.3938244728
-23.8711842575
-23.9203668811
-23.9153943757
-23.6719668630
-23.2717636638
-22.2530809455
-20.9737021691
-21.8397480300
-23.3023896894
-23.5003383930
-23.2090435512
-22.2294223818
-20.9582059710
-22.3871081591
-23.8811538661
-23.9348584787
-23.9038570236
-23.6609706480
-23.2559075719
-22.2367859884
-20.9663424460
-22.3820709237
-23.2464661537
-22.3386738101
-21.9907408081
-21.6044530940
-20.9831435876
-21.9868492789
-23.1139859691
-24.2760544300
-23.6768720477
-22.4298256276
-22.0150751462
-21.6091602097
-20.9839268123
-21.9817719114
-23.1271143678
-22.4985513275
-22.0152628611
-21.6015027318
-20.9757799807
-21.9763877273
-23.1106472312
-24.2790280941
-23.6811415933
-22.3862058387
-22.0001589232
-21.6033384552
-20.9788274368
-21.9796280764
-23.1168340587
-24.2756414567
-22.3606545842
-20.5811162796
-19.4913943340
-20.7157247712
-22.6273367665
-22.4226549143
-20.9284641441
-21.9036876459
-21.5868143539
-20.4555763596
-19.4572988127
-20.6945647577
-22.6181853364
-22.4262991746
-20.9193101244
-20.1617725791
-19.3907868484
-20.6585053501
-22.6143209965
-22.4175891984
-20.9128242469
-21.8852151939
-21.5389017159
-20.4415663463
-19.4561738171
-20.6795488509
-22.6198035692
-22.4143915703
-20.9160063400
-21.8779914025
-20.8502711290
-20.8762508890
-22.0844403723
-22.1415950611
-21.6296535101
-20.9169177305
-19.7604391570
-20.5658336856
-20.3095936247
-20.7150464112
-22.0326387975
-22.1294039423
-21.6314529849
-20.9154030645
-19.7497847112
-20.4174443165
-21.9380731546
-22.0843471621
-21.6246693529
-20.8957784306
-19.7452445969
-20.5610696079
-20.2763615935
-20.6914642268
-22.0313895217
-22.1060483116
-21.6243068687
-20.8969966363
-19.7454724441
-20.5637545798
