-22.3775761247
-23.5230583804
-23.1530902400
-22.2093718301
-21.8810880569
-21.7037556293
-19.6841504748
-20.4939465980
-23.0720413746
-23.7217437015
-23.1822585618
-22.2113188878
-21.8661394692
-21.7020610158
-19.6783442549
-20.3589769105
-22.2336893380
-22.0041954432
-21.8141631251
-21.6736383741
-19.6627872105
-20.4981630653
-22.8844830184
-23.5525853023
-23.1401845100
-22.1944918557
-21.8588392973
-21.6893766595
-19.6745278144
-20.5162290178
-22.8861944613
-20.9209050531
-19.7205179982
-19.7813065956
-19.0339561183
-20.1963043691
-22.9455149900
-23.4645909844
-23.6006649391
-21.0270650135
-19.7320372276
-19.7842155311
-19.0296412619
-20.1806346960
-22.9475798550
-21.0173840972
-19.7185592890
-19.7703543949
-19.0184314383
-20.1863658297
-22.9366263609
-23.4251048104
-23.4406424344
-20.9558485267
-19.7083838402
-19.7723907793
-19.0226025956
-20.1668551189
-22.9314803808
-23.4269444174
-23.3807108606
-22.0939931233
-20.0868134388
-20.4799301153
-21.2089336795
-20.4942443582
-19.1142230633
-20.1566965016
-22.5557150771
-21.9088271558
-20.0562676739
-20.4749614929
-21.1988592089
-20.4904978254
-19.1115898746
-19.4110121708
-19.5284932961
-20.3044346968
-21.1403581485
-20.4779066788
-19.0998958757
-19.9679147426
-22.1576090926
-21.7656562713
-20.0244402686
-20.4582652129
-21.1923707424
-20.4901651167
-19.1011930513
-19.9697077447
-19.0294147064
-19.6358196798
-21.8846805329
-21.8869098109
-20.9109470977
-20.9205736421
-21.5110305695
-21.8738772114
-19.3097327905
-19.6935310457
-21.9091236162
-21.8917800445
-20.9118364785
-20.9254788296
-21.5109761970
-22.0233760325
-22.6287155012
-22.0344551020
-20.9260018419
-20.9144334192
-21.4945634320
-21.3179624432
-21.8082546333
-22.2726758029
-22.6999747059
-22.0589512633
-20.9412481848
-20.9201477233
-21.5033717971
-21.3288939299
-22.5871812891
-23.5864931039
-23.1714487670
-22.2144621432
-21.8759822086
-21.7143984231
-19.6848650864
-20.5177915836
-23.0908180531
-23.7388115258
-23.1917634137
-22.2169619893
-21.8730370248
-21.7120293301
-19.6893495336
-20.3878630155
-22.2384456478
-21.9961703030
-21.8101084808
-21.6758572950
-19.6662333994
-20.5185061950
-23.0697460735
-23.7294115355
-23.1827738072
-22.2040821506
-21.8630415243
-21.6907437426
-19.6761162718
-20.5096408676
-22.8675899625
-20.9235330634
-19.7093418340
-19.7748077720
-19.0315287689
-20.1737772720
-22.9402861562
-23.4203821603
-23.5597896747
-21.0301707262
-19.7373269075
-19.7929345702
-19.0300335215
-20.2074054469
-22.9591094399
-21.0141113830
-19.7246101857
-19.7727454960
-19.0230971277
-20.1601323319
-22.9240028507
-23.4294908684
-23.5542281326
-21.0008975407
-19.7227835243
-19.7814813647
-19.0247619658
-20.1905188628
-22.9364360568
-23.4249831193
-23.4010047940
-22.1031095997
-20.0923555629
-20.4929873129
-21.2030277768
-20.5037440327
-19.1203969458
-19.9592241846
-22.3099818942
-21.8616252460
-20.0515864498
-20.4759479676
-21.1973044107
-20.4926235362
-19.1146075555
-19.3994010255
-19.5250781773
-20.3019956961
-21.1535875261
-20.4656042249
-19.0965325402
-19.9606987183
-22.2679078412
-21.8482987749
-20.0409203528
-20.4581797703
-21.1892456111
-20.4864677781
-19.1024436217
-19.9666615830
-19.0338305406
-19.6072054372
-21.8710446556
-21.8838778899
-20.9029815081
-20.9230501857
-21.5143058729
-21.3246865246
-19.0379382632
-19.6431094957
-21.8879079364
-21.8891662748
-20.9138133118
-20.9223821792
-21.5115781796
-21.9511445918
-22.6180183351
-22.0409720493
-20.9316721299
-20.9155610039
-21.4970710456
-21.3257377285
-19.0277964737
-19.6174766857
-21.8715857926
-21.8711119747
-20.9031355639
-20.9115969806
-21.4931122008
-21.3192997508
