-24.2975303046
-24.6859087227
-26.8763704102
-28.4113869574
-29.2613434916
-30.7726624943
-32.5373732683
-24.4630586641
-24.6055278746
-25.4396892756
-25.4262476021
-26.0069199608
-28.7669113318
-32.0840119220
-33.3217886973
-26.4806180476
-24.6653675138
-25.8035456368
-26.2912796684
-25.3217499067
-24.0204448499
-25.0573617302
-18.7929040914
-19.7932646501
-22.7244811959
-23.3441413830
-23.9428137094
-27.3835115563
-26.8310145830
-23.9947706053
-27.0837462532
-29.2157119123
-31.9011257695
-30.7292796180
-26.7238552404
-26.3852407205
-28.2037806357
-24.0997550719
-25.7984255512
-29.4373294882
-28.2374334417
-27.5613760354
-30.2857363729
-26.5742114387
-25.1407628415
-25.6642352063
-26.9345697737
-28.2639413147
-29.5488334727
-28.2407087441
-25.6867403312
-27.5615248872
-23.7910389912
-24.9169379810
-24.0675405894
-22.4746364219
-24.0941961346
-27.0733766429
-24.9940461251
-26.4637016901
-24.6281067624
-24.0557080753
-26.7185979079
-29.8750263999
-28.4178029271
-28.5573463422
-30.3289314951
-24.1525962049
-23.0501537824
-21.9628579886
-23.5153724084
-26.8594139389
-29.6116273671
-30.7946225317
-28.4625191553
-25.8460067548
-25.2355757585
-27.7197996735
-30.5436075296
-29.8415341832
-29.2540471992
-27.4278912538
-20.7922257387
-20.6771680862
-23.4680876310
-27.0340678210
-27.6872602793
-29.6314189935
-29.4112293104
-24.6319697920
-26.2552487042
-28.7903497794
-30.9389092922
-31.4245356673
-29.6751954275
-28.4131178215
-26.7774238908
-21.9947022126
-23.6726011715
-27.7433197218
-27.1441969758
-26.6220826586
-27.2036521316
-25.5893033020
-25.5386344735
-27.8760924264
-26.4364817103
-28.1932181143
-31.5327979930
-29.9990257320
-27.1848534480
-27.4555332325
-24.9381704871
-25.8491500246
-25.6533089214
-25.1826530918
-27.3234453592
-29.7992361669
-26.3289249263
-27.4253292554
-29.4377178511
-29.4096654712
-31.4114655149
-30.7812313608
-28.2111701743
-27.0769251169
-27.4743979797
-24.8488647767
-25.9408054253
-27.7795823696
-26.8039292804
-28.0263369530
-31.9749586061
-31.8001791624
-32.3747435225
-31.2507051213
-27.5541535219
-28.0849337961
-31.7677730927
-26.1837396921
-26.1534774606
-27.0239105184
-20.7963658218
-22.0743943486
-25.2408745137
-25.6178100997
-27.2301613762
-30.3761140053
-27.4937766257
-27.5042640569
-29.4143816472
-31.0624956583
-33.0182419995
-30.8503959040
-26.0750397786
-25.8436351097
-27.4584085222
-25.4077026417
-27.3871221459
-30.5611284454
-29.4440535797
-29.5128660036
-31.2482622723
-30.5633849183
-30.9225418538
-29.7251004085
-28.2643401053
-29.1884647669
-30.4813250064
-28.1586928349
-26.3388220530
-28.6635981916
-25.9233712461
-27.0017174190
-29.3733601222
-27.8038118626
-28.6838274011
-30.2516577029
-28.2122239618
-29.6236540575
-26.7358223863
-23.2669801439
-25.2921116319
-27.5059664591
-24.3001298447
-26.3292822382
-30.2234240638
-23.6199167216
-24.7084668975
-25.6172741325
-26.0526525060
-26.6256285370
-27.3129048491
-28.6820538155
-30.7144371879
-27.0727215747
-22.6212936233
-23.8712140185
-25.1872864297
-24.7855530509
-24.2011004763
-23.9245768608
-20.6208574681
-22.0088792246
-24.5473776673
-25.9538665226
-28.2713011043
-29.7702387434
-28.5029038289
-24.8968395454
-25.6188198732
-28.5888992837
-32.9615896289
-29.6737959720
-23.3920333011
-21.6293816431
-22.4435042096
-21.2729781386
-23.4520943103
-25.5176660929
-24.3581894468
-25.2655998250
-27.8303871221
-25.5137163071
-25.6555265402
-26.3851073807
-26.0925231624
-28.7303004236
-29.2166828632
-26.3664044987
-25.9311620765
-28.5489302377
-25.0307851896
-25.2305022949
-25.1417390021
-25.8050965753
-27.4170296949
-28.6249107919
-24.3149528455
-25.4989942727
