-27.5345172539
-27.9546531350
-31.0784022506
-31.3177038593
-31.8517412332
-30.4384716283
-29.0505693644
-30.5280258923
-27.6200246569
-27.9515513053
-31.0762221670
-31.2918600414
-31.8334552083
-30.4218504401
-29.0225920671
-29.3184619138
-31.5891331956
-31.4064153531
-31.8326176107
-30.3991421089
-28.9565733613
-30.2616713186
-33.1677809062
-32.8721376435
-32.8887031626
-31.7381452077
-31.9456556666
-30.4358733943
-28.9692253500
-30.2987133052
-26.3811951405
-26.0797753801
-27.8414040559
-29.1681035297
-28.4518531330
-28.9711775853
-26.6021253190
-27.5313105630
-25.9275825394
-25.9571405348
-27.7946720902
-29.1511250351
-28.4510530789
-28.8151579702
-26.5895315866
-26.5039283834
-27.9564642707
-29.2239972778
-28.4653116487
-28.9634566746
-26.5497800259
-27.4446341447
-30.9794557615
-30.0085435324
-28.8436246242
-29.4843915880
-28.5178084045
-28.8232750242
-26.5502344264
-27.4598934305
-28.8195556815
-28.4679085902
-26.1346619466
-26.9729077099
-29.4974138277
-29.0080486907
-26.8683970767
-27.8066741878
-28.8958145609
-28.4360604805
-26.0804977596
-26.6500638406
-29.3617722921
-28.9762666056
-26.8603965347
-26.7311826097
-25.7298901879
-26.7328707423
-29.3637607756
-28.9337226272
-26.7682867369
-27.6788674790
-30.5212888758
-29.5926150873
-26.1931034451
-26.6574067331
-29.3417062101
-28.9479255298
-26.7953759501
-27.7101291421
-28.3030327077
-28.2537322846
-29.6194945752
-30.4093279097
-29.0144931374
-28.1012132260
-28.0040001747
-28.6962657870
-28.2315469646
-28.3484636141
-29.6381003642
-30.4132064890
-29.0203446662
-28.1030450653
-28.0000749899
-28.2531173562
-29.6005133562
-30.4355743439
-29.0350071463
-28.1054659410
-27.9712652730
-28.6796355355
-29.8215949745
-29.6802611448
-30.0200964200
-30.5479871200
-29.0530601474
-28.1081030127
-27.9901468098
-28.6859686500
-27.2902664194
-28.0998810881
-31.1931077375
-31.3807527796
-31.8872931496
-30.4615243194
-29.1004148074
-30.4084385226
-27.6083630276
-28.0075641581
-31.1227897157
-31.3159600517
-31.8678381134
-30.4419890182
-29.0764287188
-29.5332427791
-31.7151481805
-31.3958916645
-31.8560910411
-30.4178967747
-28.9955908877
-30.3006836647
-27.4362193350
-27.8799801181
-31.0388772485
-31.2588468072
-31.8316052451
-30.4218815101
-29.0172739080
-30.3292707105
-26.4245339983
-26.0997482540
-27.8655325499
-29.1714189644
-28.4549704961
-28.8245346557
-26.6312483281
-27.5124588021
-25.9199807303
-25.9726548541
-27.8342644141
-29.1561324936
-28.4441619978
-28.9706468049
-26.6205472788
-26.5175280097
-27.9778197613
-29.2256789451
-28.4651524146
-28.8174662166
-26.5775696113
-27.4864881114
-25.7903952521
-25.8431043290
-27.7540894079
-29.1403463124
-28.4456494770
-28.9492511827
-26.5806235391
-27.4684597062
-28.6606802077
-28.3963801257
-26.0771150062
-26.6615843622
-29.3566625614
-28.9813038396
-26.8733061468
-27.7443113912
-28.8201757867
-28.4183104121
-26.0803216959
-26.9120310953
-29.4651553355
-28.9939286416
-26.8548039229
-26.7221386313
-25.7216294340
-26.4978036901
-29.2612127399
-28.9244611594
-26.7912022046
-27.6997556243
-28.8147890138
-28.3597964202
-26.0476372809
-26.8735404629
-29.4266569388
-28.9646489911
-26.7949474423
-27.7030930671
-28.2942644768
-28.3585108959
-29.6451713925
-30.4180003406
-29.0194280992
-28.1080835939
-28.0046487623
-28.6922732839
-28.2154060666
-28.2201817941
-29.6040372193
-30.4238117365
-29.0258518348
-28.1059164570
-27.9949303051
-28.3767153638
-29.6453047348
-30.4410128992
-29.0334484648
-28.1155908980
-27.9887033465
-28.6875829987
-28.1768455284
-28.2733504407
-29.6205587248
-30.4291739113
-29.0321487006
-28.1075139760
-27.9929858369
-28.6886044271
