-22.6495246747
-25.5971963992
-29.0183018015
-20.3161649354
-22.4531307643
-18.2965040232
-19.5188706346
-23.8106597537
-25.0931247089
-21.9859184720
-26.1071947024
-24.1862166189
-25.2403579867
-26.7574199817
-27.7878081937
-26.0225080658
-24.5372553086
-26.1015063026
-21.9629188498
-24.0850641294
-18.2050363143
-21.2690089464
-25.3850927104
-27.7735146700
-22.1861624831
-25.9359339086
-25.0058087534
-27.7008456655
-31.1467020049
-22.7306654538
-23.2304806019
-26.7463098385
-28.9817841245
-19.7354355108
-21.8516090283
-21.5219866512
-22.7760640111
-27.1254306573
-27.1687798810
-21.6638564735
-25.4911037686
-23.2708587441
-27.3731691100
-28.8645943238
-28.5202862255
-29.5629069131
-21.9825253519
-22.0282553259
-21.0048861617
-25.1965168120
-20.3682332020
-22.9090827394
-27.4512533649
-25.1704710498
-19.4168857048
-23.3788738247
-22.2682379596
-25.2903600755
-23.3924644063
-23.7358754009
-25.3871562760
-27.3861434449
-26.6493738296
-24.9767478887
-29.1257187743
-23.6144496886
-25.5010099549
-27.7389285110
-26.7068430975
-21.2674593330
-25.2931693190
-19.6360060975
-21.8446842856
-25.2480905471
-26.4983888467
-25.6327276137
-23.0202061380
-26.3573967680
-25.5211420622
-29.5654222976
-23.0585323641
-24.7549477386
-27.8982752126
-27.5121105676
-21.6342505831
-24.3328530990
-21.5930503731
-24.6487476529
-22.7109747962
-25.5991913585
-24.2289211343
-24.9690774629
-28.3731151112
-26.4426543304
-30.4113901735
-21.8765712347
-23.0064692877
-25.9600184001
-27.0286111676
-19.9327123432
-22.4572203590
-19.5039336958
-21.4959564039
-25.4099940710
-26.0857861421
-26.8068433973
-27.4973082703
-29.4616936119
-27.2102156919
-30.8887169333
-22.1966007297
-23.2294656462
-26.9143121571
-23.8179016757
-19.0634273724
-22.3640412161
-23.3939298781
-27.1710997679
-23.6287263813
-22.4760177562
-24.9543476598
-28.2378865453
-31.9248283648
-26.7082244170
-30.5043388489
-23.1178723114
-25.4801282788
-28.2082638330
-26.0368080703
-21.1361261425
-24.7321008727
-24.4098952207
-27.2344373971
-26.2780930167
-26.5845448447
-27.2722962744
-29.8072406014
-30.3496306716
-26.7118013607
-29.8577475695
-22.9870038867
-23.6712147079
-25.4814837134
-23.8797544170
-19.3416417564
-23.2270615866
-23.6251144922
-26.5145970629
-27.6480589271
-27.9202844714
-28.9073868647
-31.9154180208
-33.0309820281
-29.9096384620
-30.9516856018
-23.0476500703
-24.4458083349
-28.5643746545
-25.7621422122
-22.4741043586
-26.3187430161
-24.6769566910
-27.4276142294
-27.7049663426
-27.2176233182
-27.2345396733
-28.3168718281
-31.6616921436
-27.4965625869
-29.7138012709
-22.4539580035
-23.8112319689
-27.0170064933
-27.2103011398
-22.4182572021
-26.0167290306
-25.0393670154
-27.2637222248
-28.5788649617
-28.4921781928
-27.7137177418
-28.1143467917
-30.0004562461
-24.3197751847
-27.0793123190
-19.7070128644
-20.6962697312
-24.6279721355
-25.6203371363
-19.2887941494
-23.1576199823
-22.9453842372
-26.5904662779
-30.5589483755
-27.7562293546
-28.0891114304
-28.3934414103
-26.3868304847
-23.2877414423
-27.0679070179
-18.5397671684
-21.1390221273
-24.8675819045
-23.4074155837
-19.7958189047
-23.4411744949
-23.4577115504
-27.3767344012
-28.8608633259
-28.3602119782
-28.6402853012
-27.6351596701
-28.7563216258
-23.1019566674
-27.0890734961
-20.4000709610
-22.8595725842
-25.9444989022
-24.6539946169
-24.4055259898
-26.5135717559
-26.1263532940
-30.4452151090
-31.6903400290
-31.0784695618
-28.8611455489
-31.3828590666
-33.8338400846
-21.7090258826
-25.4804816881
-20.3376434231
-22.8642693441
-26.4063476613
-25.5265288360
-22.5740231143
-26.4369905075
-25.7087793737
-28.9847784980
-27.8187073704
-28.3728367839
