-25.2789249888
-25.4636223042
-25.1172829574
-21.5846717974
-22.0454538861
-26.1276491465
-24.1737147860
-25.4358275075
-25.3667535822
-28.4962250432
-26.9989340555
-22.8352330576
-24.0981847402
-27.5052725459
-24.9511318918
-22.9067744879
-24.6044404422
-25.3067935418
-22.0640234336
-22.4057618388
-26.6610833333
-27.1366042223
-27.2354769033
-26.7721070342
-29.7293233384
-27.6492758246
-23.2588100130
-24.9839690606
-28.7457293051
-25.0947377495
-26.8335519842
-31.6777540451
-34.6419605945
-29.1195176965
-29.3263718254
-33.3426108054
-34.1596083406
-34.0468874381
-33.7846807629
-36.5884232337
-34.2319899201
-30.8519506835
-31.7991706623
-33.7891820548
-31.6281973117
-30.8977932769
-34.3640428434
-35.3693132130
-29.2707913574
-30.9210880457
-35.7488727933
-35.8960840199
-34.6116245672
-34.1622052697
-37.4294598298
-35.2361055438
-30.9426571384
-31.3263814544
-33.6261639354
-31.5384216700
-25.3743450367
-26.0147379569
-27.0357352497
-24.2624767915
-25.2189377481
-29.2172692912
-28.4329638137
-27.1170365528
-26.6187943961
-29.5733749299
-27.8531433425
-21.7443551361
-23.6500572582
-27.6606073315
-24.2179844566
-23.9770386712
-26.0529075358
-28.0295526966
-25.5119970872
-27.2771729578
-30.8128826793
-28.6183032178
-29.4096861627
-28.4443199109
-31.6174910829
-26.1312468137
-22.0332718346
-24.6297405164
-28.0314026612
-24.5632751822
-23.0906743333
-25.7387075967
-27.9173366786
-25.4417826181
-26.3511840371
-29.9353450352
-27.3209662154
-28.3190246744
-27.1218821757
-28.7794908142
-24.8150864203
-20.8718531642
-23.1617678208
-26.3968544483
-24.9450253302
-24.7393285417
-27.7178500465
-28.6766372520
-24.6316707512
-25.0491916168
-28.8490139616
-26.8919015678
-26.4412095253
-24.4802274798
-27.7625067788
-24.2767612529
-20.6412187250
-22.9158223353
-26.0863557534
-24.1302995440
-26.5074444618
-29.2507356491
-32.7325204448
-27.7738201859
-28.6191369377
-31.2112604183
-30.1314890606
-31.1262669644
-28.9163402169
-30.5327537247
-29.3447187077
-25.5677937659
-28.5834205974
-27.9522490962
-27.7210049654
-29.7409254338
-30.7465960119
-31.5593913813
-28.7589690476
-28.9382368436
-31.1733847227
-27.9335475074
-31.4288129719
-29.0431876318
-30.8997040909
-29.2595983892
-27.3185932569
-29.9296139148
-28.6137385188
-29.8234190409
-31.3315170874
-31.7664539197
-32.5936502364
-29.2709065907
-29.2501103650
-30.5063234597
-29.1051270995
-31.9498980139
-29.8447874747
-31.3216419891
-32.0022381283
-27.4428191395
-29.3799625085
-29.9750927291
-30.9207281678
-31.1368152627
-31.7075606195
-32.2330355941
-27.7238245668
-27.4342593332
-30.3754395307
-28.8678579755
-31.9669502976
-29.9549347267
-31.0315123512
-31.7762034410
-27.3756495431
-29.6459196497
-31.2307685377
-31.5486851578
-30.7230449040
-31.6299398431
-31.1690362095
-24.1748268487
-26.2820803390
-29.3177447117
-28.4845763797
-28.1126314534
-29.2760706998
-31.1516732218
-29.5955693275
-27.2581943446
-30.1101232047
-32.4208994130
-32.2367536421
-30.1306657055
-30.4875972796
-28.5991718353
-25.0808766237
-26.4333876784
-29.1512273018
-28.1096681647
-31.6983832888
-29.2132250229
-30.6891798316
-29.8399703230
-28.2081809742
-30.1388824349
-31.2664240222
-30.9627581933
-30.9493229791
-24.1137301490
-26.2527294834
-29.2634653125
-28.4388503084
-32.1600002212
-30.4384845684
-31.5217072849
-29.5824344584
-27.1989696229
-30.0635038715
-32.3558322360
-32.1560323331
-35.3443652761
-32.9146997373
-29.1758192562
-25.1581168097
-26.4526278165
-29.1772834329
-28.1497135932
-32.2994322928
-29.3756541302
-30.7010939055
-29.7805190539
-28.2178295237
-30.1426898122
-31.2829791860
-31.0250601381
-35.0587447215
-31.8643103593
