-19.1825979320
-20.2185129935
-22.3382957798
-21.5906269003
-22.2108748246
-24.2636199047
-23.0279037423
-22.4346557218
-22.8368823744
-25.0087099152
-26.0751614672
-24.9349495743
-22.5979587095
-21.7420922001
-21.1299341295
-19.6001939520
-18.2186527736
-18.5610967777
-18.4676897739
-19.1228631188
-20.8681804248
-21.2528641658
-20.0789423463
-20.0145884613
-22.6058608602
-21.6556824487
-20.3799621412
-19.2667227354
-19.5661527998
-19.5659845070
-19.3486234568
-19.4428809988
-20.8021099229
-21.8244861461
-21.8350150164
-24.0774428869
-23.7043625819
-23.0485407472
-23.0175936651
-24.5800478504
-23.1750567641
-22.0342091161
-22.7963398085
-23.2921728072
-19.9472142949
-19.0751407872
-19.0267866892
-20.5079604889
-22.6691117543
-22.9275991998
-24.6727635094
-23.4847580408
-22.9588155646
-22.3120558180
-23.2628051170
-21.4518122907
-21.8194437236
-22.6428588464
-20.5332075090
-19.2827328931
-19.5536807633
-19.1447778856
-19.9399154254
-22.1651293311
-22.4051210257
-24.1923866002
-23.6952344521
-22.2102184848
-20.4018147715
-21.5434547634
-22.8614665545
-22.4194689267
-20.7721117644
-20.4423171931
-19.5682823965
-20.4829956825
-22.0852455874
-23.0895519354
-24.1419922532
-24.2566252666
-26.1828749027
-23.8632807951
-20.8547024903
-19.7546885981
-22.1943740322
-21.7581062363
-21.0758113538
-20.4668638465
-21.3384194805
-21.1762000537
-21.4944766845
-22.5602603606
-24.1050357071
-25.2613471020
-25.7270770418
-26.7245271289
-23.3161899671
-20.9640264235
-21.2224983482
-23.6740265346
-21.5943578939
-21.8069574416
-22.8542091098
-20.7825448387
-21.0304283423
-23.0386332720
-23.0620419828
-23.7400970412
-25.4119463042
-24.1429735530
-24.8065926507
-22.1313509909
-21.8900880129
-21.7392544738
-22.9081648742
-22.2027577797
-23.3807250845
-23.9526875098
-21.1333854956
-21.5662524290
-23.5083699944
-24.8585029712
-26.9907263883
-27.1252325802
-26.1128468505
-25.2205572690
-23.8971303497
-23.2106980295
-22.2565840923
-24.2331466554
-24.6254800526
-24.2006874977
-24.2604701935
-23.6933585965
-24.1557058080
-24.6726910189
-24.0136560475
-24.2983575560
-22.4630602324
-22.2936998657
-24.1272598527
-24.0636154251
-21.0632046762
-21.2479706266
-23.7204024980
-22.0767246273
-22.4025616246
-23.4962228900
-22.8561160355
-23.3628106059
-25.3064388301
-25.2561519285
-25.6109177166
-23.7409178030
-25.5450219747
-27.5043961123
-23.3802758668
-22.6589039503
-22.9286387611
-24.6198641387
-24.7892555510
-24.7017337597
-25.2052177310
-25.7103691160
-25.4693029404
-24.0622962409
-22.3252864864
-23.5679960443
-23.6217472656
-23.4833844840
-25.0318519291
-23.9006270233
-23.2044658873
-22.5345757743
-24.3652035061
-24.9937483780
-25.3616555098
-26.1364148049
-25.7277334010
-25.0628119659
-23.7358986951
-22.0703306645
-22.4801837318
-23.6191658649
-22.1613892688
-23.6997149984
-23.3036894462
-21.8323145137
-21.2392658314
-23.5573739618
-24.2016441944
-25.1190332454
-26.0745555907
-24.5477155583
-24.6395107803
-21.1459481561
-20.2543872758
-21.0945103672
-20.2534422207
-20.4707929062
-22.4722983873
-20.9327518029
-19.4158163718
-19.6373692973
-21.9230883054
-23.3123333920
-22.2747458301
-21.9496092046
-22.8475652923
-22.2149747860
-20.1544426175
-20.2075116001
-19.6303642834
-20.0366792728
-20.4804388712
-21.5596616808
-20.4079886480
-19.4244901014
-19.8164080030
-21.9122849826
-23.7504925581
-23.0571989247
-23.7106840392
-22.5200712282
-19.8470405016
-19.8906978415
-20.1146910514
-21.3303153713
-22.5160877796
-21.9429990437
-23.8779859916
-22.5985775249
-21.8545904570
-22.7565079863
-24.1268896182
-26.4723236357
-25.9571612307
-24.1988673092
-22.1716838224
-20.1546031487
