-22.1820301633
-18.3190272419
-18.2826428904
-17.3477262185
-17.6085064191
-18.9568117092
-21.5542736208
-20.4807819521
-21.5425149072
-24.8118732779
-21.0026724165
-23.7893366252
-24.7025752578
-19.9872946983
-23.1360690100
-22.9377060389
-15.2800411111
-16.9336229567
-18.2352001851
-18.5228689384
-21.3005942693
-22.3786234468
-21.4425171785
-21.5588538807
-24.6640134161
-20.1884656487
-23.6115756986
-22.7241925289
-19.7792015957
-20.1919325526
-22.1336993717
-16.7314240771
-16.9700047221
-17.6054848570
-16.2058219573
-20.0839446234
-21.6458617295
-21.1122306704
-21.3299567851
-24.2442762203
-20.0423366267
-23.1943719949
-23.9138667607
-19.5854473235
-20.4632312432
-20.7234366227
-19.8388082334
-18.4839044744
-17.9855715558
-19.6860574009
-23.5827336182
-22.6958113154
-21.2598264557
-21.2758767370
-24.7841393569
-18.8623845774
-22.0632104414
-19.3161604106
-13.3902670194
-16.1960245215
-17.9440192139
-20.6903508766
-20.6071038052
-24.1265180688
-21.6336330641
-25.0231432547
-23.1489928738
-21.4674832740
-20.9763936136
-24.0668104629
-19.9194337766
-17.2489570371
-16.7369092451
-15.4553074201
-17.9829927346
-20.3535279992
-22.0879862377
-26.1445396245
-29.8750276954
-23.2987104670
-25.8859615984
-22.9383740523
-21.7348205211
-21.6989527141
-25.3945509541
-20.2592821093
-18.4296613055
-17.9178892806
-19.0349516533
-19.0815917185
-19.9471832382
-20.0824442096
-23.6671924202
-27.2692721137
-21.9160405832
-24.0253616969
-22.2165334802
-19.8012082699
-20.9314934771
-22.2203771042
-20.9064030885
-19.1134255962
-19.1459404312
-22.3770505122
-20.9096058996
-23.7669066232
-22.6422775839
-25.7600126124
-28.9661079841
-21.3277611578
-24.1619832584
-22.9030460895
-21.2104612902
-23.3519490254
-21.5453966535
-16.0062290788
-18.6440448136
-20.7240632061
-19.5628710349
-20.0469220553
-24.4366724301
-23.3472173248
-25.6537814692
-27.9938609708
-23.1045846802
-24.8405457701
-23.8496941254
-22.2790024454
-23.1819038451
-26.8530173922
-24.0233822788
-26.7488627649
-31.2996806297
-23.9582969559
-26.3921110987
-25.4510583500
-24.2731933955
-25.2763759623
-27.9738000677
-21.2071173672
-23.4320437858
-23.7241775234
-23.0365088672
-23.2073049205
-26.3381113246
-23.2939981787
-26.8736867509
-29.4905149774
-25.0084289968
-28.2712467259
-27.8799399963
-24.2929138234
-26.9910992378
-27.6834671467
-22.6474688751
-25.4198847107
-23.8784947842
-22.9178224975
-23.0471581338
-26.3285067890
-23.7483163755
-26.9989470146
-30.0504169122
-23.9912441752
-24.0533558352
-25.3979285369
-24.5993591985
-25.6363110314
-28.0196309953
-22.9201100269
-25.4541990117
-23.7463473109
-22.8805151119
-23.6045732945
-26.9720260999
-22.7149556547
-25.9961735954
-26.8590333379
-24.2096680490
-26.1918658205
-25.7661450703
-21.1410857036
-23.8822115374
-26.0925801327
-21.0995048855
-24.5158739176
-22.7693865341
-22.1598849759
-22.6962501804
-24.8418766085
-21.5755074372
-24.5124484456
-27.5551309509
-24.0681646028
-24.3042039118
-22.6755380948
-22.4271678424
-23.8313718473
-27.5787040681
-20.7591956857
-23.9967746430
-22.8226225095
-22.1483540958
-21.9760304236
-25.4556424745
-22.6674870618
-25.1120735628
-27.1405721447
-22.9637544150
-24.4441577359
-23.8500604945
-21.4111092195
-22.5662271171
-26.0550656143
-19.6343063083
-22.9026395782
-23.1763177062
-20.9077883065
-22.4001614773
-25.4345704976
-22.6111492581
-24.9733120534
-25.6998713265
-21.4766372917
-21.1001612438
-24.2066270636
-21.5791944183
-23.6599246166
-26.8402812596
-21.6127462096
-25.2802933699
-24.0035453361
-22.5620986823
-22.5254282325
-26.4452978686
-23.5988072044
-25.7381444691
-26.1793264638
-24.4996061568
-23.2009989920
