-28.5960946058
-28.2585157797
-29.1853603618
-29.1518331753
-29.1241070282
-29.1088723407
-28.1001982701
-28.8960501747
-28.1626969959
-28.1445235996
-29.1263052347
-29.1297294149
-29.1147432880
-29.0942474033
-28.0855008354
-28.3975439576
-29.1884155847
-29.1142901829
-29.0973324016
-29.0624109456
-28.0763973067
-29.0495298112
-30.7132008787
-30.0341595072
-29.5813599593
-29.2172175330
-29.1242727352
-29.0763070312
-28.0772672685
-29.0751885047
-28.4828752958
-28.0937369922
-27.9145701739
-28.0902895097
-27.9961575727
-28.3930077283
-27.8224370760
-28.8522206717
-28.3925157839
-28.0659642389
-27.9094552647
-28.0839421546
-27.9925107240
-28.5647539768
-27.8754451944
-27.8770737848
-27.8580148899
-28.0739712531
-27.9699020741
-28.3601770279
-27.7977752127
-28.8625527616
-30.7893018144
-29.7028413116
-28.2072592373
-28.1523662026
-27.9927411603
-28.5394241077
-27.8580822069
-28.8821320796
-29.6185326998
-29.6864026614
-28.6846002727
-28.7601613720
-29.1461978424
-29.0610736381
-29.7619029117
-30.5372200518
-30.1037603294
-29.7611015637
-28.6821302026
-28.8795882215
-29.1805574480
-29.0697175884
-29.7694257505
-29.7318736974
-28.6256577735
-28.7107612660
-29.1147575281
-29.0342770034
-29.7541198611
-30.2683293845
-31.0089710287
-30.6369924915
-28.8073813940
-28.8967699664
-29.1671364755
-29.0517901622
-29.7614070853
-30.2692097029
-29.0070596269
-29.1438973618
-30.0046442439
-29.9607707274
-29.3118232838
-29.3169084173
-28.5482078731
-29.0112993962
-28.7584214486
-28.9521963685
-29.9471361486
-29.9497447392
-29.3056118604
-29.3223832213
-28.5544257695
-28.8451884823
-29.8907116216
-29.9322031001
-29.3083020100
-29.3086360132
-28.5230514785
-28.5907246665
-29.9116683782
-30.1523189525
-30.2594291063
-30.0314680639
-29.3225320987
-29.3210433248
-28.5365384752
-28.6012897826
-27.9645644940
-28.1179574003
-29.1491805684
-29.1441575752
-29.1202336270
-29.1079635414
-28.0977994023
-29.0588831951
-28.2763499938
-28.1734563019
-29.1545272083
-29.1450068236
-29.1200562688
-29.1004044540
-28.0876084213
-28.2562632002
-29.1193144706
-29.1011190655
-29.0921437011
-29.0623643405
-28.0683203846
-29.0756234857
-28.2379706981
-28.1724918354
-29.1342125657
-29.1190076540
-29.1080269762
-29.0756221952
-28.0774019054
-29.0539715356
-28.4759829199
-28.0803911052
-27.9164369669
-28.0853687883
-27.9915617925
-28.5662582858
-27.8738334349
-28.8881441372
-28.4095732488
-28.0697431354
-27.9110592567
-28.0828767102
-27.9952474788
-28.3876390803
-27.8189002670
-27.8636437496
-27.8556160220
-28.0676497897
-27.9709649292
-28.5381295218
-27.8443505333
-28.8749976166
-28.3613201460
-27.9801979166
-27.8809083487
-28.0733420844
-27.9800192637
-28.3669386505
-27.8021276107
-28.8569718017
-29.5875636153
-29.6601264509
-28.6711443461
-28.8927878200
-29.1888686898
-29.0674973735
-29.7665595373
-30.1792424559
-29.8402603138
-29.7058318069
-28.6728726184
-28.7458872671
-29.1380380672
-29.0491116638
-29.7650578175
-29.7317727198
-28.6177659774
-28.8453956172
-29.1493139108
-29.0443695955
-29.7582573577
-30.2695242873
-29.7822201435
-29.6593794748
-28.6421702175
-28.7251687132
-29.1239594450
-29.0369192533
-29.7596490377
-30.2726209367
-29.0040432416
-28.9977347242
-29.9636939024
-29.9468539288
-29.3165977167
-29.3200607341
-28.5502235435
-28.5955728911
-28.4474243561
-29.0129176282
-29.9600315189
-29.9468642856
-29.3176890527
-29.3142532216
-28.5482738970
-28.7305723141
-29.8596389705
-29.9307104426
-29.2936304676
-29.3195558456
-28.5370498366
-28.5905201219
-28.4479577257
-28.9191196973
-29.9234245131
-29.9403887668
-29.2999519308
-29.3164799094
-28.5414682585
-28.5995640995
