-21.5145777353
-22.0737134303
-22.4860585705
-22.7194957716
-22.3428734478
-21.2611754148
-20.0349911480
-21.5570789960
-22.4180707838
-22.2678029803
-22.5298906714
-22.7243310513
-22.3384472573
-21.2627522209
-20.0351050715
-20.7845061449
-22.1253480035
-22.6271568193
-22.3125141057
-21.2527567201
-20.0251315784
-21.4346965765
-24.2320423845
-23.7476393078
-22.8374727090
-22.8012022871
-22.3517413636
-21.2553653116
-20.0233942435
-21.4523249582
-21.7272497789
-21.3473547302
-21.3755793006
-20.8194056056
-20.0868652236
-20.9798993516
-21.6122335571
-22.9218577199
-22.0697040939
-21.4039190891
-21.3921629510
-20.8167284011
-20.0843912691
-21.0027384435
-21.6163865899
-21.5020500244
-21.3994670069
-20.8116782198
-20.0759194960
-20.9785905251
-21.5921778264
-22.7076930264
-24.5122503811
-23.0605066103
-21.6902660398
-20.8657880440
-20.0873027938
-20.9966228178
-21.6051016813
-22.7073900931
-22.4113842457
-20.6104283025
-19.0157244578
-20.1033038759
-22.0501946817
-21.9328831583
-20.6530564404
-21.6915114283
-22.0950857548
-20.5276615150
-18.9884216308
-20.0876406755
-22.0461245026
-21.9340210996
-20.6556158376
-19.7933695513
-18.8338454256
-20.0276793195
-22.0216153954
-21.9149919761
-20.6399850023
-21.4755640804
-23.4172324314
-21.3190019920
-19.0991760857
-20.1133757576
-22.0572437039
-21.9354270203
-20.6432059330
-21.4857550636
-20.0625593610
-19.9388318618
-21.0798582467
-21.1065409651
-20.6487221664
-20.2594465296
-19.8002140291
-20.8477881135
-19.8418440398
-19.9105995224
-21.0675972198
-21.1016810882
-20.6485124434
-20.2682238250
-19.7973465203
-20.2420149230
-21.1567722082
-21.1087676536
-20.6296412585
-20.2531820263
-19.7762486463
-20.3909700275
-21.9405626439
-21.9100906722
-21.5395710183
-21.1939384863
-20.6565039248
-20.2645886265
-19.7872448629
-20.4013500207
-21.4334563697
-22.0544810567
-22.4869246487
-22.7180134704
-22.3495561020
-21.2664961645
-20.0449180361
-21.4601390810
-22.3182452384
-22.2623307642
-22.5341019604
-22.7293398053
-22.3468892542
-21.2668586487
-20.0415987167
-20.7572059084
-22.1158263216
-22.6123985361
-22.3098537309
-21.2433929774
-20.0185291879
-21.4497435529
-22.2968845657
-22.2512581680
-22.5210279340
-22.7237381307
-22.3387022909
-21.2572942451
-20.0352164060
-21.4287777279
-21.7353228189
-21.3359235332
-21.3819201843
-20.8164927864
-20.0932462396
-20.9987938388
-21.6174934611
-22.7153414421
-21.9249654665
-21.3744672509
-21.3922328586
-20.8201344577
-20.0913846245
-20.9868525747
-21.6089284783
-21.4903469644
-21.4040097102
-20.8080326648
-20.0728344967
-20.9894935308
-21.6074901929
-22.7107793200
-21.9199644801
-21.3735675134
-21.3842789205
-20.8101687322
-20.0787714697
-20.9785076713
-21.6014729559
-22.7090924741
-22.3152961707
-20.5636341851
-18.9943210610
-20.0963558309
-22.0497842979
-21.9396913875
-20.6607048564
-21.5032125601
-21.9120480870
-20.5005192180
-18.9797621424
-20.0882724336
-22.0571427263
-21.9316209366
-20.6448785386
-19.7825571659
-18.8194560977
-20.0321314020
-22.0237721761
-21.9186362364
-20.6383085130
-21.4755407780
-21.8669835392
-20.4824843358
-18.9661288530
-20.0689779188
-22.0377614754
-21.9251997888
-20.6385350655
-21.4716544299
-20.0654411102
-19.9602585605
-21.0810207852
-21.1012098588
-20.6614298258
-20.2750255816
-19.7945036086
-20.4024310004
-19.5472505566
-19.7973115646
-21.0415682674
-21.0863376513
-20.6477913588
-20.2729179951
-19.7929371592
-20.2803165546
-21.1677192300
-21.1114370905
-20.6294975595
-20.2567939222
-19.7918005123
-20.3959852549
-19.5227712231
-19.7991550555
-21.0292684030
-21.0795527245
-20.6282068570
-20.2536972717
-19.7923558899
-20.3954091640
