-33.3621526030
-33.7336715221
-29.5376275469
-24.3540260593
-27.7687415169
-24.8973444432
-27.9480753385
-31.0479911370
-35.1246300722
-29.1972614825
-31.8499935313
-25.1825081067
-26.7445712162
-31.2262322979
-32.5809956596
-30.7441583094
-30.9977068336
-29.2699706134
-24.6058437773
-27.8312454225
-26.2116121434
-29.3181486143
-32.8272750684
-36.4004727142
-29.4063228693
-31.6147297430
-25.6199332171
-27.4957353428
-32.3256994467
-32.4872741222
-35.4001761679
-38.2218989677
-39.3762057981
-32.8754181233
-35.6049394803
-34.6354786474
-38.0226039924
-40.5281227698
-43.4819290244
-36.5502588680
-39.1281230761
-33.6569673154
-35.2036308766
-37.5120621672
-37.8466452301
-37.1644400594
-39.7693222110
-40.2219947363
-35.6893710708
-38.1635571753
-36.5649796031
-39.3130028307
-41.0667803490
-43.5210785803
-38.0616331615
-40.0869565205
-34.3666359112
-35.4396377291
-39.1192797632
-38.9238504362
-32.7149076098
-31.6750509781
-30.2044350950
-26.1605989797
-29.4476110933
-28.3632050607
-31.9047855751
-32.3288595372
-36.3134946835
-29.3224246373
-31.8667169896
-25.0077752301
-26.8151132102
-31.0018210197
-30.3628406252
-31.4625680155
-32.6600806097
-31.0217382320
-25.4387727245
-28.4811004046
-28.2237004761
-31.3706666489
-34.9374342818
-38.4654558128
-28.5754705495
-30.4868088636
-25.0724825263
-26.4887118180
-29.7876949429
-29.4236004219
-29.1159446614
-31.4655610923
-30.9655894541
-24.7330355700
-27.8677087327
-27.3828021382
-30.9874873607
-34.5634919109
-37.5128479831
-25.3680844317
-28.1432225239
-24.5832312385
-26.0779137656
-28.5225336370
-31.1634125276
-32.5812597521
-35.7638045622
-31.0093140863
-25.6455647317
-28.8036128376
-28.6293059152
-31.6590369436
-33.6996938285
-34.9926431876
-26.9211398054
-29.6063441582
-26.2760669928
-27.7093523952
-30.7650930547
-29.9070324628
-33.3191360949
-36.8768724618
-34.0207446172
-29.1461201654
-32.4645295322
-33.4430318467
-36.7985694420
-35.4775431994
-37.7841840613
-29.8381307101
-32.2572236256
-28.3249552247
-29.5537063070
-33.2173609447
-35.7743593258
-36.9218580198
-38.5480193121
-36.4693239651
-29.1281500122
-31.8669124721
-34.5282209264
-36.4527105422
-37.3697250784
-39.7021591121
-30.4661796402
-32.6509421208
-28.1620678235
-28.9549913789
-33.2786906469
-36.5132039446
-39.1316909593
-38.0199009064
-36.0851284913
-28.9715594848
-31.9557676631
-29.6172342291
-33.6664501490
-36.1669501901
-38.7898634195
-31.0314178488
-33.9997658456
-27.7978943079
-29.1562231114
-32.9719450231
-37.0419722570
-39.3531233357
-39.0048034564
-35.7577407266
-29.3154843668
-31.6385112798
-31.3195201644
-34.4583909605
-36.0446131399
-39.3528553432
-32.5933576521
-34.8897158487
-27.9627999667
-29.2814380522
-33.7870226894
-37.8753746679
-38.4540971322
-39.1776124962
-35.2329791333
-26.9261485649
-30.5415426572
-29.7217836918
-33.1104307431
-32.1449208970
-37.0762062700
-31.9191710239
-34.8448701011
-29.2753392560
-30.8520063700
-34.6316246572
-38.4511402936
-36.7234977269
-38.4577789321
-32.0715256462
-27.5110878432
-30.8648926663
-29.5912480034
-32.7359925185
-36.5287557996
-39.6902631629
-33.6698497337
-35.6415620139
-28.7621537325
-30.6789707243
-34.1512259108
-35.4471683369
-34.4358742446
-26.8008857137
-30.4301759067
-29.6521336747
-33.0598448040
-38.8563999259
-42.4908152056
-32.2903326575
-34.9915233574
-29.2618496703
-30.8339831454
-34.5900153783
-38.4093937941
-39.6995440602
-39.1390882212
-31.9962623123
-27.4676272960
-30.8175082342
-29.5644707879
-32.6952726175
-38.6709479604
-41.9893226053
-33.7487094238
-35.3883565931
-28.7270588019
-30.6585719344
-34.1729555319
-35.4885329381
-38.1704987496
-36.8096860580
