-28.5896320308
-26.9819659358
-26.0756767245
-24.5608452553
-26.6782159103
-27.6249648096
-28.7771566917
-32.2804303647
-33.4895333526
-33.9124512120
-34.0017866829
-32.1543350939
-34.1601390992
-33.2758244123
-33.7823608541
-27.7230219240
-29.4023316608
-32.0251095748
-27.8715303583
-29.3285376729
-32.4580967458
-31.9676273763
-34.8053658195
-31.4972900932
-33.2124751740
-31.6187209605
-29.5885578511
-31.8199979771
-30.2843434053
-29.4814800642
-27.4885180308
-27.8437964507
-31.2801556852
-26.7053802081
-26.7024324435
-30.1644634508
-32.3497425039
-27.8512674982
-28.9004841270
-32.5931738197
-33.8924744746
-30.3423719233
-31.9286409182
-30.7905394286
-27.3090210863
-26.4582476209
-28.7790416094
-32.3722825317
-31.3838533076
-30.8150291164
-33.6745296656
-31.6849519674
-33.9255097005
-31.4857139130
-33.6762242724
-34.9776894268
-30.1679873185
-28.2532364526
-30.7738328004
-28.1558745258
-27.4221497844
-25.0787302028
-26.1222209753
-27.9905002283
-31.2431253520
-31.9150814326
-30.5470135925
-30.3227537655
-30.0866031803
-31.9998858609
-33.2065679887
-26.8538109560
-28.7885762112
-30.2668548463
-27.9036788166
-27.0930142312
-26.2877247426
-28.7219089315
-30.1590326695
-32.2476721728
-35.6395476441
-30.5575230353
-32.3705451957
-31.0951787906
-33.0144605171
-32.5584633948
-27.7778437594
-29.6876363873
-31.5897144724
-29.5956495961
-30.5547655725
-31.0583374705
-32.2845924750
-29.1441368497
-30.5892390903
-33.9835330407
-30.2608427869
-32.2063140378
-30.6070940248
-29.8394861488
-32.1915933048
-26.4473368406
-28.2625937126
-26.3852692111
-26.4179575138
-29.3430952919
-31.8543886600
-34.3389770893
-31.9155759613
-31.9795375650
-34.8717573639
-31.3898731349
-32.8033627730
-32.2673692917
-35.0275322644
-31.1037489462
-29.7710802288
-29.6220682104
-27.2180479373
-28.3934414106
-27.3826998598
-29.0094248274
-29.2301607981
-25.2888078581
-24.8169985380
-24.0903499197
-23.8044431498
-26.7430008603
-28.9237011882
-31.7310378535
-33.0563752074
-32.0569796173
-34.1878574620
-32.2905086925
-33.9610343991
-25.6994661105
-26.7195572229
-27.3453847190
-24.2840925140
-24.2309665848
-24.2330910009
-25.7541364870
-29.1467506245
-28.7856297611
-30.5972978942
-31.5466345402
-31.6053323565
-31.8377273420
-32.1869379803
-28.0371092074
-24.3182346337
-24.4202376689
-25.1677278224
-22.5245233134
-23.5208459295
-27.5141857753
-27.1282101403
-22.9929719277
-23.6824387678
-26.4524193919
-30.4303739765
-31.9769276717
-33.6954307408
-32.3037070278
-25.9217258327
-24.5627560711
-25.7088945931
-26.5257382782
-25.9413685970
-28.0421826826
-32.3711963732
-29.0665160691
-29.1822973696
-29.2160433424
-31.5279627225
-31.3653329697
-30.5238832279
-29.7297751724
-31.5494399049
-25.3914141690
-24.3930889042
-23.7523567796
-23.5033275893
-26.7372244276
-28.4375298278
-31.0332703845
-32.1937228871
-30.1228839125
-33.0682906678
-31.7731818626
-33.5413827996
-32.2682017214
-27.6794875888
-29.0911067290
-29.1804228077
-26.2648183381
-24.7092954546
-25.9307452164
-30.4804459681
-29.4983562840
-30.8841237520
-31.6539233414
-31.5882425289
-31.8040525756
-32.2047605432
-28.0452612153
-28.5888915317
-24.9497894213
-26.4499363733
-27.2469210948
-26.4658067097
-29.1718099178
-27.2313252110
-29.4208416455
-27.4526748239
-28.0036260353
-31.4152521811
-32.2984069866
-33.7690926689
-32.2097162146
-25.8658035976
-26.5358010912
-24.3429431040
-24.4524974610
-25.1834233845
-27.7396534683
-32.1419938395
-29.0603253595
-31.3614479031
-30.4851116722
-32.0098334616
-31.5201563742
-30.5931655806
-29.5328582967
-31.4680078661
-25.3605939572
-26.7855824036
-26.0057574237
-26.1600461941
-26.6780722198
