-28.6976380469
-30.8238478358
-34.6857875298
-33.9443718296
-34.6742929157
-33.1444110416
-34.1162500877
-31.4541752143
-32.3674886837
-31.5122140896
-32.3855300340
-31.4250560989
-33.6219863135
-33.2617859553
-31.8699586462
-29.8897536274
-30.0408745238
-32.0410006075
-32.8783464802
-33.5034825287
-35.0164790977
-33.0354625878
-29.2047661994
-30.4492102114
-29.4230812910
-30.4154823678
-30.0716287052
-31.8380276800
-30.4431813287
-28.5354976290
-29.6481113979
-30.7145200610
-33.6705630514
-33.6916777529
-33.8043572027
-32.0063898655
-31.9276104370
-30.6590833008
-31.6587547325
-30.2698388675
-31.6541382368
-31.2743248770
-33.6210788037
-33.7365985849
-32.2711650306
-31.5912977494
-31.7888722612
-34.5153812138
-33.7529362543
-33.4078967896
-30.8221117938
-31.3485227711
-31.3961208084
-32.5044519771
-29.8354858755
-30.6577887143
-31.7540530810
-32.0770897722
-31.1884951273
-30.6512432924
-30.4609585859
-31.2181748071
-34.8488988549
-34.5837897229
-33.5610993628
-31.0163631100
-31.7256472781
-29.8958459460
-32.6471852404
-30.9478458583
-31.9975193623
-31.3144427993
-34.8325391796
-33.8538323801
-31.8474600384
-30.8683582886
-29.6382686603
-31.8888945404
-32.3474640331
-33.5605297407
-30.8766682300
-31.0023181486
-31.0950104947
-32.5618513197
-31.3997197573
-31.2151843024
-32.5402861152
-34.5713707550
-34.0373321388
-31.2623538422
-32.2950773208
-32.7135237022
-34.4922832237
-33.6160817124
-34.2987892671
-32.1457830958
-32.4464972579
-30.6808077438
-31.2991873987
-31.3909567077
-34.1034673485
-31.5735632143
-33.1319545322
-33.0390524747
-30.4113448747
-30.1225033436
-31.0781368665
-33.9731336319
-34.6291403553
-34.9904566309
-32.2990322790
-32.0710142964
-30.6565989904
-30.3065209575
-32.2176947509
-33.8987959357
-31.7032315225
-33.0737693694
-32.4553133806
-32.4674643702
-30.1702787364
-28.8921910159
-30.9339950821
-30.1458162462
-31.5906530433
-33.6967939561
-33.7576601931
-30.3149590689
-31.0488494478
-32.2994154809
-34.3725003855
-33.5394487117
-36.4265171902
-32.8819868490
-32.7663622213
-30.5131951170
-26.2072597429
-27.1952412111
-30.2407378734
-32.5237607236
-32.8647093139
-31.7136296376
-28.7556665638
-29.7626718889
-29.9425054115
-30.9609328231
-32.2271801837
-34.3483822522
-31.8609418497
-29.1406634847
-29.9951859927
-29.1319133772
-30.4664786940
-30.1526348295
-31.5298256315
-31.2248950027
-32.3514837227
-30.2808273125
-31.3124077075
-31.1112381305
-33.0790655266
-33.2533128934
-35.4622502510
-31.5079600696
-30.0797470545
-29.8431433505
-28.9463526080
-31.2462284728
-31.0945509188
-30.9489138861
-31.3256810983
-32.5605217830
-30.9833770616
-31.4251803775
-31.2525136959
-32.5683902758
-33.7988966414
-35.5420718172
-28.9827874232
-29.3231936267
-28.7331019331
-28.3714554614
-30.8007265278
-30.6318037893
-33.1070557697
-32.7184884363
-33.4579351153
-30.8713487823
-32.3783424936
-32.7157490962
-33.9382277233
-32.4576462294
-33.6991656347
-28.9323723660
-29.7364733526
-28.2690355811
-27.9995765733
-29.4127051752
-30.8625727850
-32.9535735596
-31.7541579373
-32.3304208075
-30.0945674698
-31.0078641520
-32.0997398623
-32.7437561640
-33.6860333596
-34.1327185170
-29.2209782963
-26.9385209243
-27.0247960210
-28.6142149246
-31.6655292982
-31.3823360602
-33.0435615129
-32.1258930825
-33.2951966236
-30.3820186147
-31.0527435612
-33.0810630753
-36.4999447960
-31.3569039090
-31.9726244756
-30.6284132656
-27.7128335396
-27.6222176952
-28.9334300513
-32.0144771315
-33.1794282940
-33.4040117343
-33.8255314415
-34.8783882297
-31.8367072029
-31.6983379824
-33.5703711808
-34.3585667629
-30.9594440507
-31.4224034865
-30.7329394216
-29.0307945664
