-19.6457841042
-22.2573504865
-25.1336167691
-23.4886132906
-26.0489007456
-19.4261963493
-21.8289252448
-21.0450868949
-21.3398448150
-24.1187104139
-28.2600446430
-30.2870244810
-24.2050360120
-21.4184883282
-19.7113756011
-18.4061049816
-17.6664533980
-20.1503038217
-20.4757706087
-22.8102164849
-20.6558307332
-20.7326527757
-20.4807870874
-20.1113924367
-21.3928775426
-24.0218701564
-28.3708313916
-32.1542638692
-29.0143610529
-22.6003692271
-19.8713515065
-22.0036361099
-21.1131679314
-21.6710440191
-21.6120652347
-22.9881871180
-21.1170504046
-20.0977397080
-20.9052159392
-22.8730815788
-26.4020884064
-27.7140012329
-27.5807054832
-25.4650476405
-18.4916641958
-17.1743305843
-18.7648297209
-19.2506866977
-21.3451345097
-25.4483875929
-26.1674926310
-22.3630806310
-20.7034662855
-19.7298415956
-19.8452552587
-22.7725569203
-25.5871180250
-24.6941358435
-18.0238641082
-17.3816832087
-18.5366873415
-20.2116723504
-20.8168241919
-23.9476502765
-28.1148102448
-29.3636869383
-23.8383289233
-21.7033128266
-19.7548102558
-21.4246699704
-23.4952130517
-22.7828799633
-21.8524958134
-24.6373746404
-20.0342764995
-18.0335696362
-20.9365436248
-23.4432406519
-27.0857399442
-30.8312489444
-28.7375604584
-23.0807875808
-21.6884315293
-20.2606142079
-22.1600972529
-25.4271628353
-22.1138002890
-21.5993563064
-21.3218371283
-20.4692536386
-19.5634807842
-21.8557154468
-25.5360285004
-29.1653913653
-32.5062514350
-30.9254779822
-23.4505136274
-23.9828008031
-22.2116321380
-21.7292045735
-24.2704333243
-25.9515453344
-24.2657300964
-22.0823806360
-19.5136961614
-21.3950990471
-23.2707564456
-26.4451645084
-29.3259122538
-32.5003118611
-30.2029488728
-23.0616147663
-22.7395281327
-23.4698754296
-22.2318911430
-23.5415709285
-25.7641384509
-24.9039222365
-25.3666655175
-20.9484292519
-20.9725810534
-20.7321129298
-23.5480076298
-27.9366104830
-31.0551086846
-24.8098588917
-20.9472071521
-19.1880313009
-19.3839695457
-21.2120212490
-25.0610512992
-25.6346759593
-23.6863717061
-21.9061965433
-20.1714055760
-20.6368365548
-22.7371176615
-24.4425200698
-28.3161740333
-27.2422851277
-24.3611980563
-22.2831658097
-19.3145421615
-19.3111464668
-22.2343029549
-25.1950824134
-27.4541739537
-26.8869329365
-22.8867161626
-22.5298323995
-21.8808640781
-22.0546208618
-23.5732197018
-28.0331128030
-28.6771200767
-26.7375765471
-20.4670204681
-18.3105515703
-18.9679089013
-22.0079393696
-26.7019417569
-28.3717532117
-25.6746385262
-20.7480583415
-20.9340748666
-21.0386709538
-22.3312765355
-25.2282807835
-28.7888687954
-30.2548022220
-23.1762646024
-21.2923865762
-18.9695944384
-19.8212549269
-22.8808283843
-27.5704031500
-29.7925043307
-27.5904381308
-24.3078869964
-22.3183940992
-20.2014645866
-19.9768266651
-22.6117602928
-25.8895605431
-25.8615314026
-23.0992846258
-19.3809182055
-17.6875668010
-18.7210416275
-22.0582651157
-26.7094568302
-27.1292289810
-27.2256044299
-22.8836337568
-21.2642241584
-17.9737208934
-18.6679040357
-20.5552763252
-24.7567730858
-26.6884327139
-20.3556187360
-17.1079390163
-17.1091144862
-17.7895232587
-21.0128426754
-24.1051521883
-28.5397024015
-26.5152650709
-23.5498032192
-19.6503125645
-18.6397260699
-18.7597290508
-23.1720973296
-25.4369046368
-24.3899365280
-20.2331547534
-18.1120150997
-18.7662446802
-18.9902443990
-20.8398471159
-24.0339797424
-28.1566072341
-28.0100031621
-21.8914965088
-17.3938846912
-17.4506393626
-20.8111383645
-23.5646534183
-24.5458034577
-21.8102611987
-20.8824558159
-18.8768696992
-17.9802223031
-18.5540658683
-21.0370566209
-24.1096936043
-28.3305542693
-25.8729017989
-21.2904421024
-18.7444891765
