-20.5643371342
-23.9233301767
-23.6215634400
-24.6051770609
-26.1528392283
-27.9778171471
-26.5549130037
-22.3733065428
-23.1035140300
-20.8854281797
-22.9712940516
-25.9758524567
-24.3808032506
-26.1555707754
-25.2319949192
-19.8336311802
-20.1426774262
-20.4623082042
-21.1766428055
-22.8812711354
-20.4480664539
-20.4760890764
-19.6378754871
-19.5782080000
-20.3388357380
-22.2823929586
-24.1687384158
-21.2877144305
-22.7435530613
-23.3338286992
-20.7912405782
-20.9204351147
-22.7619064069
-22.8797629423
-22.6597350734
-22.4840739658
-22.5811653479
-18.6211254533
-19.0719884745
-20.9044806357
-24.1891566246
-25.3311447235
-21.8956353188
-22.3496285887
-19.9006376762
-18.5461287735
-20.1032715079
-21.8468863718
-20.5612456676
-21.8508672272
-22.1151246542
-20.6022387448
-19.5413381811
-20.0035663581
-21.1883355162
-23.5379396448
-23.9644125866
-22.3685761607
-22.3049071123
-20.0048013894
-17.8251308643
-18.2337774288
-18.3141285256
-20.2561893415
-23.8586422981
-19.0434764955
-19.4819063068
-19.8687002362
-21.5202972159
-22.2978697448
-24.6188323591
-24.7577802899
-23.2093438864
-23.0323868909
-20.3630859221
-17.3628392168
-17.7258930457
-19.0854223988
-21.5319497846
-24.1944812571
-22.5374044462
-22.0846941110
-21.4928118556
-21.8534641737
-21.8358086058
-21.8404367477
-22.4426938091
-24.3080773002
-23.5905244264
-18.8843537025
-16.1848587181
-18.3751151918
-19.5050548093
-19.3722393082
-22.1114596722
-21.7540723116
-21.7647863089
-20.2880659473
-20.6244616172
-21.4968457736
-23.6127071731
-23.8912347903
-24.2234023081
-21.4068267222
-17.3686752091
-18.4947932373
-22.0164719961
-18.6191512079
-19.8782866417
-23.1926942118
-23.6375943034
-22.9234435905
-20.9560906154
-21.2831147598
-20.2947913160
-21.1531732457
-20.7216436151
-19.4998117282
-19.3089599208
-16.8461619852
-18.2442622869
-19.9113426156
-19.0016225280
-20.2869396572
-23.2426393531
-21.5996139244
-20.8510957819
-20.5393438574
-21.4994776791
-21.4228355832
-23.3909303197
-24.2313912081
-21.7854556718
-22.6888360830
-22.9485702139
-19.3233608993
-20.9292149957
-20.9695530178
-21.3677535250
-23.4012067461
-21.3550160855
-21.8833691108
-19.9822043868
-20.3476544629
-20.3834976755
-22.0893675599
-24.0363372047
-20.9270867021
-22.0156706521
-21.2186042380
-18.0124186851
-19.4115403547
-19.3155752595
-19.6391066349
-21.5648724040
-20.8214523352
-20.3149130735
-18.1894223105
-18.4798666601
-17.7371015755
-20.0230628183
-20.9293897700
-18.6785934418
-19.3371676669
-18.8242784294
-19.1972604235
-21.5853928964
-20.4302413015
-20.5830711030
-22.9288303518
-21.9394169310
-20.7075675870
-19.5744653522
-20.2753492270
-20.3711486168
-22.6490741575
-24.7972781179
-20.3254328824
-21.8610387906
-19.0247179414
-20.3346283255
-20.7391956236
-20.5977996117
-23.9227294834
-23.7181525137
-22.0297971792
-23.6931100402
-24.5063405948
-21.8692594194
-22.7585094194
-22.9718883008
-25.9168996100
-23.6761457814
-21.7244858373
-19.4461472438
-20.7050327813
-20.7199114645
-21.6577719170
-26.0484114278
-24.0711589784
-21.3339894192
-22.5525536908
-24.2457106259
-21.0220290727
-22.0915347017
-21.2576204798
-24.1044078269
-20.1191832641
-21.3063655278
-21.0923626529
-21.8214231603
-20.9356698014
-20.3755799788
-23.7401850595
-21.9113438212
-18.5123115814
-20.4215015404
-21.1197185540
-18.7743022148
-19.4126847743
-18.8642280712
-21.7232818565
-18.7704326902
-19.6950923132
-19.4294794417
-21.2191893771
-21.4953764287
-20.5955159621
-23.8527389785
-23.5345413561
-21.2413475301
-23.1255893393
-24.9905857198
-20.5877018312
-21.9982351595
-19.0645976752
-21.3742096098
-21.7953022957
-22.7497981500
-20.7160885509
