-27.0319796511
-19.9549494454
-21.0935251802
-17.4717877076
-18.2855945346
-17.3729188647
-19.6160901681
-21.5115328652
-24.3934578434
-20.9403587922
-22.5712319719
-19.7611951697
-20.3443584334
-19.4208911530
-21.2922881928
-24.2427524949
-19.5308455477
-21.0116425930
-16.3374050129
-17.7555338828
-17.1684065666
-19.1169093145
-21.7934238499
-24.8525815261
-20.9621117258
-22.3089941107
-18.7843805589
-19.7262568862
-19.2750870673
-20.7040838458
-22.7000264820
-19.9626936642
-21.4474767208
-17.9205677682
-19.4580626043
-20.4238343938
-23.0124204844
-23.7595883351
-26.2462681989
-22.0759672795
-22.8475225671
-19.5869153760
-20.9198227676
-20.4616440693
-20.6223100089
-23.3736048716
-20.2551213047
-21.2152033496
-18.3601911968
-20.0244998007
-19.5435726307
-21.5624812943
-22.9820883437
-24.8281410416
-21.0622803411
-22.1063344032
-19.4717217872
-20.8964982048
-19.3819512847
-19.7618010534
-23.5808901174
-20.8063354512
-21.4573220607
-20.1790747169
-22.4885946425
-22.3987943891
-24.8177934056
-25.1128632583
-27.0776720790
-22.9225062967
-24.5022833449
-19.9911084961
-19.9658330330
-20.0408944522
-21.5266846937
-25.2388510745
-22.9556269952
-24.2998631540
-20.3250186036
-21.8863738282
-22.3324869758
-24.4699368154
-25.8945330567
-27.6069066203
-22.8599751940
-23.6952810576
-17.4733981802
-18.8900783544
-20.0851783679
-22.1633000727
-25.3200565808
-23.4363884169
-25.1916388175
-21.3160749207
-23.1377377196
-23.3288562007
-25.3526749671
-25.4640482231
-27.7076383507
-21.6650526218
-21.7170056996
-18.4247250339
-19.8146680696
-20.0289751963
-21.9364186562
-26.5791114606
-23.6585251640
-24.8874667456
-21.6876289556
-23.2705040112
-23.2676637030
-24.9474928180
-24.7762734534
-26.4029273604
-18.9689911623
-19.8309047734
-18.6169102747
-19.7719467238
-20.6436486802
-22.0231921938
-24.4299367023
-24.9990769084
-27.4293347320
-22.4985331737
-22.9656833391
-22.5828547806
-24.5662760403
-23.3923504775
-24.9015997422
-20.8963804017
-22.2586683670
-20.7976539510
-21.5901362549
-21.6614200662
-23.3766536201
-24.9035183296
-24.3166319388
-26.3216804346
-22.3085073457
-22.6001012540
-21.0328181550
-22.9314557701
-23.5446456006
-25.9828147515
-20.5210150926
-21.6370870080
-19.7227615065
-20.8436441350
-22.1052508455
-23.4254867095
-25.4534196747
-25.0848419448
-25.0040209346
-21.4980406828
-23.0145915124
-21.9911200879
-22.7105527522
-23.6924446210
-25.7186700021
-21.9458380578
-22.6114495919
-20.8662320807
-22.5155427611
-24.4202790970
-24.6268186664
-25.1915158433
-23.9795670113
-25.1791849068
-21.0834274101
-22.3023968979
-19.7285172364
-21.4671583170
-23.3160656950
-25.9940491697
-21.3883956911
-22.5744334871
-20.2035398083
-21.8071309158
-23.9032330318
-24.7357632662
-26.3602720525
-24.3199862099
-25.3291614139
-21.5018596745
-21.4907392117
-19.5353299994
-21.3402228397
-22.8610289970
-25.2226299125
-21.7540606524
-23.3707503002
-21.9244877582
-23.7397280779
-25.1072615883
-25.1053054697
-26.9600809535
-21.9812760768
-22.7522345500
-17.4805365357
-18.9395302651
-20.0183285252
-22.1508591057
-24.3958683764
-26.7954134867
-22.0937613817
-23.4089600120
-21.5068115051
-22.3571527278
-23.6092415721
-25.2278755847
-28.2419580209
-22.8830537299
-22.3460762435
-18.1785904979
-19.6203169999
-20.0665272624
-21.7513614354
-23.4617428910
-25.6951279541
-23.5503145906
-24.2640859781
-21.6435949038
-23.0982204891
-23.7458967917
-25.4736825294
-26.6599557819
-19.5670175830
-20.9455953903
-17.8598231852
-19.2570793647
-19.2038951762
-21.3912321276
-22.7861294160
-24.9521002491
-21.9429382020
-23.3911814619
-20.6785610780
-21.8469303867
-20.9945165240
-22.7278574931
