-25.6276774384
-29.4328903570
-29.4787018822
-28.5497277175
-23.5513101322
-22.8061372501
-22.2981273692
-26.2155748612
-30.2810305622
-34.2474304572
-35.1316791028
-31.5290657139
-34.1046078788
-33.2071466720
-33.1856164153
-26.5222869063
-28.1575380694
-28.7039595124
-26.8794217769
-23.9484619898
-23.6692288134
-27.3181802786
-32.4003841039
-33.4178780468
-36.4237338356
-34.5935547836
-32.2896025228
-35.7567775510
-32.6161203615
-26.5342191068
-23.4289057141
-23.8146859273
-24.9238057892
-25.1789298779
-23.7360087464
-27.7647425408
-30.4935484908
-33.3794469706
-33.6538823244
-36.8650062855
-34.8069672359
-31.7750693887
-34.8014730091
-34.1005247544
-26.4536621933
-24.3426621839
-23.5603476414
-24.3905761124
-26.2811624870
-29.7461607398
-33.7749183180
-32.5234280200
-34.6688906067
-33.8818213311
-37.3697444948
-34.6864477800
-31.5893947096
-28.2490135174
-29.3889042230
-24.2306519963
-25.9167727534
-23.0316748814
-24.4823143700
-27.7850507222
-31.7027434620
-35.7008229719
-34.3125701336
-35.2115369122
-34.7243907931
-37.3429711752
-34.5550667506
-28.5128708537
-28.0388711425
-24.7835153700
-23.9231036364
-22.9731557025
-24.4524042520
-29.0031473738
-30.5872143686
-32.6352388046
-36.7143579480
-33.7320856592
-36.6379540942
-35.2516341166
-37.9745502794
-23.3794369760
-23.8379444618
-24.0373961770
-22.6025998121
-24.7674379050
-21.0176119458
-24.1493882264
-29.4075229487
-30.5505788832
-32.6222631714
-36.3392336421
-34.0802515463
-36.8805387216
-34.8829840116
-23.7021786129
-21.9727602990
-23.2754351091
-23.6155475020
-22.1626540954
-22.3526890014
-26.7119605822
-29.6819259814
-33.2724261510
-32.8088815977
-33.2330487434
-37.1720069019
-34.2292868439
-35.9072161793
-22.7848425913
-22.2814634545
-22.2800174013
-23.7872782425
-24.6937759568
-25.1125370278
-20.6734293443
-22.4932305757
-26.8424561573
-30.3173488761
-26.3723854939
-26.9762658741
-27.2659709286
-25.0218758665
-28.4082786544
-30.5359565352
-34.4671799050
-35.2201096578
-32.5848004467
-34.8392321932
-30.4279932482
-33.5118015298
-28.4242059526
-30.8315933381
-31.0499602018
-26.3056897142
-27.5144356444
-27.4779671580
-29.1894680796
-32.9275031939
-30.8094805216
-33.3904716613
-34.6443763322
-31.6210292079
-32.9477531085
-30.5757236238
-25.7371851806
-25.5524412740
-26.0226686027
-26.5835467250
-24.1299357846
-26.5474549556
-31.2633532527
-32.3625770289
-34.1995346710
-31.5719320382
-34.1880672279
-34.7673632630
-31.7096060645
-33.7290174896
-31.9420903731
-27.9819028832
-25.4831446683
-26.2100185104
-26.8262427709
-26.3237038826
-29.5766010526
-34.2718903585
-32.5508085087
-33.3954376971
-33.3198390670
-36.3392090441
-35.2544783153
-32.3741506256
-30.8064848524
-33.1665005580
-27.6613737441
-26.2230653415
-29.1305061595
-29.7105311537
-33.0073894786
-37.8734625166
-42.0237313320
-42.5495594681
-44.8505748143
-47.3669519949
-49.1215601981
-51.1427932191
-29.1819400289
-29.0645470092
-29.2357003340
-29.0629520709
-28.1548789924
-23.9982168189
-27.5440466972
-30.1350271680
-32.0841867055
-36.0306186642
-34.1003176265
-36.7041177793
-33.3581575102
-36.2233643438
-27.6114635660
-25.1511765393
-25.1363483505
-25.3565160219
-23.8184078627
-25.7855017242
-29.2161236023
-33.9721458587
-31.7044406676
-32.7514654228
-36.3121353747
-34.6068294657
-37.0954308751
-34.7679600742
-26.9102859991
-26.5249641153
-23.9934876963
-24.6054295138
-28.4308873002
-28.5380609089
-30.9545582842
-30.1717921116
-32.5958600899
-31.0027479500
-32.4687770765
-36.8449117222
-33.4054629664
-35.8552424441
-25.3175955774
-25.1161191474
-26.8041998539
-26.3193139403
-27.2732426180
-24.0120455881
-25.7670215068
