-32.1005865152
-33.3741495300
-33.0713705168
-33.2028861903
-32.6500074414
-31.6970058641
-30.8688269296
-32.3876570345
-34.3534894004
-34.0280991627
-33.1887311896
-33.2321049911
-32.6443967065
-31.6947351604
-30.8717060886
-31.5589007390
-32.5145885899
-33.0298531506
-32.5875359094
-31.6670362019
-30.8490663709
-32.2165775212
-34.9910676790
-34.6190878984
-33.2794156277
-33.2477034549
-32.6414437563
-31.6858439450
-30.8534847925
-32.2336181541
-33.7966350009
-32.3561584731
-31.0604657702
-31.1788828334
-31.2627525783
-31.8478665389
-32.9407390446
-34.1567304942
-34.2679095168
-32.4478203259
-31.0712341353
-31.1830177407
-31.2557449851
-31.7950461423
-32.9265568573
-32.0918713695
-30.9743771049
-31.1416777305
-31.2389891603
-31.8240034383
-32.9219533104
-33.9818112491
-35.1582323515
-33.0138184083
-31.1672626304
-31.1938391839
-31.2593646471
-31.7915093339
-32.9141586094
-33.9876744278
-30.8095556030
-29.1511936498
-28.7043077561
-30.1848997904
-31.9049305885
-31.5174235056
-31.1770742970
-32.1045207656
-30.3963846374
-29.0611306000
-28.6655828061
-30.0493424054
-31.8632009089
-31.5070668189
-31.1736073960
-29.8948801876
-28.8286592106
-30.2192037279
-31.8978504986
-31.4964991146
-31.1487280450
-32.0716046277
-33.7406143919
-31.1126569933
-29.0431604519
-30.1606444289
-31.8925258671
-31.4972383231
-31.1594316808
-32.0775092336
-28.1853263514
-28.1461444177
-30.4291052999
-31.3715418052
-30.7072561393
-29.4556233007
-28.0435044655
-29.1254197345
-27.5270708007
-27.9508237548
-30.3466091085
-31.3423074676
-30.7062152923
-29.4528438247
-28.0391442999
-28.7692001690
-30.6441360158
-31.4255376863
-30.7038332542
-29.4434490145
-28.0236092680
-29.1222777743
-31.2856538014
-31.2972869502
-31.4587153325
-31.6769100081
-30.7693522452
-29.4639643178
-28.0291539798
-29.1192329081
-31.9635300127
-33.3363320913
-33.0457364240
-33.1919534135
-32.6358006569
-31.6972686650
-30.8691117385
-32.2355729789
-34.1707702774
-33.9896823312
-33.1793855750
-33.2292853832
-32.6460460088
-31.6959326524
-30.8739288925
-31.6012621769
-32.5250591997
-33.0197851569
-32.5866102806
-31.6617840672
-30.8449664174
-32.2325138723
-34.1977869871
-34.0141979012
-33.1724880220
-33.2143031421
-32.6334237974
-31.6809737131
-30.8605195721
-32.2107026907
-33.7791451476
-32.3364963038
-31.0415428086
-31.1676108744
-31.2546381141
-31.8051231986
-32.9193511929
-33.9774057741
-34.1295377220
-32.4191633746
-31.0635637141
-31.1796285149
-31.2595355324
-31.8302498149
-32.9338155999
-32.0846009755
-30.9640501935
-31.1319618636
-31.2331505781
-31.7818633749
-32.9084779670
-33.9739181598
-34.1308439594
-32.4089749844
-31.0462551011
-31.1591662908
-31.2504099967
-31.8226881391
-32.9223844074
-33.9806513002
-30.8206450252
-29.1542773535
-28.6984717625
-30.0714150954
-31.8579746659
-31.5081944031
-31.1752282175
-32.0280301635
-30.3201179938
-29.0500023392
-28.6679065879
-30.1786288165
-31.8894046206
-31.5049527602
-31.1645608301
-29.8976428338
-28.8317662169
-30.0977806320
-31.8635387959
-31.4895109403
-31.1485131438
-32.0721470592
-30.3078932195
-29.0383394143
-28.6566579304
-30.1576746489
-31.8797677237
-31.4914864783
-31.1492652982
-32.0680509896
-28.1721280472
-28.1126055784
-30.4088851628
-31.3754307410
-30.7119088810
-29.4577011111
-28.0426461550
-29.1206815499
-27.5185627814
-27.9724485198
-30.3538354868
-31.3536234425
-30.6955000050
-29.4504358948
-28.0354819160
-28.7469682440
-30.6443340873
-31.4344716232
-30.7218875488
-29.4412106755
-28.0278593938
-29.1217923045
-27.4971619801
-27.9291588587
-30.3304384360
-31.3300205533
-30.6926441484
-29.4344632936
-28.0258514909
-29.1171382680
