-28.5547144577
-28.0794434673
-29.5603553015
-29.6491587190
-29.7287058454
-29.9230257807
-29.4002111388
-29.6126203251
-28.0712733324
-27.9649904138
-29.5258584703
-29.6361377738
-29.7175335689
-29.9215370069
-29.3903489831
-28.9708384079
-29.8362121431
-29.7011376383
-29.7239819014
-29.9199925659
-29.3738507800
-29.8140954365
-30.7384828462
-29.8706934388
-30.0515509745
-29.7573485590
-29.7424012699
-29.9186423128
-29.3777112353
-29.8684395642
-28.8018988218
-28.3944589600
-28.9083694575
-29.1234027735
-28.5127685831
-28.5145628791
-27.9878670431
-28.8110631963
-28.5179831741
-28.3294409683
-28.8865349707
-29.1202077353
-28.5098842455
-28.5350742992
-27.9952901993
-28.1207109855
-28.8578935509
-29.1101151433
-28.4895747807
-28.4980336053
-27.9793667915
-28.8901170873
-30.4679234589
-29.7487809887
-29.2144406461
-29.1952056884
-28.5095696611
-28.5320255492
-27.9876767390
-28.9004025726
-29.8684369766
-29.6484958909
-29.1627322942
-29.3988699473
-29.9956222746
-29.7141922421
-29.3530687919
-29.8218241159
-30.2943156072
-29.7325494710
-29.1608434933
-29.1991321664
-29.9294339808
-29.6923849424
-29.3530195977
-29.0769271379
-28.9798060051
-29.3310582413
-29.9774514668
-29.7189886830
-29.3687112738
-29.5990854299
-30.4275854574
-29.9613442288
-29.1912753250
-29.1890602878
-29.9274286672
-29.7022600438
-29.3675849841
-29.6032527020
-27.8845383647
-28.4255134840
-30.1938181981
-30.3259203324
-30.2900861949
-29.6708831654
-29.7595558281
-30.0989858977
-27.9959064191
-28.2324208066
-30.1138425648
-30.3044353849
-30.2802305125
-29.6734749264
-29.7670501860
-30.3274958426
-30.7975910478
-30.4744378149
-30.3136114098
-29.6545804448
-29.7424012701
-29.7567362200
-30.2124472897
-30.2637374875
-30.7678207511
-30.4762010409
-30.3239240811
-29.6636308951
-29.7536745243
-29.7639509474
-28.1269340573
-28.0016634460
-29.5385751878
-29.6503083113
-29.7379465997
-29.9339456129
-29.4075126035
-29.8619070839
-28.2209054643
-28.0082736021
-29.5506381394
-29.6448360966
-29.7332925633
-29.9297485653
-29.4067604490
-28.9813724538
-29.8472057667
-29.7087174389
-29.7270060541
-29.9259502503
-29.3765694104
-29.8564413419
-28.1563587020
-27.9920602070
-29.5351471242
-29.6336702929
-29.7184255386
-29.9225454893
-29.3856574037
-29.8361189321
-28.8082384092
-28.3894683311
-28.9001048207
-29.1262534517
-28.5107425560
-28.5308539489
-27.9900432423
-28.8907397834
-28.5799122831
-28.3374000829
-28.8849646379
-29.1215178563
-28.5181877199
-28.5137744762
-27.9807429365
-28.1148995890
-28.8508173441
-29.1113087515
-28.4962794415
-28.5170873217
-27.9872171611
-28.9023819947
-28.5344593701
-28.3140095034
-28.8796024629
-29.1145905269
-28.4984867106
-28.5018862931
-27.9807584715
-28.8923696668
-29.8936542156
-29.6835338589
-29.1843868333
-29.1957403511
-29.9371730153
-29.6850964236
-29.3480898144
-29.5771124230
-30.1097801548
-29.7103732142
-29.1730229578
-29.4050205250
-29.9960132395
-29.7150647930
-29.3567997886
-29.0708490569
-28.9905342389
-29.1160482293
-29.9164285706
-29.6992954420
-29.3600958044
-29.5960030208
-30.0477837305
-29.6715641174
-29.1492025765
-29.3895372772
-30.0032551531
-29.7216529408
-29.3689222914
-29.5979358376
-27.8821977532
-28.2059983061
-30.1131577288
-30.3089936218
-30.2914364480
-29.6629318187
-29.7681117465
-29.7596568060
-27.8117839261
-28.4102982149
-30.1973498284
-30.3381023857
-30.2889676727
-29.6622806419
-29.7663679392
-29.9600820065
-30.6854462517
-30.4486470749
-30.3222708948
-29.6606947742
-29.7594457883
-29.7646306050
-27.7286727993
-28.2519897676
-30.1404618401
-30.3100396473
-30.2908448222
-29.6520106918
-29.7530104017
-29.7641101814
