-35.5085071004
-37.0321385862
-39.9933385672
-37.2035158269
-35.7698735881
-32.6991512086
-34.4475306851
-36.1192550686
-37.4783421071
-36.9324904500
-35.4081482298
-35.9410527614
-38.8993944174
-38.5250028779
-35.6596370287
-34.4320461518
-34.9685846080
-35.1060191140
-36.5107766001
-33.7625679725
-33.2762516599
-34.2994417377
-34.2828736315
-35.4376207640
-35.6017289197
-34.5771485000
-34.6582555892
-35.8797062334
-37.3286737758
-36.9755483667
-35.7220334625
-36.1594894881
-39.5491740638
-38.1269372382
-36.8860834416
-35.8986460245
-37.0092710289
-36.6690021475
-37.6672312044
-35.9152685031
-36.6872791078
-37.6901324258
-40.3702001669
-40.1174660124
-39.4766047835
-37.9659762353
-37.2960243258
-38.3868382344
-39.0218971658
-36.0991915784
-35.1145815104
-37.0560327505
-37.4649625659
-37.4131066474
-35.5017843155
-35.8459382618
-37.6180473106
-38.0235801203
-38.0793223862
-35.8313664007
-36.7440686808
-37.5516894438
-38.2886659320
-38.3022914463
-35.4347312506
-37.2088158542
-42.2667406001
-43.0519234491
-42.1620190112
-41.1786519467
-37.9183795062
-37.5525568098
-39.6512443687
-39.7649737045
-38.4223409469
-39.4506056118
-43.8682293956
-40.0778788889
-37.8845519912
-35.4948764075
-37.6053720146
-40.5495364969
-44.4573239605
-39.8533692831
-37.6927940912
-36.3706377064
-36.9641107051
-39.6187166070
-39.2254008210
-39.2814511901
-43.8305724981
-46.4695534382
-39.2960838847
-37.0727277323
-35.2492611412
-36.0317630798
-38.9018334210
-41.0448876119
-40.1214158016
-34.9140048713
-34.5742499219
-35.9157785693
-38.6214456109
-38.5418816839
-40.2695047236
-43.1797249105
-43.7720222954
-39.3799575018
-38.7109610286
-36.4573283371
-38.2389033526
-42.1676633984
-44.7042725746
-40.7710724386
-36.6678784442
-36.2600671483
-36.1623065140
-36.9517823627
-40.9381218513
-42.3449413356
-37.4176894717
-38.3722171820
-40.6242949345
-36.0815619044
-33.8673077293
-35.1921517871
-37.7706660023
-36.4285911254
-37.2930985596
-38.1694708500
-36.9486404070
-38.4216392735
-41.9041622023
-40.8629828278
-41.0367433784
-39.4394851359
-41.0173699014
-37.0401662972
-32.3076619905
-31.5204890847
-33.6092929042
-36.4790566596
-34.4370872670
-35.6073008091
-36.1367889341
-37.4690871113
-40.2240168768
-41.6332041833
-41.1775360149
-40.1474486241
-41.1819207737
-37.0373363478
-34.3763686118
-34.1063879396
-32.8642458531
-32.8968512900
-35.3066332927
-34.9157512706
-35.6140572562
-34.7659832433
-36.0924092446
-39.1292454851
-42.9266062941
-42.9434527400
-36.8178950161
-33.6523275266
-34.3700199638
-35.1163939311
-34.3386547418
-34.3591402659
-35.1862640145
-37.5797262774
-36.0811282219
-36.1023749646
-36.5087078528
-35.9690119327
-38.5834624680
-37.9579420441
-36.7702141471
-36.8248599004
-35.2078149825
-36.1783852666
-37.3843940348
-38.5721413217
-36.9370033738
-36.8843719998
-38.8261687800
-37.6845579396
-38.2377770694
-38.4848720229
-39.4602904218
-38.6608515057
-33.8977395507
-35.4353785347
-39.3282025669
-36.5592562405
-36.5440824048
-37.3744477305
-38.2724693734
-36.4427953192
-36.4855451270
-36.1448334912
-36.9624393964
-38.3048353046
-37.6646096705
-37.4268240749
-33.0435213782
-32.4207764291
-35.7695305135
-36.0145645176
-36.9688411212
-38.7365692195
-35.6576135874
-36.3095733930
-36.1874266531
-35.6429109840
-36.8685819398
-36.9023460271
-37.7615585945
-35.8617671616
-31.2333628833
-31.8874484978
-35.9405077340
-34.4695684240
-33.5944608396
-34.7154710946
-38.4449327560
-39.6091263247
-38.7089867825
-37.1013626686
-37.3353719607
-38.7133301171
-38.4457897786
-37.0434403223
-35.0778321045
-33.8206935819
-36.6313219276
-37.6759398833
-36.3473494048
-36.5920480962
