-26.8422412579
-25.9166096184
-28.0715632944
-29.6572873632
-28.7469643317
-23.2644621589
-24.3085873488
-25.9333498830
-29.5112748870
-26.9357271069
-29.1165051091
-30.1796993374
-32.4031725582
-32.0982729895
-34.2034895282
-30.3671023919
-17.3838425729
-18.4971183090
-19.6972723991
-22.2629987520
-18.8986278087
-21.0599034688
-19.6387091948
-21.6449153752
-21.0313850450
-23.3742314370
-22.1526935390
-24.1098010734
-21.0518485702
-21.9527110312
-26.6506399273
-23.6461916348
-25.1208223673
-25.7173210454
-28.1604664065
-26.3900151600
-28.5942847601
-21.4207681131
-23.1877721875
-25.6155057390
-28.7119742781
-26.9026427566
-28.4529431669
-25.4412828968
-26.3292356311
-29.5138809512
-18.7391567698
-20.1879581633
-19.7232184974
-22.1743014672
-21.4835853325
-23.9988304358
-20.3852091089
-22.2842338534
-22.1403548405
-24.7283828135
-21.6278617895
-22.9961358846
-17.1338631096
-18.9877277176
-23.9385014324
-19.3469262512
-20.8982886226
-22.0956488964
-25.0120162816
-18.3059234243
-20.1514158688
-22.3876065777
-25.1061171612
-23.9661771004
-26.4620122620
-24.7013168945
-28.3550426550
-21.4508128759
-23.2383697984
-25.7506605276
-21.7182640457
-23.8984145612
-22.2591214730
-24.6515607735
-21.6235197510
-23.6286266889
-21.8237365843
-24.0228709055
-22.0365756279
-21.9615025741
-19.0658935523
-21.5057615785
-18.1278310624
-19.9247804096
-22.9621400671
-21.7083993079
-24.3072034566
-18.3824438390
-20.1320786328
-20.7507912283
-23.1935188539
-21.6250046458
-24.0681801267
-20.0848262022
-20.4571117172
-20.4622874782
-23.1120427624
-19.6541302950
-20.6571758045
-25.3414780919
-23.1621795239
-25.2512091972
-23.3260288234
-25.4882103637
-22.2135377966
-24.3784315798
-21.8723741894
-22.3843040891
-17.7543506367
-19.8265795561
-19.7484849370
-21.5932782112
-21.4139339994
-22.3728495844
-23.8415718923
-21.1156186014
-22.8641308220
-22.0884600598
-23.4422839660
-25.6146694313
-26.1624308152
-22.2532129622
-24.3532622117
-21.3375831818
-23.5334642464
-22.6385142189
-25.0333562431
-21.8437987863
-23.9677124728
-22.3518824703
-20.1045583338
-22.1644975754
-20.6587111886
-22.2333643891
-24.7492696807
-27.4979775512
-19.4516621697
-21.1053654667
-19.4020846966
-21.5057240426
-21.5398312231
-23.8537474613
-22.1322235464
-23.0406981450
-22.0908537507
-19.8752197629
-20.0381447578
-15.7664431660
-17.8483492621
-20.1248535478
-21.4646752774
-16.6120528373
-18.5777088999
-18.8128459215
-20.1224326708
-15.9624966412
-18.0300949543
-20.5778979360
-21.0076514004
-23.1661966266
-25.4850062828
-25.7166388076
-21.5297735827
-23.5699560414
-19.9760434401
-22.0455341507
-18.9100292383
-20.8845931899
-20.2797249230
-22.6601104946
-21.6701261505
-23.5966724177
-21.9265616900
-21.0170436249
-22.8440517929
-25.3930725406
-26.1574725525
-29.3557589239
-33.9834657201
-22.5215975317
-24.1629412421
-22.7119444462
-25.1506094984
-21.9726877955
-24.1204723465
-28.2565933132
-26.1762595868
-21.4364365031
-23.0528918498
-25.2316363604
-26.2206418819
-28.4232505304
-33.6457639558
-36.4556492549
-21.2758883663
-22.4697830148
-21.9910825709
-24.1719412084
-22.3293489005
-23.1747201832
-26.6249514646
-22.8317881742
-20.2641976594
-22.2711533583
-26.3124008466
-22.9891696646
-22.4871498525
-27.1596348690
-31.5647625873
-21.1518540090
-20.9921668349
-16.1995846276
-18.2044369098
-20.7484829868
-21.0993663674
-23.7689067643
-22.3114395961
-19.9205755961
-20.0885067561
-23.9145192201
-20.1511090584
-22.1970395809
-27.8307107546
-31.6523154500
-21.9738231357
-23.5125929280
-22.0238122972
-23.6509634800
-21.9806922256
-21.0454960428
-24.1412750550
-26.1128701826
-26.7178898037
-26.1120429421
