-27.3630959442
-29.9227668550
-32.0462566360
-30.5141751270
-33.0745305920
-29.7975713392
-27.0276790635
-24.3040032499
-25.7898243459
-28.6990802121
-33.3972306846
-33.0901096428
-29.3688925131
-29.9926434305
-29.9958229326
-26.0805793179
-28.9779353150
-32.7034220439
-31.2114067108
-34.1162630266
-32.7474211347
-28.4935854039
-26.6304767611
-27.7198204191
-30.9104323235
-34.1859609377
-34.3292068524
-31.0115084134
-31.3334796861
-27.9450486086
-29.9946474437
-33.7761170949
-34.0186784573
-33.9914520289
-33.1217959249
-33.2543446790
-31.2446905134
-29.1855869134
-29.7902608161
-32.1939559276
-35.2887939026
-35.3142739396
-34.8764864868
-35.2910671923
-29.6403115103
-28.6297473703
-32.5307450063
-33.9061465895
-34.8635807555
-36.6615932310
-35.4732283453
-32.9425657032
-30.2366223836
-29.2756137146
-32.2264746275
-34.8125197143
-34.6654560740
-34.5381012039
-37.9266337769
-34.1902977986
-27.9019194716
-30.4148985016
-29.3920241746
-31.9900081693
-35.0367639609
-36.1895847252
-32.8109477496
-28.2019850917
-27.7347094554
-30.5195256451
-35.2177198437
-31.4850407272
-33.1318613250
-37.2624039290
-31.8772601025
-28.1444265037
-29.3637892554
-30.3307737334
-32.8212798412
-35.7975518243
-38.3243239948
-32.3220784929
-27.9046782383
-27.2848938921
-30.5167837109
-33.7882059424
-31.5839600346
-33.1308437814
-37.6347409782
-27.9824064682
-26.1442483586
-28.7739215181
-30.2890427576
-31.9032657476
-36.2246407949
-36.2004657177
-30.0019385510
-26.3052715617
-26.7293145245
-27.8335342672
-31.8778569018
-29.4808444206
-31.5586236934
-33.2896143674
-28.8893636334
-28.9969165431
-30.6743775377
-30.3870532659
-32.2232174535
-35.2198054187
-34.6227696850
-29.6462924980
-25.9029478656
-25.2309334008
-28.0932644610
-30.2860147211
-31.6753565035
-29.4344542283
-29.6442082207
-26.5432695584
-25.1546201371
-25.8724577763
-26.4661381249
-26.9758749097
-30.5458523381
-30.8517681650
-25.5081198163
-19.3639578339
-19.9999984769
-22.9669106116
-26.9857551833
-29.7062253560
-25.9455967094
-25.1927495834
-25.5944415281
-25.4992777977
-26.1083287692
-27.2043421539
-30.2748268926
-32.6327272757
-29.8339194199
-23.3087706975
-20.6262118970
-21.1905427842
-24.0493490855
-27.6340644464
-29.6126708086
-25.1282701282
-25.2290730761
-24.5528149434
-26.0282948695
-27.4373987032
-25.9422722082
-29.2005186432
-32.7039890735
-27.1725872554
-24.2580117817
-21.6324446363
-22.9965165079
-25.8701870659
-29.9734680181
-29.1311715765
-26.2562908919
-26.7509095075
-26.6949885752
-26.1553999194
-26.8456628556
-24.8275079913
-27.4893025330
-31.3475065088
-30.2696628026
-24.2453623769
-22.3457202412
-23.4189969479
-27.0022171374
-31.8685358812
-28.2611515442
-26.2673842028
-26.4770268806
-25.8379700039
-26.0566851455
-25.5598281795
-25.0893043797
-26.4305965525
-30.0769986418
-29.1125852071
-24.5795766230
-21.7910327505
-23.0967705586
-26.2249916846
-30.1426677962
-31.2163248427
-28.9003365361
-28.7083054207
-27.7759174213
-26.7737602495
-26.8698858549
-22.9972207615
-25.1297601954
-28.4007635889
-30.2276017099
-24.3982763037
-21.9167370757
-22.2611565724
-24.4113593952
-28.4755660503
-32.0098606447
-27.0465592986
-27.5598691333
-26.5300790228
-25.3894101587
-26.5074897875
-30.1164550311
-29.1203255364
-24.5323268178
-27.8419814217
-26.1201392760
-27.2736659384
-30.7171713526
-31.3620408366
-28.9186316250
-28.7252735590
-27.7618439768
-28.9502907371
-27.4563838117
-23.1638806118
-25.3270836005
-28.6734953104
-30.4730992113
-24.5855770283
-27.9000306584
-24.7282080572
-25.2119198128
-28.8221370703
-32.3513439010
-27.3091104082
-27.8043361666
-26.7349356155
-28.9299929204
-28.2553556871
