-25.8785733982
-25.0317665047
-24.6416377938
-24.2841132305
-25.5254944639
-22.8172202012
-22.6623889840
-25.5503323878
-29.7530440526
-33.0723738169
-35.3811289322
-32.8009846252
-32.1756491922
-33.4936384961
-31.1373835860
-26.2222445801
-25.9574564181
-27.5332615148
-23.8344749699
-23.5428901465
-24.4487574034
-28.6484994342
-32.9598950215
-36.5803527984
-39.3697445180
-39.7176112778
-38.2471602036
-37.4905565014
-38.4362357245
-27.5384243169
-23.3238461591
-26.1565067849
-28.6434220823
-24.0382065845
-25.0245440068
-29.2050328742
-33.0695399644
-30.1283885293
-31.5801837301
-32.4525585097
-34.5259825866
-33.0456224968
-31.5063651523
-27.1040868264
-25.3612127807
-26.1091352983
-26.6101375211
-27.7180079991
-23.9042169165
-27.2109574819
-31.8240720453
-32.2429223459
-27.4698837599
-27.8407023904
-31.7942253673
-33.8228037562
-31.9892042385
-26.1182388268
-26.3188634245
-22.9804053828
-24.0994935895
-24.6615058060
-24.0338554830
-26.7310919857
-31.0464725830
-33.4179583097
-29.4185269360
-24.9618277817
-26.5706668859
-29.8160101262
-32.6765865796
-25.2480840686
-26.2700873027
-28.6124970116
-27.8990403160
-25.3465438250
-27.2103166724
-30.4165944169
-30.7533589315
-33.8279264249
-34.5442466033
-30.4645497664
-26.2463342380
-26.9467829731
-30.1062770005
-29.4885290853
-26.0238764493
-28.5941734371
-29.5869901125
-28.3099924025
-27.7990568527
-31.3050233817
-32.7987398129
-30.4754618297
-33.9481843719
-33.3043571124
-31.8632242104
-26.6162156007
-27.6974033697
-26.7043976272
-29.9997934220
-28.1871128858
-30.3043382858
-30.3960014441
-26.8215706054
-29.6915162608
-34.6574542277
-33.1959705091
-31.2284991296
-33.9839913210
-35.8137199086
-32.9668158827
-28.1771924753
-25.7764473901
-28.2742980736
-28.3996127054
-26.3253156403
-26.8961594805
-28.6670418031
-26.3574200801
-29.2227182200
-29.0314340915
-28.7101787010
-24.1943634511
-25.4125249946
-29.5969610032
-25.0804118665
-23.4750628901
-25.7079171750
-28.8285724631
-30.2408103660
-27.5238123300
-27.2395678460
-30.2748527960
-31.4616333221
-30.5354904839
-27.6196168720
-28.8940034304
-30.2816778580
-29.9816368609
-26.7243510797
-25.5982307826
-25.0112162420
-26.2670307829
-28.8044737472
-29.2853723019
-28.1363042733
-27.2630555196
-29.5746423477
-32.8104739276
-31.1342701031
-27.8051025681
-25.6341050582
-25.4980285243
-29.3622435112
-30.7261001278
-29.0884502412
-24.6816417952
-25.0121871806
-27.4754621224
-29.7022742806
-27.7862197361
-26.2619974351
-27.3548701488
-27.0317259402
-27.4536548265
-25.2090082894
-27.4358840440
-23.1347342980
-26.1978416206
-31.2493160606
-28.1385244842
-22.3851585151
-22.5285261759
-26.6490009832
-30.6108638572
-28.4880355161
-28.8706012045
-27.3980238791
-30.7270438720
-28.9691114286
-30.1431442216
-29.1112906255
-29.1382685026
-30.4830998872
-31.7399252655
-27.5654242074
-22.2205648215
-24.6659475285
-28.4142971895
-32.7531121280
-31.2139194997
-29.1616487244
-32.5435678805
-32.6200546035
-26.5465849901
-25.9628975624
-27.7187251968
-27.2412624585
-29.7620556665
-32.2905333277
-26.5637434385
-22.4854035084
-24.2211833939
-28.2766658667
-31.7902030915
-26.7818436439
-29.5879636315
-29.5434583656
-27.8486472647
-30.2180541354
-30.5329077813
-28.9194899483
-28.6064525901
-29.9376882585
-29.6093256032
-25.9339104820
-22.3357829971
-24.7609235446
-29.0211563612
-31.5178623680
-28.9255732065
-29.8213101620
-26.4607151013
-22.3158127084
-23.5916869785
-27.7530381945
-28.3109749921
-27.8481320183
-29.2930401331
-30.9692596046
-26.5266884964
-24.0010493728
-23.7997981851
-26.5285410529
-29.5109267126
-25.8438551891
-28.6454830489
-31.1274321051
-32.2437871210
