-27.7507869147
-29.3402782786
-31.5763879973
-28.0245698465
-22.8584670064
-23.5054999030
-27.3068384102
-28.1487219417
-30.5067920953
-30.4300374002
-27.2776053692
-27.3843918862
-29.7284559847
-30.1504935809
-30.8335973605
-27.8011527859
-26.3659035000
-26.3826735650
-24.2929707819
-21.0035501470
-21.4589079323
-25.2906591128
-25.4702712989
-27.7134070251
-28.4483732844
-24.1983326526
-23.9583914643
-25.8882931494
-27.7769712096
-26.4401635466
-27.9113816042
-26.9420033598
-29.0717811492
-27.3412808745
-23.2155825008
-24.7297952169
-29.6498124693
-28.5040210595
-30.3890300869
-29.7670838418
-24.6066308818
-25.0172179415
-28.7861178075
-29.8037102644
-29.5685435546
-28.2596588953
-27.0955373768
-29.0353204251
-28.7920521967
-25.7639028469
-26.0731600459
-29.7676883982
-28.9631343216
-30.5629072120
-28.3639662743
-23.9658884098
-24.7542823187
-27.1233994548
-26.5864362345
-27.2849379027
-25.7000706910
-25.6563978291
-27.8057912807
-28.3870176753
-24.5904110129
-25.4543724861
-29.9998633196
-26.6734945607
-29.1552897023
-27.3723146894
-23.8976054638
-23.1517697614
-25.7322618633
-26.3868149486
-28.1760273391
-25.3374985436
-25.6059387425
-29.0305641112
-28.5957411792
-25.4031366527
-26.5135497447
-29.7740279850
-25.7547889512
-27.2469301399
-28.1619862660
-23.9690588528
-21.9801536789
-24.6289132897
-25.6154099356
-24.1031598563
-25.6296089563
-27.9396061646
-30.9028926544
-29.8374821262
-26.7980622182
-27.0137221300
-31.0187671438
-26.8984457063
-28.4904835631
-27.8784227388
-22.5652742948
-23.3052468349
-27.3079452776
-27.1625788108
-25.4403288183
-27.4222028492
-29.1218246698
-31.4072775418
-30.5540496624
-26.4923767914
-26.6802522992
-30.2256106218
-27.9714011955
-28.1524451583
-27.7897060526
-23.6315201011
-23.9567318039
-26.7950380534
-25.6324143235
-26.2652235395
-30.3216391201
-31.6009566536
-34.2123251696
-32.6544077370
-28.1291413219
-27.3876102290
-30.4213209444
-28.3080155663
-30.6017460795
-30.7303152987
-25.5975135755
-25.3280390083
-28.8237475392
-29.9612924422
-31.3965169473
-31.9530645767
-29.3213967421
-30.6412089432
-27.7963200883
-25.4548217103
-25.8931426725
-28.2480684567
-25.3349818667
-27.0782805337
-27.6211108227
-23.6125168706
-24.1939025787
-27.3496141206
-28.4704446802
-30.5527421222
-33.8502373156
-32.9754598266
-35.0952533336
-29.5197260069
-26.8298235935
-26.9838819226
-30.8163223947
-28.1587575643
-29.9843308798
-29.7094747685
-25.1681627972
-25.4254630862
-29.0983007373
-31.9391180064
-34.1630791370
-30.6856080687
-28.2672011551
-30.3262025396
-29.7594652030
-26.2858294701
-25.7465942347
-28.7722178376
-28.0196322955
-29.9353178561
-30.6149029687
-26.3713446429
-26.3460406676
-29.8515723881
-29.9808924709
-31.9887446497
-32.6686895981
-30.5621291681
-30.2497054673
-29.2892612381
-24.5169238284
-25.0636922888
-29.3135929683
-26.2100910064
-28.8151087629
-29.8860394580
-26.3227148124
-26.9942191896
-30.6726181913
-30.5810767356
-32.1654802167
-27.6447810320
-27.2303180263
-27.8527083742
-25.8187868207
-23.0408288989
-23.6914141341
-26.5868776756
-24.7227254823
-26.6263263022
-28.1699635058
-25.7963671838
-25.6111209760
-28.6266442333
-29.5705242705
-29.6954013138
-31.1142713451
-28.6762644308
-27.7545994681
-26.9961740146
-23.2625474983
-22.9476148087
-26.7625232304
-25.4611936585
-27.4174530120
-29.5997909770
-26.4148492062
-26.9033754978
-29.4826814354
-28.0083163202
-26.9493397779
-27.2559482358
-28.5248082292
-30.4400587821
-28.6247075397
-24.0375709401
-24.4494655391
-28.2848981321
-27.1803845444
-28.5138611961
-28.0054630511
-25.8973280697
-27.7814375299
-29.6341492864
-28.7081190127
-28.9567986203
