-21.6196890759
-22.5396259583
-23.9219501517
-25.1536155392
-24.3421482319
-25.4043406188
-24.6865793490
-25.2642780488
-27.4254341145
-28.5429220146
-31.7579678323
-35.1921025274
-35.4805621142
-35.3622149825
-30.8889252964
-26.6201938579
-29.3722351255
-28.8455134226
-25.4400388312
-25.9926199633
-25.8752825610
-23.5017805595
-21.5519097191
-20.5444069886
-22.5201955100
-26.3868900290
-29.8966705977
-29.7433631449
-29.5790568893
-22.5899361557
-23.3012323195
-24.2194369997
-23.4907597498
-24.6126494194
-24.5405293212
-26.1014933582
-26.0416627698
-23.1805937202
-24.1649685785
-26.5925492733
-30.3907221117
-31.7657056500
-32.4159023130
-21.3336424500
-22.2754876311
-20.5260264435
-20.1753799754
-20.4981190554
-23.6951153462
-28.2098898267
-28.4356034899
-23.3304472470
-21.5259092470
-22.3384433716
-24.3237754651
-27.6236145490
-30.0543045586
-21.7942795572
-23.3631303603
-24.8923797081
-21.6451794777
-21.9188601963
-25.4671254463
-29.6356445228
-32.7277227189
-30.6800892521
-26.5139899045
-23.7878841079
-24.1900214130
-25.6376781166
-29.0911403855
-22.9221917200
-22.8193148426
-22.1838723642
-19.8362501323
-19.0585441987
-22.2062958816
-25.5750732261
-29.3434642469
-33.2905438809
-30.5852155233
-26.3085028460
-23.9643530355
-23.6709596747
-24.8724301378
-21.0075594808
-22.0363374255
-22.4227235277
-22.4837101913
-21.5268374668
-22.3944963682
-24.8514241796
-26.2402134366
-29.0915196998
-33.2830145673
-28.1767199425
-25.4190121667
-22.5020208169
-23.1912611137
-22.9424765959
-24.7728013757
-26.8766526540
-24.0314954492
-24.3971267147
-21.9299120758
-22.0207363678
-25.2525633362
-25.6204614143
-27.2962966014
-30.4688283620
-29.2464065570
-24.9565769370
-22.5577216853
-20.3589277175
-20.5803757720
-22.6019305067
-26.6310191804
-28.6789092701
-29.6628541297
-25.3958520145
-24.1803327269
-25.0622099882
-27.4109917379
-20.8221604644
-18.1529745281
-16.9866401572
-17.6993125971
-18.0337120343
-16.7861604906
-17.8787125046
-21.2727567762
-24.4081319901
-22.6934461038
-21.8962916757
-18.2352739715
-17.8336065216
-20.7647002568
-24.1010600341
-24.4815764525
-22.4678282041
-21.6854721816
-21.2546403243
-16.4211841854
-16.2104915322
-18.3764240271
-21.7745397129
-26.1121516797
-22.4993474913
-22.9408971981
-21.7845818253
-18.6409339190
-19.0562954966
-21.8840060458
-24.6021283138
-25.8046085166
-22.4564384052
-16.6870236424
-14.4685346930
-14.7583576754
-17.5186375133
-22.1204906997
-25.5902962568
-21.0785079849
-21.3642529596
-21.0114665365
-18.1097418104
-19.7419330396
-20.1060574633
-21.8655128846
-25.4411560518
-21.8077186655
-18.5034967456
-15.7804065824
-16.1018692495
-18.5305665470
-22.6180752826
-24.7698432470
-26.1161480686
-29.1887482844
-21.8727884368
-18.9876992475
-17.2517196848
-17.8361361446
-21.4132892860
-18.3450186502
-18.3772033696
-21.5721220886
-24.3070934242
-22.7140403814
-21.9025717136
-18.2259115224
-20.3018455137
-23.5278069199
-24.7518122482
-27.1760761563
-23.4161449741
-21.8202528545
-21.2527942450
-24.3561102982
-19.8476657867
-19.6470838796
-22.5457959492
-26.6117919960
-22.6364804216
-22.9358742037
-21.7482220753
-24.0825992317
-20.7157726580
-21.9901167998
-24.8233937984
-26.1684687689
-22.4659924497
-16.7264450959
-19.0624162899
-17.5549687891
-18.7849100502
-23.0721099737
-26.1901077684
-21.1735047268
-21.3697614243
-21.0111312385
-23.5378153479
-19.6273142355
-19.3395833624
-22.0708057814
-25.5361268895
-21.7821855407
-18.5212843630
-21.3475773824
-19.6880963676
-19.7860434841
-23.4984301585
-25.1542705987
-25.5398837819
-28.8837386560
-21.8630311403
-23.5188781336
-19.5292040105
-20.2510796120
-20.2378359963
