-21.1855482712
-19.7592235391
-20.5751961249
-22.5414150716
-20.2792653489
-22.0126529624
-22.5015767727
-19.3635798195
-22.5232157772
-22.9961656745
-21.9301774662
-24.7364856398
-21.1614016450
-21.0531120901
-22.6427630545
-22.9225606830
-18.6409740560
-19.2876316123
-21.9758168149
-20.9600805313
-19.8597455790
-23.0498651048
-18.0936785820
-21.3411536521
-22.6853161034
-21.8664307465
-25.3629436332
-21.3609465856
-21.0006075509
-19.7479243889
-19.6384088578
-18.2675311852
-19.5829371187
-22.0012308351
-21.9932976156
-22.6403434727
-25.1408146703
-17.7328048425
-21.2738817689
-22.9342650368
-21.5330165218
-24.5775065782
-21.7456678544
-19.7246399559
-20.7684066700
-20.0190068901
-18.9811538238
-19.4722590489
-23.0588663644
-22.4004087412
-22.5255861686
-25.1742538284
-17.4297434463
-20.8642151099
-22.8002766557
-21.4904919500
-24.1483745706
-21.6878037329
-18.6233819209
-19.4528674434
-19.8164261338
-18.6053056144
-18.0919257133
-21.9805718209
-21.0384780844
-22.3502499944
-25.4425425591
-19.6727594005
-22.3815220178
-22.9378173772
-21.7200894159
-21.7876033905
-20.6086922520
-18.0331113530
-18.3450057111
-18.7269540160
-21.6515773245
-21.1818444596
-24.1727632807
-22.8230782001
-23.6240296240
-25.7298539377
-18.6514537321
-21.7815240070
-22.7799387011
-19.6013435487
-21.3290440990
-22.5841519504
-18.2692141464
-18.4070992556
-21.0424136292
-21.9912560533
-20.6544921348
-23.9275958431
-22.6268914239
-23.5333710485
-25.6358708708
-19.1706333674
-21.8857938715
-22.4833062736
-19.8681293201
-21.8865227251
-20.6754683071
-18.7401756232
-18.6530137132
-22.2522381610
-23.3433814665
-22.0962832448
-25.2306239903
-24.5012787598
-23.4064536995
-25.7457268543
-20.0794977293
-20.5003625736
-19.3990191205
-20.2776535892
-23.4312994015
-19.7218928422
-22.0864935801
-23.4572053668
-23.5952263818
-22.0978600527
-22.0341327449
-24.9489557070
-23.1379215665
-22.8689583342
-26.2655161097
-19.2920759243
-22.1702390691
-22.2282132342
-20.4847899892
-23.7853195247
-20.9679723256
-21.0677888163
-24.3129151782
-22.8385523938
-21.7005437600
-21.9445939848
-25.2260618695
-22.9131438539
-21.9298395817
-23.8437726850
-17.1392602497
-20.4818564517
-21.4148505718
-20.2251710556
-23.5224408546
-21.0382023384
-21.9019179469
-24.0824594253
-21.7586590320
-21.5137349594
-21.7770926446
-25.4486905454
-23.0478856822
-21.8791837159
-24.1745549867
-17.1020447725
-20.6022736935
-22.4375232362
-21.4611514508
-24.6511711195
-22.3581120182
-22.9583987088
-22.3314953285
-21.7549474541
-21.4687584401
-21.1046767560
-25.1498910026
-21.9851378311
-21.6623741732
-24.7981079405
-16.7121994690
-20.1737992741
-22.7051064417
-21.8337825745
-25.1715610851
-23.1958051094
-21.2501338861
-20.7043440678
-22.4843950260
-23.0706911215
-20.6044330713
-23.5681449270
-20.2448371161
-20.9815447660
-24.3766877814
-19.0358449053
-21.9108389338
-22.9745512622
-22.3457953241
-25.6880426865
-22.8290397709
-21.2057839481
-21.0584328431
-21.3470958132
-22.2827761650
-19.6382923411
-23.1709503413
-20.7645915171
-21.0176546598
-23.7443445789
-18.0623521794
-21.2299940005
-22.4047132390
-23.6624089241
-26.6364616295
-22.4972606204
-21.5565106746
-22.6156829005
-22.9135063477
-21.4003719197
-18.7354801580
-22.3789665016
-20.0925665743
-20.6706964669
-24.0585781851
-18.8655601995
-22.2408017844
-21.9452684607
-22.0110826330
-25.3975660434
-21.6759051869
-22.5643952759
-22.2881577603
-22.7696493372
-20.6870354444
-19.5342347805
-22.8052789308
-21.7941229237
-21.8945426803
-24.0533571234
-19.7563055402
-22.5872162366
-21.9676337358
-21.7346043164
-25.5168453202
-21.8387874458
-22.6983862466
-22.8749742834
