-27.5724874429
-23.5677254827
-25.7550828286
-26.3690350992
-31.4796513558
-26.1149816418
-28.8296081257
-24.5559012302
-27.5934351502
-27.6908139258
-31.1665557701
-28.9547712975
-30.2432131215
-27.9139824297
-31.1048519279
-29.0139390483
-23.6764176437
-25.4579468341
-27.8987244349
-31.9730361381
-26.4757607707
-28.8691732612
-25.0831796916
-28.1536141645
-28.1107853916
-30.5236954976
-31.3561245745
-31.5608257879
-28.8392269130
-28.4187984567
-34.1218517485
-33.0556827220
-35.1477047725
-33.5730056547
-36.6954103716
-34.5322703851
-37.5828565765
-35.1553518929
-38.0317916668
-36.0520829007
-38.8906352451
-36.8688667283
-39.3466245046
-32.3725414432
-34.8076468778
-39.3971003934
-32.9887228542
-35.2546737921
-32.5056248574
-35.6173182866
-35.0929295598
-38.3042307193
-34.9183779823
-37.7405306266
-35.7165029970
-38.7947608280
-37.7121429494
-37.5544585533
-31.4586169344
-34.2799465570
-33.7999478403
-26.7660600473
-28.3577833327
-29.6736962947
-33.9570458068
-29.4153357789
-32.1808573024
-26.7487061243
-29.7657931259
-29.2188914292
-32.6000402986
-26.4532026144
-29.3725445389
-24.8949792339
-28.1223745103
-31.0908121475
-24.7744869225
-26.6786871389
-29.6554827659
-33.7420099384
-28.5001593067
-30.5512637053
-25.7203426112
-28.7392641480
-28.5468951608
-29.2124236641
-29.1333089291
-29.0116554069
-24.0993822522
-26.3170872363
-30.1828297497
-26.5182270859
-28.5526353518
-30.8498651261
-34.2759941949
-29.6614236199
-32.3664996138
-26.3963327419
-29.3821710658
-25.3503654399
-28.7250845472
-29.1324130705
-30.5981393739
-25.9083294605
-28.9835240398
-33.0148255878
-27.5305156923
-28.6518770193
-30.1572565004
-32.4985344180
-29.3910726490
-31.9238159947
-25.9358834264
-27.2282389069
-25.6447569086
-28.9306932777
-28.6601856604
-28.7820126857
-24.5739982527
-27.0565185493
-29.4366524253
-26.6206508530
-27.0241435481
-27.3035566236
-30.3396260628
-30.0897904468
-30.0164767406
-21.1805161997
-23.4921539955
-26.4003278367
-29.5068733487
-26.6487627634
-25.7089800090
-24.3846960999
-26.1836529578
-27.8991360886
-27.4767618961
-27.4533777841
-29.0398721658
-30.5583463410
-32.5363220781
-28.2551886810
-21.4364442597
-23.4600171877
-26.1323795885
-27.7610348467
-29.5343379626
-26.0919962483
-24.4103651545
-25.9608987119
-28.7915447008
-28.1855865694
-27.8973534612
-28.9546327458
-31.1162455382
-28.5548193193
-30.1408476077
-21.0181789622
-23.3460042781
-26.2403338264
-29.4765114298
-30.0122926015
-26.0328893289
-25.3416891252
-27.5793940771
-29.0933981356
-28.5130495058
-28.5656252228
-29.8856510541
-27.7221648994
-28.8721288131
-30.0465292538
-21.6076649490
-24.0094460416
-26.7134454860
-28.1511363341
-28.3557715174
-27.8552535143
-27.2732400275
-28.8715527180
-27.3394218291
-27.0559100980
-26.2200968405
-21.8736842974
-24.0014506483
-26.8505447172
-27.5262409264
-21.4139702303
-23.0682469138
-27.1173355969
-26.7561085228
-25.7547694698
-25.6545154487
-26.6939787853
-27.5663368714
-26.5461098522
-27.3674056200
-23.7416583081
-23.4783329590
-24.1550377446
-26.0573893811
-26.1787723570
-20.0839394389
-21.7895128787
-26.1420475371
-27.0726749566
-26.5030920088
-25.7411375047
-26.8355948474
-26.3038824562
-25.9429712572
-21.8210295892
-23.9728454722
-26.8613583941
-27.5194650636
-31.4045122365
-29.5794218906
-29.8135439176
-27.2403070013
-25.8647471475
-25.6838909024
-26.7313198256
-27.5873518862
-31.4602882122
-28.0734701995
-23.6192474084
-23.4495970248
-24.1092818896
-26.0598594506
-26.2629877703
-30.6963297775
-27.5982185981
-28.8557173235
-27.7935043424
-26.6916860115
-25.7470226931
-26.8007653044
-26.3353072387
-30.2916487180
-28.2075854264
