-33.5625984942
-35.3334817042
-30.0288529897
-25.5841159099
-28.9046708117
-27.8686757983
-30.5473242810
-33.1438750816
-36.1180161445
-31.3141528074
-33.8616309605
-26.1872596811
-26.8662053457
-31.0875976852
-33.5245389670
-31.7169877959
-33.0741085552
-28.9314312029
-25.5268447137
-28.8486501897
-28.0990422004
-31.0480506758
-34.0450465765
-37.0779151260
-31.3170332572
-33.5673379584
-26.2965292166
-27.2184855093
-31.6823485494
-33.0565992919
-35.3358935187
-38.1116442996
-38.6610172104
-34.1494536242
-36.4288189666
-35.8214654165
-38.9615888908
-40.0037043261
-42.4226488174
-37.3341770565
-39.1530995201
-34.2303820600
-35.6158295436
-38.1327641648
-38.0079402341
-36.5361996719
-39.2693571784
-40.2040207070
-35.8607431403
-37.6735889113
-37.3374678954
-39.4264577204
-40.0061938139
-41.6619841112
-37.8119969393
-39.0836359467
-34.8228181405
-35.2722672241
-37.9592676965
-37.5584381177
-31.9918814374
-32.9845594734
-32.2872010577
-26.6512419189
-29.4698481983
-29.1102225917
-32.5590148759
-32.8782519749
-36.5274288399
-29.7676482751
-31.4876027136
-26.2996401121
-27.4185948499
-31.0437707815
-29.6273565949
-30.9942593493
-33.0130131751
-30.6968101237
-25.7542840712
-28.8940694424
-29.1656010940
-32.1408248255
-34.9116655577
-38.5234765490
-31.1427755265
-32.3559435633
-26.4665420276
-27.2146198746
-30.6260389906
-29.4851036087
-28.4024607937
-30.8135273911
-30.1303200521
-25.4227172680
-28.6388288753
-28.8834706842
-32.8064594125
-35.7850966176
-38.3728774215
-27.8763151525
-30.9564690834
-26.9584381253
-27.8599179270
-30.4721696867
-32.3660206250
-33.3053241678
-36.2945406616
-31.1156138257
-25.8874672053
-29.0333876032
-30.4852139432
-33.6712219932
-36.0357478153
-36.2162311814
-29.5690924513
-31.2092551051
-27.2482312102
-28.2611787393
-31.4079610859
-30.2926637104
-32.7123313832
-35.0926486347
-35.9016572283
-29.3213100052
-32.1984830884
-35.0055696257
-38.2431987848
-35.8687164951
-37.5787851141
-30.5902423984
-32.9655329408
-29.7767000275
-30.2235134090
-33.3227454034
-33.3221757933
-33.6445172908
-36.5495157757
-36.9711428908
-30.6506205888
-33.2876556527
-34.2782131241
-35.9378305390
-36.4706392637
-39.2609462533
-30.9618338519
-33.1444848250
-29.1947758803
-29.6951825416
-32.5623316126
-33.4164656521
-36.1709595152
-37.6729325536
-37.6003982154
-30.1056983156
-33.0397942577
-31.7641133069
-34.9565255357
-36.4175094726
-38.9420548926
-31.0750233821
-33.3945418363
-28.7495638868
-29.7027442171
-32.8883963452
-35.2979841673
-38.0232538773
-39.2343308708
-38.2231870778
-30.0219593208
-32.4825074409
-32.8309879437
-36.0055554824
-37.1053719997
-39.9616251102
-32.9632687101
-34.6912493932
-28.9328008763
-30.7227846886
-35.3159284097
-38.8465766233
-38.0396342744
-39.6259416895
-37.6349571818
-28.6430078120
-32.1469495053
-31.1520279408
-34.3802575339
-34.1801301248
-38.5705994642
-33.4896615265
-35.9272939000
-29.5042841897
-31.7306223647
-36.1371565855
-39.1538905051
-36.5041871563
-37.9142057654
-32.5532928159
-29.3940981014
-32.1841416690
-29.9885512423
-33.0037646417
-36.9946668044
-39.7218381094
-34.7709764545
-36.5158190043
-30.3710664184
-31.9281709857
-35.2434018416
-35.1467364287
-35.7619041184
-28.4174572769
-31.9914412681
-31.0787647380
-34.3265762425
-39.9584404244
-43.4114401524
-33.8694191901
-36.1117917730
-29.5213960264
-31.7431617229
-36.2029940323
-39.2233294826
-39.3150961847
-38.0935848329
-32.3905724446
-29.3294296503
-32.1650996060
-29.9705655602
-32.9736033823
-38.9084150781
-41.6751021450
-34.9102104393
-36.3758082745
-30.3256756480
-31.8944068928
-35.2613745742
-35.1808539396
-37.5044720207
-36.3374613571
