-39.6654899661
-40.0722539187
-40.4319363639
-39.3742419038
-36.5728338479
-32.8036812438
-34.3325313434
-35.0795124785
-36.1276608113
-33.9566444987
-35.1175991845
-37.5488646462
-42.4395314982
-38.1867639125
-36.9469237843
-38.0965908514
-36.9941062472
-36.0917036950
-38.8880745621
-33.9652987963
-30.9863766197
-32.6746848290
-34.7430522469
-36.4584559201
-33.3970442722
-34.2215995862
-37.8987626529
-38.8200428018
-37.1737468323
-37.9013621705
-41.4267915965
-37.6269773545
-38.1484195929
-39.5440798772
-38.1906645089
-33.2538669714
-34.0257365392
-35.5194062183
-37.3970900325
-34.0544349168
-35.4125666468
-38.7306309555
-40.0536326003
-40.8576322973
-44.2731407181
-42.4933694246
-35.5401092162
-35.8899269809
-38.9060757734
-40.1067701571
-34.5062194333
-34.7764421975
-35.2708859014
-36.1507329163
-32.4306023276
-33.4257711300
-37.0969196470
-39.2271627545
-39.5376173041
-41.1109761845
-39.7654190344
-35.5122406803
-37.4414697094
-39.0624565294
-36.0177310702
-34.2399853020
-35.9889783208
-37.2041890144
-36.6123705005
-33.4489558692
-34.5646013704
-36.8259512291
-39.2232569948
-37.0358915903
-37.8991070101
-39.9586268464
-36.2761950860
-37.4777931926
-37.6987957903
-36.2267030870
-33.9844534967
-34.9022280262
-35.6491703055
-35.8597799728
-33.6118911382
-33.7098744519
-37.2884911221
-40.5957700366
-35.5579369599
-35.6680505347
-39.0071647807
-37.4573905331
-39.2495318947
-40.3473792218
-39.2755116426
-34.4602668246
-34.6306097100
-34.4974680436
-36.1914087941
-34.6767176749
-33.3021459637
-35.3840236186
-38.3721641099
-36.5010568487
-38.5693631353
-39.8843021198
-40.1607427202
-40.8963805428
-39.7801190574
-37.5203138680
-32.9763893395
-33.6062156726
-35.0796937205
-36.6070937618
-33.9759454742
-35.4172685765
-39.5530293416
-41.6898992493
-36.2094656655
-35.7366351001
-34.7442303174
-34.5089911511
-37.7987326071
-37.6929831029
-39.3964531126
-31.6751623010
-31.3054324826
-34.3330996644
-39.1081851633
-37.2032905670
-35.4841339373
-35.6884350871
-37.1385069205
-38.1833358620
-41.1372394450
-39.0456670442
-39.1747242781
-38.2200477211
-33.3774274128
-34.7438432277
-30.8734770720
-32.3312104946
-36.4662596817
-39.8294090974
-38.6557042288
-35.4474285448
-36.2390819116
-37.9347624919
-37.0263763884
-36.1189611979
-38.9149139023
-33.2546229969
-33.1352000642
-35.4123711686
-38.4699066055
-36.7886024406
-39.5842314337
-42.5926252882
-44.2300232648
-35.8724927947
-33.6241948842
-34.8026355511
-37.5072981027
-34.2491664969
-32.2816472924
-31.8310032646
-30.0682058200
-32.2974101568
-36.1609782665
-35.0662572135
-34.5780016323
-37.7215287008
-40.3090853841
-41.2144588805
-36.9407421308
-33.8783932662
-35.2281801046
-37.3813206861
-34.0802321210
-34.4878596246
-33.7506085920
-32.2644590768
-34.5637741265
-36.5026517808
-35.6623530715
-35.5987811491
-38.6758220826
-39.0038014502
-41.4683102469
-38.2987701604
-35.7700392929
-37.6466110346
-39.2564449899
-37.6964512966
-38.1841851113
-35.3490620456
-34.8095369903
-36.5466275538
-36.2527579164
-35.1638534416
-33.9011909218
-35.1136662289
-37.8368037895
-39.8436430680
-34.7869516362
-33.5378848496
-33.3685180812
-35.7206637899
-36.2594004343
-34.2384421554
-36.2186041543
-37.8532165470
-37.8863009752
-36.4927922161
-35.0832849009
-33.2866199968
-36.4027822577
-38.0291377773
-39.4335132092
-33.1976469856
-34.0436458332
-37.7281492222
-39.2524369532
-32.4333325986
-31.2609802894
-32.0902505475
-35.0009725477
-38.3718728236
-37.5153102910
-33.9657674400
-33.6524220310
-37.0367058755
-39.2424738210
-37.2272326362
-30.5351694175
-31.9246989023
-35.3984181239
-34.7719059729
-34.2334554121
-36.7597370556
