-29.8727544138
-25.4942716261
-26.0223514145
-27.0409187711
-27.6965916403
-25.5852279403
-26.0513410792
-29.6415400663
-29.4975562288
-25.5333551823
-26.1666783445
-27.2031912481
-27.8337025398
-25.6666820034
-26.1125775905
-27.0637345608
-26.7254139233
-27.4751669418
-27.9922595498
-25.7614728923
-26.1949715220
-29.6827700399
-32.9671835444
-26.8657198541
-26.5613911628
-27.3973636160
-27.9438705141
-25.7511446845
-26.1947928689
-29.7214470895
-29.7488638388
-27.4898359105
-26.9840812805
-27.8126732704
-28.7218739716
-26.4873097726
-26.1024798297
-29.0554240555
-29.4436186025
-27.4495470997
-26.9993949388
-27.8537245932
-28.7428151940
-27.9865931400
-26.3914340317
-26.7595249790
-26.9576820806
-27.9665399960
-28.8418173623
-26.5272801178
-26.1475702632
-29.1732495000
-32.3639441108
-28.2488685018
-27.2307309885
-28.0215301239
-28.8508263854
-27.9961329436
-26.4254881185
-29.3097804174
-29.8759041450
-26.6964203823
-26.8351572794
-26.9264475844
-28.2509126434
-27.4031827923
-27.1638643319
-29.7065114556
-29.6866395673
-26.6880457059
-26.8939509055
-27.6607846912
-28.4117830823
-27.4368860456
-27.1600116440
-27.1173006612
-27.1627975891
-27.2247150318
-28.4827691100
-27.5211830134
-27.2367987200
-29.7572812320
-32.7407501361
-28.0779650313
-27.2705679910
-27.8205314255
-28.5277158460
-27.5072532688
-27.2177450030
-29.7474397896
-27.6796248132
-25.6796162301
-26.7565435379
-28.2373622046
-29.6218558708
-28.4950819293
-26.9046791492
-29.0873122989
-27.5182831487
-26.6282448914
-26.9886472824
-28.2787125749
-29.6134514182
-28.4886180620
-26.8894923602
-26.2078940894
-27.0632270877
-28.4983714520
-29.8098362209
-28.5406759530
-26.9175447455
-29.0013543819
-31.9441798393
-29.9865872947
-27.7287077393
-28.6074895119
-29.7863407798
-28.5257843305
-26.9164119826
-29.0055630807
-29.0995124806
-25.5089392890
-26.1907861265
-27.2416508102
-27.8909853814
-25.7203814347
-26.1613925479
-29.6851637298
-29.4405776183
-25.5390863154
-26.1958699660
-27.2337680761
-27.8806002127
-25.6973611050
-26.1573171911
-25.7295976041
-26.4437573064
-27.4578699797
-28.0580737133
-25.8301442118
-26.2503539146
-29.7672352995
-29.2773471615
-25.5600275403
-26.2334556839
-27.3039980742
-27.9516652169
-25.7648452890
-26.2179206494
-29.6918347310
-29.6838769200
-27.5040776521
-27.0507498727
-27.9360745042
-28.8063612416
-28.0204180817
-26.4251204559
-29.2971569103
-29.5462469017
-27.4716172024
-27.0326204898
-27.9004928072
-28.7817951781
-26.4867880546
-26.1144521621
-26.6941509729
-26.9769403430
-28.0504563558
-28.9078101769
-28.0468069233
-26.4540764629
-29.3227185097
-29.4356012316
-26.8656745621
-26.9279622694
-27.9501608943
-28.8387194182
-26.5177286619
-26.1425485639
-29.1789935777
-29.7860508198
-26.7017061776
-26.8902095515
-27.7256745208
-28.4912719565
-27.4730140577
-27.1860755447
-29.7233475464
-29.6542218412
-26.6905351948
-26.9093629525
-27.0297982737
-28.3538464703
-27.4636438434
-27.1969073461
-27.1408116380
-27.1985773581
-27.9290384484
-28.6645665303
-27.5777861987
-27.2552582225
-29.7678152780
-29.5391473927
-26.7164152650
-26.9602013469
-27.1161018529
-28.4381589720
-27.5173613957
-27.2425194959
-29.7604840379
-27.6754135250
-26.7072599513
-27.0633746730
-28.3468168609
-29.6658135361
-28.5017969468
-26.9042260441
-28.9796856023
-27.4434780853
-25.6478328470
-26.7837531475
-28.2901618944
-29.6712598594
-28.4994731648
-26.9057717800
-27.2504151738
-27.3577156364
-28.6237275072
-29.8606513076
-28.5545577983
-26.9350475488
-29.0006397706
-27.3818777990
-26.1014299214
-26.9782905935
-28.4599520257
-29.8012531165
-28.5398267047
-26.9293436028
-29.0015589264
