-16.6315958672
-17.4515157694
-17.9879755737
-19.7521343564
-20.1949062091
-18.9788934139
-17.5987723752
-18.0979273551
-20.2261354294
-20.0146090638
-22.6699816164
-27.2526339983
-28.3720418033
-26.0477989863
-21.6898787903
-16.8062213630
-17.3816262040
-20.0453063494
-22.2873822817
-18.9580027176
-18.5129174508
-19.4147548011
-17.1485476027
-16.1877482222
-18.5360296825
-21.4626945897
-24.8442081460
-25.0607458089
-20.5387806994
-14.7223525841
-13.6919626314
-16.4524367759
-19.8685966465
-22.2688321646
-20.1139091100
-20.0996647891
-20.4095343789
-16.0303213153
-17.3843280341
-20.1338172545
-22.6881874802
-25.4737537212
-24.2162859585
-21.2650565797
-15.8500928686
-15.6412462741
-17.4609326124
-19.2466760473
-22.3810442658
-24.1838112751
-23.1312686793
-19.6690995875
-17.1024447847
-17.4848617309
-19.6431703009
-21.6468002795
-23.2935838835
-17.0490327159
-18.0073192604
-15.7132679870
-17.1643467056
-16.6818090412
-19.3728801097
-24.2712256093
-26.3662892851
-24.8964783582
-23.1283649006
-20.1413867076
-20.5414320024
-23.4927533743
-24.2174394409
-20.9313148211
-20.4912421978
-21.1186311017
-17.9942905551
-18.5414539727
-19.7026720907
-22.3909297490
-27.0988747881
-26.7640728465
-25.0149782765
-23.5384703809
-20.3548290340
-21.7479191103
-23.2097594314
-18.6866328152
-19.9890061367
-21.9414157676
-20.8989734661
-21.3954990875
-20.2511844455
-19.7360659614
-21.9839765765
-24.8649771939
-21.7058010640
-19.9322695899
-19.1072529771
-16.8679213818
-16.8935826780
-17.4881046692
-17.6441386151
-20.2984795844
-21.9692959589
-18.9391250470
-19.3492603634
-20.8755815359
-21.0712971208
-22.0098915971
-24.9611493831
-24.1532577393
-23.5213520969
-23.3846683756
-18.5054127154
-16.7227801097
-18.1390719333
-19.0136220441
-22.1010511867
-25.8815069257
-23.1844658152
-20.0107460909
-20.5471812004
-15.9841304362
-17.8293252895
-20.5223303933
-17.8400742748
-19.8320595478
-18.6839206551
-17.3329860164
-17.6382611303
-18.3636438330
-19.7390266861
-22.4698076185
-25.1933852212
-19.6837879671
-18.4044414274
-17.6916058809
-19.2316614291
-22.4031040370
-26.6032049771
-21.4527819438
-20.1447733502
-20.6615164927
-16.2261378718
-16.9054074002
-19.2559439613
-21.4390851996
-24.6509083002
-24.8485437085
-20.8271277774
-20.6597545608
-22.1892552126
-20.5326249153
-21.2730700531
-24.3130640358
-16.8824272242
-15.7654359632
-14.4224965664
-12.4775290158
-13.5727829905
-16.4855742984
-19.4043618493
-22.2755885919
-21.2860780420
-16.5073039327
-16.2730614489
-17.5787982096
-17.4943976575
-20.3594921281
-24.6571404319
-26.3898714409
-23.7669713369
-22.3222014017
-17.0995500608
-18.1322300263
-20.5427265551
-18.5391871760
-20.5278673276
-23.8156361403
-21.7429673405
-21.9835675015
-19.0849550428
-20.2868024228
-18.7565469521
-21.1864479815
-20.1595639556
-19.0540066360
-19.9950246668
-22.6776896885
-25.2607567780
-19.6332434310
-18.3402933747
-21.4948093378
-23.5987462356
-16.4748641597
-18.0614148613
-19.5344121397
-19.6006703526
-20.4438654613
-23.9811851197
-21.9465603092
-21.0405687408
-22.2244692597
-25.0637362849
-24.7578721904
-20.7262833869
-20.5858802863
-24.2066360284
-19.6148007181
-19.8176960822
-22.7240876328
-16.7441045416
-15.6774623344
-14.3418632393
-17.3002886318
-17.2040840376
-18.1739403145
-20.2712673646
-22.7949455212
-21.3091294455
-16.4458110738
-16.2223978055
-19.9635726461
-22.9933188639
-20.7281941923
-21.3169086302
-23.9851673800
-23.2331461377
-22.1199248950
-25.3044994128
-24.1228387797
-22.6113161821
-18.9690882509
-20.7522307893
-23.8912697490
-21.6985462014
-21.9108039858
-25.8387674542
-21.5289022901
-18.2743445647
-20.7359254682
