-31.1434344808
-31.7213104154
-32.1649675686
-30.1346944549
-29.9208638213
-31.7235824146
-32.9808336611
-33.9346494908
-32.0016723928
-32.0686827467
-32.2542409113
-30.1120676823
-29.8874013647
-31.7028418551
-32.9580554244
-32.7272722048
-32.4091096217
-30.0703936673
-29.8491256375
-31.6640275826
-32.9229786227
-33.8286138565
-34.9232313905
-34.6009132106
-32.7970555562
-30.1829980430
-29.8781839129
-31.6840250500
-32.9275899373
-33.7331019094
-31.1636779157
-30.9088309240
-30.9103818406
-28.7609963794
-28.7865243212
-30.4015047264
-30.5794610939
-31.7047591345
-30.7361357575
-30.8059929059
-30.8776728341
-28.7505646057
-28.7753688740
-30.1776125679
-30.5128067506
-31.0058445999
-30.9191953810
-28.7395606250
-28.7583489523
-30.3797660400
-30.5720806598
-31.7824420511
-34.0830336132
-34.0517525391
-31.5531657223
-28.8356939890
-28.7795866351
-30.1691912868
-30.5055026970
-31.7663853031
-32.4227390223
-32.2178151513
-30.3592494443
-28.6736959752
-29.2484843713
-31.4242340348
-32.0516226968
-32.4436284568
-32.9219817918
-32.3292039034
-30.3868254183
-29.3009151006
-29.4111193192
-31.4791503665
-32.0659213971
-31.5033785443
-30.2386626524
-28.6340052640
-29.1994907662
-31.3861719162
-32.0321857853
-32.5550327436
-33.9024660907
-33.0193631221
-30.5021108805
-29.3188710074
-29.3981682815
-31.4674511943
-32.0580697341
-32.5667176749
-31.3670301701
-31.5282980230
-32.0081466208
-29.3092651791
-28.9986292843
-30.3196571236
-31.7472021353
-32.4885130429
-31.1474968912
-30.9869086910
-31.8464787435
-29.2838136195
-28.9981023878
-30.3217155151
-31.7485264966
-32.5564671440
-32.2608407092
-29.3250008709
-28.9953345632
-30.3006759052
-31.7236044248
-32.4102993472
-33.2119651213
-32.6292552305
-32.3035089627
-29.3504278333
-29.0058776711
-30.3135622133
-31.7369787910
-32.4220619537
-31.2500280923
-31.8862445341
-32.1874208648
-30.0886046068
-29.8558678409
-31.6731091022
-32.9333521386
-33.7942089462
-31.9442601013
-32.0591028116
-32.2398813655
-30.0989120999
-29.8666556254
-31.6832366472
-32.9455095936
-33.2523290099
-32.5170004019
-30.0985509096
-29.8305224379
-31.6426384355
-32.9015402821
-33.7220707446
-31.9756382729
-32.0766768141
-32.2401545231
-30.0763099243
-29.8390421078
-31.6548230772
-32.9113053427
-33.8249294656
-31.1800570159
-30.9278393284
-30.9073266179
-28.7473307299
-28.7663689124
-30.1748628681
-30.5096984499
-31.7473911400
-30.7823900162
-30.8210165753
-30.8774954758
-28.7425550023
-28.7662083838
-30.3990592536
-30.5761637837
-31.0315990914
-30.9053886228
-28.7179436285
-28.7405147361
-30.1584319839
-30.4962722996
-31.7674403905
-30.7877754938
-31.0920523675
-30.9369868746
-28.7338281983
-28.7516119270
-30.3722224882
-30.5699432986
-31.7815190115
-32.4337934905
-32.2063477102
-30.3630775348
-29.3185965549
-29.3993929598
-31.4815686527
-32.0600905826
-32.4394236426
-32.9283796347
-32.3211580526
-30.3806567165
-28.6739005196
-29.2275496220
-31.4087352531
-32.0326816117
-31.5044168022
-30.2399637113
-29.2722749752
-29.3607197941
-31.4437913432
-32.0531930294
-32.5739673556
-32.9592619786
-32.3200939030
-30.3875452081
-28.6553219164
-29.2071624826
-31.3862262890
-32.0267549978
-32.5583468834
-31.3712595821
-31.0560421660
-31.8545349511
-29.2820348584
-29.0074156392
-30.3221841554
-31.7379587925
-32.4090008777
-31.0857037192
-31.4264490708
-31.9587309856
-29.2906878708
-28.9958614595
-30.3164750315
-31.7348479028
-31.9534840275
-32.0956282574
-29.2971582113
-28.9851267528
-30.2998214787
-31.7220612785
-32.4090060560
-30.9795036627
-31.0718153998
-31.8400472411
-29.2662292588
-28.9846607019
-30.3033349848
-31.7249054835
-32.4102928742
