-24.2302623250
-25.1432873319
-24.8912469478
-24.4686305960
-24.3058829917
-23.5648476229
-22.2521825020
-23.6834420675
-25.8478930078
-25.6368353419
-24.9730143024
-24.4650873137
-24.2866091929
-23.5512907163
-22.2501370558
-23.0009375197
-24.2378343644
-24.2661948638
-24.2131064743
-23.5281085613
-22.2355548363
-23.5434688203
-26.2499849719
-26.0848851151
-25.0557758990
-24.4684351135
-24.2701511191
-23.5383642732
-22.2399784375
-23.5641809048
-24.9600412550
-23.7046616362
-23.1101734131
-22.8391737958
-22.3256373265
-23.1925531095
-24.7137695444
-26.1128740654
-25.7496675815
-23.8542109373
-23.1443491945
-22.8417085956
-22.3379656713
-23.2235830465
-24.7187161581
-23.8186861979
-23.1190736933
-22.8277982666
-22.3251156083
-23.1874381995
-24.7107233832
-25.9827603967
-27.1236765048
-24.6547377070
-23.2844842679
-22.8671744012
-22.3333439984
-23.2172926522
-24.7200948924
-25.9836381260
-22.6403175738
-21.0772703692
-20.4035818881
-21.6211364224
-23.8182654577
-23.7158934663
-22.0304651858
-23.0969401479
-21.9471300763
-20.9432314921
-20.3701453123
-21.5978985984
-23.8034877564
-23.7105429416
-22.0410380718
-21.0934475196
-20.3946246453
-21.6046162068
-23.7959001868
-23.6942195043
-22.0129274257
-22.8667640138
-25.0643628886
-22.8223156890
-20.6575434770
-21.6786820772
-23.8287943271
-23.7059730523
-22.0234783038
-22.8723203780
-21.3160451562
-21.4869655019
-23.1710034294
-23.4511777763
-23.0392766930
-21.9132455794
-20.1510572862
-21.3173086715
-20.9384208066
-21.3592118427
-23.1288555860
-23.4401362506
-23.0297148792
-21.9183591952
-20.1508851062
-20.9067137968
-22.9576853962
-23.3775896129
-23.0055190628
-21.9005159126
-20.1280952082
-21.0082598532
-23.3874673046
-23.7351530253
-23.8255591569
-23.6077735117
-23.0592663987
-21.9207917228
-20.1388195615
-21.0205765472
-23.7371337387
-25.0187831006
-24.8152327335
-24.4155603312
-24.2570861555
-23.5360793285
-22.2379601775
-23.5438727315
-25.6690925435
-25.5925164812
-24.9573795857
-24.4543409540
-24.2690714342
-23.5379733081
-22.2401894551
-22.9714817993
-24.2044418088
-24.2436548241
-24.1905534888
-23.5059102918
-22.2312658720
-23.5555253017
-25.6838404687
-25.6097914382
-24.9467665686
-24.4358439071
-24.2521304796
-23.5261382011
-22.2419630382
-23.5351057934
-24.9591065637
-23.6984424441
-23.0984315161
-22.8246045224
-22.3296013496
-23.2180046745
-24.7184468841
-25.9798074460
-25.6394400483
-23.8334677828
-23.1345077501
-22.8355606056
-22.3266781739
-23.1989160008
-24.7180377949
-23.8092680834
-23.1153569363
-22.8186999146
-22.3246249601
-23.2138943634
-24.7186708475
-25.9820561417
-25.6394944213
-23.8149280143
-23.1204692572
-22.8275794815
-22.3273772504
-23.1837952338
-24.7044770050
-25.9797155301
-22.6319493682
-21.0630299198
-20.3943514876
-21.6077050898
-23.8062827681
-23.7153523293
-22.0315681732
-22.8869582647
-21.7851566215
-20.9086051920
-20.3606016218
-21.6114464442
-23.8054749462
-23.7040505919
-22.0229682367
-21.0759848450
-20.3893246088
-21.5968952946
-23.7889612049
-23.6888896931
-22.0112962470
-22.8715552777
-21.7373384886
-20.8939673046
-20.3487548622
-21.5905401704
-23.7960089320
-23.6832660106
-22.0163580793
-22.8697558028
-21.3080847450
-21.4533463906
-23.1605820104
-23.4461055876
-23.0260240139
-21.9118862638
-20.1425673890
-21.0173038332
-20.7189431163
-21.3312630192
-23.1231594066
-23.4293691773
-23.0242944468
-21.9154878027
-20.1382162843
-20.8752644116
-22.9513911179
-23.3685818822
-23.0139468190
-21.9040812032
-20.1289146814
-21.0083970791
-20.6885798890
-21.2766327721
-23.0830712498
-23.4091166707
-23.0143921567
-21.9049019708
-20.1310455705
-21.0091712420
