-30.8508891452
-26.8313719187
-30.0719355163
-27.3359031678
-25.0272199174
-25.0083992230
-24.8147446720
-28.7135031877
-33.6857122918
-31.2662492436
-33.6893384268
-28.3847650962
-29.4944841797
-33.1327455245
-36.4693187854
-28.3298073342
-24.8697102114
-24.5169963319
-22.4514581635
-23.8637157896
-22.6502496466
-26.9695249485
-30.6003129858
-34.6451427207
-31.4712857455
-34.1524635226
-27.6208920387
-28.4683500428
-32.2321267897
-28.7458303064
-30.8037221996
-29.6545286568
-26.0866819977
-23.9076877032
-25.7115756789
-27.1954095161
-31.3895883219
-34.2177727969
-37.4031448046
-31.3981934326
-34.0570551475
-28.7149505370
-29.9948584630
-26.3747856567
-27.3235787112
-27.9776449898
-25.1456577177
-25.6494303700
-24.3197570701
-28.5015017853
-29.2259417454
-31.8470341132
-35.1975100723
-38.3510312832
-30.2101830481
-31.6641246746
-29.6521802741
-29.3779093019
-25.7718943288
-28.4595753342
-23.7110840757
-23.9468670606
-21.4188534358
-23.0949646124
-27.6543985069
-28.3352691917
-31.7174188831
-32.9967997808
-36.2835664607
-28.2763668213
-30.1128742107
-26.4841419280
-23.5086975316
-25.3167838773
-25.8457815371
-22.3801769492
-22.2650144420
-25.6138007652
-26.9892648140
-30.0760406509
-29.9468332150
-33.4002198892
-34.4462076252
-36.1578673767
-30.5667262469
-23.1862031591
-21.2216296860
-21.1366491590
-21.3240599446
-20.9430903822
-19.5805706225
-23.7055471204
-28.4341211835
-28.1987512162
-31.3415397700
-30.5715900122
-34.2756019354
-36.5939019395
-37.7904886946
-23.7404608198
-23.1570361394
-22.7922023180
-22.4847044333
-22.3893283813
-21.9666459684
-26.3329420326
-32.0313261657
-32.2585583537
-29.3328991404
-32.1999097273
-30.7191611480
-32.9108884747
-36.0150409183
-24.8588615705
-21.2844598402
-23.7473894501
-24.3455283928
-21.6508510641
-23.0438116280
-21.2829749534
-25.8915723269
-31.6195197077
-32.4630640718
-32.0075058015
-33.6963783950
-29.9758966596
-30.7286439873
-32.8330346814
-37.5762593712
-30.4003965588
-34.2458381107
-28.8332834689
-29.6015982209
-32.4210923052
-36.5111093020
-34.3734687401
-35.6023503202
-31.4928237821
-27.6452380269
-30.0241290528
-29.3985294680
-32.7197467626
-33.2776769977
-35.3278968612
-30.8376817781
-34.0874118885
-31.4831454593
-32.3365519716
-35.9877704724
-34.3794898593
-37.7165329002
-37.2551633191
-36.6986520393
-29.2889738385
-30.2411262498
-30.3192596865
-34.5704282914
-35.4890818422
-35.1371603717
-30.9178464193
-33.9643951748
-32.7094069131
-33.3982158672
-34.3585162730
-36.6452918105
-38.8890092469
-35.5951951434
-34.9700332392
-27.5883707447
-30.8683971169
-31.5919592768
-34.9850957428
-37.7625748357
-37.4474688199
-31.2565799878
-34.3612996272
-32.6210760340
-30.3005270271
-34.0312864230
-39.0907186153
-37.9172130896
-35.4441092290
-33.0904876634
-29.9894962939
-34.1731147588
-32.9259289745
-36.4714962687
-35.3349277597
-38.7907087814
-32.9855433600
-36.1300752069
-35.8361693185
-32.9617320455
-35.2545611714
-37.9391653742
-36.9933359750
-32.8941999766
-31.5563141591
-28.7308208751
-32.6659360129
-31.3133449869
-34.3825282392
-34.0623720246
-36.8414461233
-34.0304268193
-30.1619687942
-27.9776424033
-30.1103704830
-31.8560107784
-33.6944196858
-30.7648690910
-33.6340647937
-31.8983644468
-30.6351619403
-33.3040735970
-29.2722141283
-32.6483995534
-35.3677843368
-37.1163513771
-27.2787070579
-29.5555873378
-30.0398013124
-30.6868547585
-32.3867650703
-35.2895939570
-36.4392144956
-37.2723696580
-33.7508778596
-31.5261619523
-34.0177334011
-31.4014907484
-34.2886448867
-36.6606209998
-30.4639762623
-31.2634594152
-32.7044499496
-28.6158655245
-30.7320513393
-32.7058506940
-32.5540682751
