-30.7345783732
-29.9401065465
-27.7572572485
-30.2998279318
-23.1128506103
-25.5855218219
-28.6559135406
-31.0058225883
-32.5280509830
-30.4823127741
-25.2973637877
-27.6599030886
-30.3311284429
-32.4942752337
-30.3148891646
-27.5244738649
-28.7832011159
-28.0587016082
-28.5361682233
-19.5797524373
-20.8481454194
-24.9583388639
-29.6062418881
-31.5803235448
-29.2196772410
-24.5977008313
-27.8415814032
-27.8362710150
-30.1726076940
-26.7350780203
-23.1488724765
-20.6479518860
-22.4561963473
-24.3378527951
-23.6495601629
-24.8914696122
-28.8420762895
-31.8008821252
-32.6813661895
-29.0810309703
-25.6605301482
-28.4305571871
-29.4054192473
-24.7100709095
-24.7750241826
-24.0620114376
-21.8933762681
-24.5112600180
-23.6741611858
-23.2781770432
-25.3065294605
-29.1200225992
-32.1932322472
-31.9666926834
-27.9948060174
-24.7302211424
-27.8978208093
-24.9994471571
-27.2343817257
-23.9188159642
-25.9985452786
-26.5255906948
-24.2055875132
-26.9930747714
-27.5684548345
-28.4904279099
-29.4226501958
-28.7628476235
-32.9032504231
-30.6314749611
-26.2478411343
-28.3059014996
-30.6690386663
-25.3080557748
-26.1622482821
-27.1187881430
-28.7893387489
-29.0674391114
-30.9199475330
-28.5257959984
-28.2189609970
-29.7281103318
-32.9086812086
-33.0207755149
-30.4075426740
-23.1768329454
-26.7796648438
-30.2086878084
-26.4091310246
-27.9450628419
-27.8146268386
-30.1436827623
-30.1450174811
-30.4556132388
-27.4107405953
-27.7737205068
-30.9833369272
-32.4702166564
-31.8179473654
-28.2880983598
-22.2883221677
-25.7424619016
-29.7439353463
-26.0813198219
-27.5828622812
-31.3043230140
-34.5014566588
-31.2278518221
-30.3245428892
-27.2491438969
-28.6424796210
-30.6831444761
-33.3084570629
-31.2758434255
-28.9965475874
-24.8546865364
-26.1570569929
-23.5995282892
-25.2747007656
-25.9910768190
-30.1245086447
-31.6955611031
-32.7278987751
-33.5237738588
-28.1534109275
-27.5162933724
-30.2021734476
-29.8485249386
-30.9919549870
-27.7570824870
-24.3527327663
-26.5927033261
-28.3364472618
-30.5786467895
-33.4394070042
-31.5331423637
-33.2914151395
-29.1277952992
-29.9414567978
-25.9178200703
-26.7477015257
-29.0666286982
-32.3363551811
-32.4914543391
-27.8887354091
-25.3755037152
-27.8907200106
-27.9244633928
-31.0778766404
-33.5238139950
-31.3802776668
-31.7094079925
-29.8124901418
-31.4481204334
-26.0355303105
-26.1855611846
-29.3709030034
-31.7739120190
-32.7321359575
-29.0744777779
-26.5391605429
-27.9824763845
-28.9700577647
-30.5132792663
-32.1858453533
-30.6930648888
-32.6905927022
-28.1408586189
-30.7094802265
-25.0007870522
-26.0105202028
-29.0645470059
-32.0885170857
-29.8361487067
-27.6638489925
-25.0135646201
-26.7740877801
-29.4114817929
-32.7266197211
-32.1023989407
-30.6330582425
-29.0490417555
-27.3207578069
-29.1519911060
-24.8012447254
-26.4487065180
-29.7842901788
-28.8236595053
-31.0591478798
-29.4641701523
-26.9644437107
-29.2866785297
-31.0868921420
-33.1581452965
-31.0484364766
-30.3479308787
-30.3437519553
-29.5047101055
-32.8003450936
-26.2330401296
-26.6528821605
-29.7289013151
-32.7597171046
-33.5302972800
-31.6942004899
-29.9142899107
-31.3123895836
-29.6177455810
-32.4050044728
-30.9322253889
-33.9840935984
-32.5014627803
-30.2979559679
-32.1858285127
-25.5167417608
-26.2237061654
-29.3911671575
-31.3336570382
-31.7442038720
-28.0412104554
-26.2410652729
-29.0736751293
-28.4030860741
-27.6260962755
-30.2313857799
-29.1252475572
-30.7345524815
-30.5570738077
-32.8250885043
-25.5082492756
-26.8855801189
-29.3125016442
-32.7897851528
-31.7766254768
-31.0879614674
-25.1694703319
-28.6227177553
-27.2977077014
-29.7937005218
-32.9666695942
