-27.5680379556
-28.3422534815
-26.5170969149
-25.5016585448
-24.3338848894
-24.2108318863
-24.6734069383
-26.5068243702
-30.3462375535
-29.1710292884
-26.6710516779
-25.5291464915
-24.3381168915
-24.2053376626
-24.6653131858
-25.6636384508
-25.9778577996
-25.3696936151
-24.2935404063
-24.1797229808
-24.6618721758
-26.3914987604
-28.6478184965
-28.0982706306
-26.5003139013
-25.4927077765
-24.3228809070
-24.1881766284
-24.6654879549
-26.4070765142
-29.2128301781
-26.9934074851
-24.8389909779
-24.0373715801
-23.8883504708
-25.0703296338
-28.3335111373
-30.0392239275
-30.5624385841
-27.1830410355
-24.8614145042
-24.0482849415
-23.8835384940
-25.0395262514
-28.3068115961
-26.9964847158
-24.8132597838
-24.0189793943
-23.8741747522
-25.0596959033
-28.3310734318
-29.9058815785
-29.8386615004
-26.9163783211
-24.8098576114
-24.0229744873
-23.8722872455
-25.0271085813
-28.3065941055
-29.8980156745
-23.8764376733
-22.1761799333
-22.7165958987
-23.7904163191
-25.3433656163
-25.5721034476
-25.2638663783
-26.3739894866
-23.2464544947
-22.0644195962
-22.6793998470
-23.8221492156
-25.3528173894
-25.5706794029
-25.2694486336
-23.6368719242
-23.0360298714
-23.8733475101
-25.3685776808
-25.5700502340
-25.2605587107
-26.1943773210
-27.6992507453
-24.6096718663
-23.2241902100
-23.9824358145
-25.4075796767
-25.5868203025
-25.2644761283
-26.2014211639
-22.2380727972
-22.1802643487
-23.8736141959
-24.2392946576
-24.2413892979
-23.3853079358
-21.4341606229
-22.8095510665
-21.6733496758
-22.0387142865
-23.8245946902
-24.2166355159
-24.2425466579
-23.3861299980
-21.4308581333
-22.1639525619
-23.8497355538
-24.2196596692
-24.2301238091
-23.3742262778
-21.4209804399
-22.6184144730
-25.5076926086
-25.5811448367
-24.8190478789
-24.4719525038
-24.3029261566
-23.3895904269
-21.4264668966
-22.6182694794
-26.8526419560
-28.2441924790
-26.5365131167
-25.4979663852
-24.3178113076
-24.1866813814
-24.6589554733
-26.3908670028
-30.1364460250
-29.1441653359
-26.6736874551
-25.5340723917
-24.3361892528
-24.1928772708
-24.6671074822
-25.6849861756
-25.9959768266
-25.3771646715
-24.2824056708
-24.1651860727
-24.6525330314
-26.4072694079
-30.1439869880
-29.1634080614
-26.6748486988
-25.5332891671
-24.3229469309
-24.1860716314
-24.6601930976
-26.4050220065
-29.2145584503
-26.9910332139
-24.8213781334
-24.0270407825
-23.8736336151
-25.0395288408
-28.3092700148
-29.8809879864
-30.4297474144
-27.1731400416
-24.8612073705
-24.0371320817
-23.8795938899
-25.0644030186
-28.3260556166
-27.0085153036
-24.8156845436
-24.0185482972
-23.8665353991
-25.0250087627
-28.3137932982
-29.8969308115
-30.4219643643
-27.1645880060
-24.8473268179
-24.0275107172
-23.8704489331
-25.0611354831
-28.3383541834
-29.9073457551
-23.9148959442
-22.1853404257
-22.7227904938
-23.8377839330
-25.3534905742
-25.5735818650
-25.2686563469
-26.1648516965
-23.1306822401
-22.0476624716
-22.6748869194
-23.7764244316
-25.3304430576
-25.5606890819
-25.2622196648
-23.6176628542
-23.0286222491
-23.9146914145
-25.3843884611
-25.5732944668
-25.2597094622
-26.1931850073
-23.1032266559
-22.0440000870
-22.6639735574
-23.7554107087
-25.3314761374
-25.5497744265
-25.2617782109
-26.1916794037
-22.2259904235
-22.1679800196
-23.8688915456
-24.2388493199
-24.2394137594
-23.3787599187
-21.4376573005
-22.6164026860
-21.5223698463
-22.0153133454
-23.8151558622
-24.2189152822
-24.2328722155
-23.3825271646
-21.4299907604
-22.1641208581
-23.8529124683
-24.2243965601
-24.2397555302
-23.3697741959
-21.4198450877
-22.6119311852
-21.5046534332
-21.9892572077
-23.7948062620
-24.1977513876
-24.2313536660
-23.3673636764
-21.4168222287
-22.6194566148
