-38.5591164917
-38.3669119739
-38.5043037462
-34.6851868517
-33.1985765108
-30.6071380439
-32.3026286385
-34.3996646826
-37.0114433382
-31.2327505375
-32.1367455906
-33.6465925085
-37.8914184571
-40.5471324620
-39.1433344596
-37.1051959319
-37.9138549345
-35.6601160278
-34.3269374445
-32.3476763451
-29.6634056340
-31.5507888527
-32.5780077572
-34.6070378857
-30.9937272700
-31.6260444301
-34.3914233472
-36.4780883108
-38.2069452190
-37.2289194797
-38.7620945647
-36.6727137249
-38.9244886650
-35.7332484590
-34.8794821592
-30.3579276685
-32.4041202754
-34.1333632221
-35.9464460049
-31.6559105272
-32.2836202395
-33.7121891694
-36.8292006313
-37.9378837329
-38.8170859666
-37.0060436231
-38.2336538132
-39.0870860180
-36.0174255447
-34.9678674075
-29.6117399972
-31.2719208196
-34.9253156707
-36.8639796834
-31.8695003507
-31.9464544245
-33.9046280435
-36.3325082631
-40.1181702735
-40.6739047395
-37.3426993142
-38.4643463625
-39.0416719570
-39.0943771184
-38.0106575634
-30.6306464199
-32.3049368773
-35.5373414067
-38.6635144602
-32.5712111674
-32.7835776202
-33.3273088245
-35.5216432582
-37.3867527671
-38.5380005165
-37.6472220884
-37.1180718844
-38.7296807260
-41.0661175215
-38.4954332457
-31.9422871462
-32.6664214831
-35.9875296838
-38.3997491353
-33.4500083592
-32.8629357319
-34.4560969670
-36.9823747126
-37.7891669250
-35.8944800464
-36.7877493082
-36.1992747015
-38.6142451259
-41.5000651367
-38.2600581717
-31.6566212545
-33.5999395150
-36.1498707242
-36.8589476332
-31.9154944046
-32.0941058239
-33.0521200250
-35.3132822831
-36.5295972793
-39.4495194673
-37.0486937473
-35.9013154594
-38.3836017637
-42.2463573603
-38.2955803070
-31.1352410385
-32.6558770802
-35.7913598265
-35.7148303944
-31.4407917817
-31.5726932559
-33.7850665788
-36.1369999467
-35.9270375797
-35.7675692263
-31.9565094681
-31.9166996660
-35.6163007643
-32.0837996162
-28.5949488983
-28.8087122287
-30.8132205803
-32.7171886739
-35.8702104441
-30.4823257144
-31.1362741229
-32.0809204665
-35.5632874817
-39.3334650557
-39.0600926118
-36.3650671022
-38.1881038147
-35.7089685075
-32.4925223704
-29.3893081331
-28.4491513335
-30.6695720295
-33.5484201906
-34.9545033999
-30.8743949331
-30.2544980273
-31.6713458760
-35.2168796585
-39.4076784628
-38.1778791831
-39.7442564471
-33.4639018494
-31.4635260131
-33.0348657828
-31.4888714105
-28.8755555858
-31.6053854227
-33.2071803300
-35.2124897242
-30.2167375414
-30.2163776507
-32.0003428556
-35.5564417147
-34.4663643241
-30.7227937556
-30.9726773083
-31.6463979135
-32.8786455293
-31.4037977017
-32.0772296007
-29.4912140512
-31.4203191962
-34.2549817829
-35.6332404270
-30.9695702960
-30.7325070357
-32.8131576137
-34.6286510022
-31.2515401632
-32.6512528236
-32.9481906798
-33.5683684622
-35.2152083600
-34.1599177649
-34.6931731541
-30.7306039892
-32.3746399701
-35.6578466165
-38.2250357560
-31.6757733463
-31.1497908986
-31.9364809390
-32.6219071626
-32.5732488606
-34.6189895031
-34.3955064730
-36.3421063319
-37.8172309503
-35.8177162924
-35.4114118805
-30.4996770513
-31.2288033462
-34.7942362794
-37.5371098172
-31.1348306505
-29.3306077260
-30.2898220983
-32.6979187623
-36.2417138013
-34.8908253209
-36.9665807719
-37.2115060121
-40.5754515102
-37.1714075090
-36.2698826944
-30.5470330086
-32.6434853067
-35.1189300235
-37.6410766876
-34.5029907423
-28.1419318300
-29.3711567359
-34.2682836397
-33.3075547425
-32.8424307891
-31.8113022575
-34.2040359444
-38.0642145676
-38.3283242623
-35.7942519298
-30.6760371925
-32.4936124002
-35.4279036077
-34.0803085091
-31.2890197214
-31.0491718028
-32.8635182952
-32.8171501180
-33.6294107698
-36.7164849511
