-23.2418845726
-22.3602442007
-23.4970980368
-24.7930978858
-30.1647443693
-28.5883762806
-30.3249804502
-23.7343180013
-25.2542320517
-27.2343532529
-29.6118086095
-28.2279777860
-28.8187284376
-25.9038631395
-27.3458650033
-27.6700099205
-23.9541659289
-23.5267647770
-27.0362751044
-31.1871409820
-29.6048877593
-30.4058519404
-23.4022618206
-24.6468484882
-27.0434134639
-28.8635910092
-29.8581592564
-27.5187479054
-24.9483860939
-25.0524513963
-27.2128851289
-24.8078173422
-25.5362019831
-28.5421051874
-31.4978428911
-28.7845863225
-30.0046649520
-24.5860314225
-26.0739419653
-26.9495262008
-29.5812214277
-30.8829405039
-29.4517641358
-22.9088458279
-24.3337101103
-26.9546695826
-24.8371423038
-24.7660112722
-26.7672821423
-29.9939121127
-28.6039605084
-29.7617359040
-24.1609048625
-25.2885851917
-26.4068745630
-28.1708865420
-30.7542120614
-27.4800786232
-23.6288882068
-24.5335333724
-27.7723469397
-26.8734589101
-28.2034156043
-30.2730830972
-33.2284438984
-29.8222914537
-31.1005409621
-24.9435909388
-26.4750422755
-27.1234900825
-29.6480919654
-25.5075786744
-26.7719232308
-24.9687667632
-26.8998529262
-28.9611380650
-24.7292372498
-25.6192962799
-28.9552748924
-32.2284190937
-29.6243816313
-29.9848992080
-24.1798304162
-25.5727973307
-27.7791823685
-28.4118012164
-31.0316690011
-28.5902702614
-24.5093466195
-25.6610026607
-29.0171768142
-26.3404053325
-27.4956097703
-30.0526241842
-33.1297498542
-29.0140348511
-30.3793802486
-23.7553123065
-25.3347578976
-24.8616475298
-28.1987550880
-31.1814059791
-28.8655070052
-25.4690168489
-27.8499651413
-31.7133499993
-27.1329638542
-27.6156890964
-30.7914404659
-32.2159405821
-29.3128498834
-30.4253056836
-24.3293810108
-24.7350797085
-27.3785779042
-29.3021074110
-29.2417680583
-28.7086963978
-24.8037264438
-25.4758263676
-25.0675501508
-24.0625473958
-26.3079215736
-25.9607304109
-26.8305174647
-29.0999681538
-28.5099308177
-21.1054470159
-21.7956880631
-25.9459022190
-27.1508084144
-24.8747008146
-25.3533300141
-25.7622470699
-26.2029824273
-25.0536993701
-24.9678010020
-26.1065616577
-24.9148200351
-25.3326101684
-28.4161704420
-28.0498349836
-20.2399772201
-21.1541778345
-25.6426506075
-26.3575572983
-26.4447968330
-25.9303930649
-25.3793447511
-24.7782192166
-25.5156970236
-25.2071492622
-24.4968836384
-23.6282862104
-25.5703725575
-26.1754375208
-27.3639840202
-21.1604488128
-22.0875136995
-25.7505595312
-27.9976683378
-27.7550913669
-27.0199076277
-26.1411711231
-25.3719073510
-25.0745784578
-25.7090408770
-25.6212096773
-25.1818504341
-24.9161767708
-27.1437710488
-28.0304925605
-21.1931008659
-21.7967004272
-26.0681486848
-27.5203725974
-27.8189351698
-27.6889794549
-26.3263940258
-25.5022527532
-23.6690760359
-23.3067498493
-24.6488900520
-22.8476300208
-23.9289693641
-26.7092445157
-26.9816344779
-22.2381193718
-21.8824136918
-25.5182590012
-26.6596929541
-25.4943039535
-26.2177523130
-25.5931624688
-25.2397909481
-23.0898470922
-24.3931782120
-23.1034376637
-19.7059926936
-20.4720317911
-23.5914733408
-23.1509269654
-18.3453112096
-18.9887776194
-23.1268942597
-24.0658899966
-21.8575757348
-21.4819994393
-23.7984686269
-22.8829282039
-22.4473568787
-22.4080584403
-20.8090644329
-20.3099185306
-21.0956120178
-22.9167622013
-24.1515967766
-18.7751436779
-19.3685005228
-23.4023485374
-25.3324651819
-22.8580773041
-22.7301670113
-23.8588144740
-23.7627212152
-22.3010557015
-22.6815941569
-21.4625029882
-20.9284537465
-21.4390748285
-24.3240136284
-25.0089001940
-19.5257319175
-20.2396095594
-25.0035962747
-26.9785792763
-24.2182524015
-23.3013332733
-24.6532087898
-22.7330591200
