-38.8894079804
-42.1222558193
-40.5804913398
-38.3046683028
-37.3753073364
-34.5870533714
-36.7548072739
-36.9382487676
-38.0422208595
-34.0451216647
-33.9214382429
-34.7928834372
-36.5852243341
-35.9189749019
-35.8059834672
-37.3198408123
-39.7684056495
-40.2699164082
-38.8340230300
-35.7790276021
-34.3918272603
-36.4813221811
-36.2154052375
-38.9072214786
-34.5566564974
-33.9259977747
-36.9615137620
-40.7262059848
-37.6673606612
-38.9198436840
-41.5413404043
-35.5496930428
-37.6744744045
-40.6551449011
-38.3497444745
-31.0750855225
-33.3885051827
-35.0802840518
-38.3087255272
-33.9606085235
-33.9874711786
-36.5115611158
-38.9873019565
-38.1520638554
-40.0295921515
-40.8346702334
-35.5611216420
-37.9110081281
-38.6966830393
-32.4896742787
-30.2880200332
-33.1538174946
-35.7245087171
-38.9301136327
-33.2374101933
-33.9017281728
-36.2532770445
-37.6235790744
-39.0088814005
-41.9383496054
-43.1819373617
-36.1061939866
-38.8719919181
-38.7687189554
-36.4945515548
-31.8632397418
-34.6444397588
-37.1653359088
-40.9501783219
-34.5183885420
-34.9857430458
-36.8277882462
-40.7904666200
-40.4056044951
-43.2268607552
-40.7201615696
-36.8019340790
-38.5975423815
-38.5648864569
-38.1347280572
-32.3689813393
-34.6486523369
-38.1093347604
-41.3529290279
-34.7412514698
-35.3485467980
-37.8126364652
-41.3513729348
-39.0898111170
-39.7118853307
-38.7232272227
-35.2048788490
-36.0996058459
-38.2483033381
-39.0885165343
-33.5417219986
-36.6894138599
-38.9826297956
-39.9147650004
-35.4017037775
-35.4998696236
-37.4532737509
-41.4446141513
-36.3493132883
-37.8300305168
-37.0616641996
-34.8881519996
-37.3645635656
-41.4830555752
-38.2654656467
-35.5706187317
-38.4152517924
-38.1115627449
-38.8265571488
-36.8219250713
-36.0628888102
-38.6572667939
-41.9429453795
-37.0685967031
-35.5935316033
-33.7895406653
-32.9253011077
-35.6225821001
-38.2059496771
-35.6106175394
-34.2297554857
-36.4475114916
-39.2484172604
-42.9781087836
-36.6866861813
-34.3646241313
-34.6600252855
-36.9521629739
-37.7018963136
-40.0348300190
-39.9550123552
-36.6243143443
-38.0603191610
-40.9835928732
-36.3709885276
-32.6934161938
-34.8294761900
-38.8587547893
-42.1144209887
-37.6950842075
-34.7471690281
-35.0577362516
-35.4643254785
-37.4008067820
-35.1992422262
-37.3495372994
-36.5189519072
-39.5726164156
-40.0970633570
-36.5930190303
-35.1755577894
-39.1518800136
-42.4703296938
-45.6557474065
-35.5518847761
-35.3995884306
-36.3665222127
-37.4185063594
-34.9900423582
-35.9094027271
-36.9737152218
-36.1536081887
-38.6962558157
-39.1739449363
-35.8689598778
-36.7551801239
-39.9478054151
-43.3155062035
-44.0089974290
-36.6477554007
-36.4572998573
-38.5767720558
-39.5626157249
-35.3525146957
-36.3027353852
-37.7999249292
-40.2885558367
-42.7729182794
-38.8023108623
-36.7548124610
-35.8641867434
-38.9886988067
-40.7509558737
-43.6580314681
-37.0335807404
-35.1259233756
-37.4809804669
-40.4057028739
-35.6717129216
-36.0054014318
-36.0924662075
-36.7885856091
-38.1965768790
-40.8618798402
-41.4190202118
-35.8304252395
-37.2995844273
-40.2440531775
-41.2643573825
-38.3659436199
-36.2599415713
-39.3401062727
-43.2209678063
-37.8310105115
-37.5853991469
-40.9515143165
-38.4176390141
-36.6775231111
-35.8267136672
-38.9312839391
-42.4997698564
-44.6480992135
-37.0438131431
-35.1750205375
-37.4925022791
-40.4313240148
-35.7018444027
-36.0411565927
-35.8717445326
-37.8180038087
-39.0821277527
-41.3052468653
-41.5381855029
-35.8271564109
-37.2731230983
-41.5603578620
-42.1537232970
-38.4331623830
-36.1991465356
-39.2859110401
-43.2073901957
-37.8301677361
-37.5602906599
-36.8512992202
-36.9202993382
