-29.0805532654
-32.0945291477
-35.3856276061
-37.6388396254
-34.5199368673
-34.5240911933
-31.3492101918
-32.6458828789
-33.2430830520
-34.1851996898
-36.9094221956
-36.7983234522
-38.1611828898
-33.7577209900
-34.7907952234
-30.7945021620
-25.2171590002
-26.9188859300
-31.1562651186
-34.0750175362
-35.2315123728
-33.8429591606
-33.4648935167
-29.7376061189
-31.3143754774
-34.2776176111
-35.2725999327
-36.7609060727
-31.0466641827
-30.6832920581
-31.1540746833
-30.5454121905
-32.5475409717
-34.1075996715
-36.7772657496
-38.7864314781
-34.0141888323
-29.1105708307
-29.7888238221
-32.1009658304
-35.8505922891
-35.8224583594
-36.6214520147
-32.0501882792
-29.7227636938
-32.2057586624
-28.6536130590
-29.4071112790
-30.9608189073
-33.9720086372
-36.8032610322
-31.8578853265
-32.1949954767
-31.6526158054
-31.9832297226
-35.3644209924
-36.2736162680
-34.8180734819
-26.6132561708
-27.7147896544
-31.7623215959
-32.1737267354
-33.5947469392
-36.4846803350
-39.1369236750
-35.6367733418
-34.7758052581
-33.2216602688
-33.1662209284
-34.0009193244
-37.3216713405
-37.7434848654
-37.4439643838
-31.7843308496
-33.4395934203
-33.0521756920
-29.7960592648
-31.8379318803
-35.6069991754
-38.6697828419
-38.6809227451
-34.0656952230
-34.4602331652
-33.8987661590
-33.3794029531
-30.1499602139
-31.5759245409
-34.4934483517
-28.7204072198
-30.2546158267
-29.9445974638
-29.6634043419
-31.4901893015
-33.6931639368
-36.3788518475
-35.3576775075
-32.2588250310
-32.6355883361
-31.6468341841
-29.6961444152
-31.5838745872
-33.9141639651
-32.9955673397
-31.0968358647
-31.6147530583
-34.3432543971
-34.9933474437
-34.9516824927
-35.8094179984
-38.4666662520
-36.2715177457
-34.2467624546
-34.0452770158
-29.3136460505
-30.1713377086
-33.9838437410
-33.3808282954
-34.0047163538
-30.1756253772
-29.1217521760
-29.1109281431
-27.1271122966
-27.8960420121
-29.4462168314
-28.7806624310
-28.0919271555
-27.8485242644
-30.7891425373
-35.1033689872
-39.2483963315
-42.0843668357
-42.1122275189
-41.9051299575
-40.2503671789
-41.3627683119
-24.6264030842
-22.2553218745
-22.9842153522
-23.6632685386
-23.8538588114
-25.4958872781
-28.6479414746
-31.6172438388
-32.6791045511
-34.7224023067
-37.7851316973
-37.8336929011
-35.1043024986
-33.9272496382
-30.2054241582
-29.9289627517
-28.7969379709
-28.4003532105
-27.9733249598
-28.7019412528
-32.3639440985
-37.5939136376
-40.9016520929
-43.7112195053
-45.6199689613
-48.0788392901
-48.3541638769
-48.7570568840
-32.2345476559
-28.6627269485
-29.0131118170
-25.5056432768
-25.3910542856
-26.2309946897
-29.6067195879
-33.3713040276
-32.1019238237
-32.1065377281
-32.9368462193
-34.6390957137
-37.2588049846
-37.6083379163
-30.4084618266
-24.5346247093
-24.7981234813
-26.5138708056
-27.4092634736
-27.6329731067
-31.0600980734
-35.2376305210
-39.0993805387
-41.7747033592
-41.0510417088
-41.4396993820
-40.0961859533
-41.2834969672
-34.5537669650
-30.4634325379
-27.2664097493
-27.8733841674
-25.4701716163
-26.0256073115
-28.9465454940
-33.8306385679
-34.3746843556
-35.3407572768
-38.0703301905
-37.8713912324
-35.1054766878
-33.9346663198
-30.1965899039
-30.1485193431
-23.6822044434
-22.1031380819
-22.9337562650
-25.7099199019
-30.3458841211
-35.8282257268
-41.0080165046
-44.1266985293
-45.6185928166
-48.0853083318
-48.4060184846
-48.7922372334
-32.2578747976
-28.6677939579
-29.5706873919
-30.3774642700
-29.0697900853
-28.5451668924
-31.4901711668
-34.3778133698
-32.2974891337
-35.0929075345
-34.8319333192
-35.2593407813
-37.5246753210
-37.7380424447
-30.5554504015
-24.5476249435
-24.8077370780
-28.0923944979
-29.7845995918
-25.5847010606
-25.3978197927
