-24.5748306608
-24.2655475532
-21.9190478871
-20.9259979243
-22.6523390559
-26.0737244480
-23.4097302640
-24.7684489229
-27.1878477541
-29.2638367918
-29.7963828537
-26.3726417262
-26.3114414425
-29.1543821042
-27.9103432506
-23.4148956834
-24.3043450102
-25.2203501384
-19.8517204098
-20.6900776934
-24.6538754836
-25.4207844343
-26.4623436362
-27.7502560899
-29.4770318431
-25.9263241914
-20.9042061582
-22.2559730125
-25.0970434029
-26.0365077103
-23.5444721170
-25.6373518640
-27.1782393731
-19.1094628394
-19.9599543148
-24.0713065443
-25.6927174231
-25.6285603434
-25.8475460518
-28.5693134925
-27.3707456363
-22.3839169855
-23.4322638437
-24.6968997720
-22.9922055194
-22.0066046572
-24.3625211222
-25.3142438725
-20.3271468964
-21.2073736838
-25.3059637096
-28.4710181704
-29.9153436547
-26.4552609833
-28.2181648058
-27.8845551788
-21.4671518374
-20.7683004929
-23.3496226397
-22.6100566182
-21.9185999760
-24.1624842530
-24.3844630643
-23.2271690397
-24.2293561026
-25.9403911776
-27.2076692422
-26.3299036416
-25.9720787416
-27.7499285836
-26.5588861409
-22.1434385169
-22.7004808424
-26.2380216679
-23.9276165472
-21.4098431030
-22.1236702115
-24.2827564918
-23.6843301405
-25.7652828493
-29.6498603617
-27.0141648676
-27.4063803837
-26.9251361549
-28.3838640386
-27.7721177752
-21.1983361627
-21.9385818899
-25.0013268787
-23.5739563167
-25.0378587948
-27.5312743082
-26.3677845063
-25.2981223976
-24.8143226172
-27.1342040525
-25.8754340059
-26.3632158856
-24.9513493714
-26.0386968488
-24.8052889813
-18.5415433229
-19.7154470752
-23.4721616967
-21.7633661245
-23.0689848311
-27.2118261376
-31.9175475945
-25.3676093073
-25.1343676217
-28.7609549339
-28.3114772808
-28.5582848962
-25.3227000937
-27.1364786149
-26.6334918360
-20.3188201221
-20.8884381103
-22.6403460584
-25.0551764908
-26.1513478622
-24.5503707528
-24.0813046476
-22.1919803499
-21.1535085498
-22.2095841372
-25.1876618549
-28.4573382780
-26.1776512496
-28.4011428758
-29.9638816025
-25.4750664245
-27.0067300423
-26.6668533223
-28.3081501900
-27.1633672089
-27.4367138730
-26.6369885277
-27.2733034636
-22.7815077412
-23.1048863216
-24.5412892368
-27.8218765048
-26.0913942838
-28.3403154722
-28.9089571936
-24.8248152451
-25.5028560239
-26.4087620662
-25.7528949842
-28.0319114406
-29.9677783136
-30.0117502233
-28.4447898682
-29.0946577823
-32.5818215908
-36.5502678969
-38.3619354777
-40.0617210342
-35.0573671860
-33.8815739244
-31.2342558821
-32.4908896590
-31.0663418807
-29.7436647826
-25.5266078027
-22.7533634408
-22.3873217720
-24.4155318453
-27.2643941046
-31.9787374915
-26.7575429624
-28.1846208017
-27.9970145851
-30.3498274386
-28.5862894068
-26.3339492288
-25.4118569876
-26.4940908231
-28.9337096767
-23.5121294704
-22.8598522197
-25.5078583129
-29.8975547872
-26.3315840117
-28.3803401801
-29.8924088142
-25.1061145635
-26.7377862678
-26.5093980013
-28.1806231168
-29.4572285848
-27.4247001182
-24.7162201869
-24.0424761276
-21.9889840519
-22.8646124133
-24.4429938996
-28.5251499787
-26.4824861455
-28.5412805266
-28.9845273544
-24.8202181701
-25.4379817246
-26.3941694921
-25.7755709542
-27.2351999108
-26.8362175525
-27.2757075043
-26.5560406507
-28.4500264671
-31.9418055517
-28.8933690812
-31.0506450256
-29.8335595312
-30.3090104467
-32.0908175729
-30.2392452120
-31.6202369170
-30.8845755612
-29.6654394288
-31.3036226485
-32.2275012375
-31.6716242079
-30.4386929998
-30.1157844300
-34.0613997676
-27.0332690746
-28.8495279205
-28.1287607184
-30.4590633018
-28.6196923140
-26.3542250362
-25.3400100472
-26.4361322049
-28.9051058000
-30.8115842253
-25.8785617455
-22.7929544767
-22.3982558474
