-29.2205588399
-34.7142891260
-38.7066448746
-33.5118196512
-33.5913279358
-35.1606622858
-34.9370782685
-30.7996287204
-30.3462103761
-33.6100126832
-34.4098543641
-31.8883352908
-30.8922472804
-33.3935657145
-33.5599886037
-32.1512798973
-37.3182523501
-33.5922652165
-30.9168910164
-31.1737161385
-33.0650205700
-33.2070780571
-26.5201197603
-27.8526514031
-32.9209642359
-31.8471350951
-29.6707562931
-29.8840885183
-33.0313509762
-33.3569354133
-34.6043619829
-35.3434875472
-34.1389208728
-31.6446877646
-33.8991195745
-37.1728703911
-33.8270461004
-29.5026646650
-31.1692536942
-34.4520487858
-34.9069480853
-31.8534682052
-32.5470723290
-33.4596491417
-35.7644220845
-34.3152758073
-36.8665805052
-34.0985789873
-30.4308063784
-31.4420708320
-34.4765941385
-36.4010449294
-29.7847665796
-30.8095607744
-34.0024728344
-31.7226438309
-29.4153552016
-30.7243317150
-35.1555072390
-34.4480705315
-32.3645771557
-35.0982995042
-34.7570506000
-32.9998472397
-33.0068664827
-35.4602993094
-38.9620497646
-28.7850588407
-30.2035288744
-33.1341877003
-34.1334150040
-32.0989902937
-32.9718466415
-36.8959973623
-41.0392367380
-36.4693537383
-37.0997366698
-35.5261587743
-32.9230200444
-33.1557373737
-36.2959064466
-35.5818272484
-28.2882187457
-29.1484219288
-32.8955321047
-35.1850962880
-31.6836081848
-32.1668602483
-36.0911508986
-33.4335334712
-36.8848859392
-38.3117263818
-34.7071572622
-31.8674600920
-33.4699605191
-34.2035478886
-36.1132689011
-28.2875274363
-29.3232868303
-32.8980177061
-35.0262998263
-33.2444799306
-33.4312304012
-32.9500678235
-35.8021424247
-37.3787509214
-39.2695617211
-36.7386327214
-32.3520144958
-33.1591019916
-36.9326936976
-37.7289622143
-29.3677183097
-29.1275208413
-33.2788214054
-34.4779599307
-33.8747606553
-33.0172464706
-34.7729053871
-37.8264224966
-33.9182729626
-30.1351708616
-29.2881349491
-30.6752060652
-32.6446284326
-28.0090814167
-23.5621199247
-23.9424978276
-26.9507793565
-30.5757106688
-33.2137115126
-30.1133143658
-30.7735518774
-33.8282164129
-36.0541490571
-30.3839553117
-30.5202221355
-29.3737057839
-24.9930583735
-26.3998837900
-27.7955058029
-27.2173954702
-24.4122228819
-25.2542048778
-28.8517675617
-30.9083687579
-28.7215089148
-28.9928852040
-32.2520038572
-30.3288952848
-29.3287007972
-29.6482926370
-32.8470433878
-26.0326407836
-26.6564435635
-30.1954312383
-32.4492793211
-28.3910826739
-29.5554190395
-31.1892265707
-32.6908451472
-29.1030220993
-30.0553518730
-30.2048131149
-30.0399022867
-28.0747997861
-30.8132270415
-32.9897934813
-25.5015692036
-26.2701727378
-30.3490312744
-30.9184717065
-27.6844121957
-28.4528020599
-31.6258657784
-33.9751143524
-29.8966213970
-27.4488130790
-28.9707154161
-28.3876856813
-27.0620490272
-28.5875050276
-30.6510193212
-29.8634321051
-29.6534891076
-32.0092793761
-33.6547419238
-25.4214472745
-26.7378807916
-30.5071209248
-33.3930647171
-32.6781232471
-30.5930956700
-30.6532330654
-31.4171008644
-27.1865441895
-26.1111017756
-26.3779858742
-26.4688930033
-27.8134733594
-30.6740720154
-30.1581808317
-24.6304383170
-25.6159704887
-30.0958491058
-30.5840918264
-23.3260948455
-24.6775068792
-30.2551077615
-27.3680568012
-25.9346613451
-28.1479969604
-29.2869271000
-28.5552400623
-27.9750519350
-27.4585237660
-30.3409168093
-24.8688182294
-26.1213548887
-29.3739944752
-31.4084271429
-26.0710408008
-27.3297758848
-27.3601106345
-28.4791559500
-27.2879296955
-29.3853894176
-30.2832352429
-28.6344078778
-29.0235824247
-30.5901556665
-30.8051449493
-25.7984812367
-25.0295035677
-26.9551265765
-28.5398810956
-28.2700466566
-26.4930176123
-28.1998127694
-28.7997601633
