-31.1024453023
-32.6653780478
-33.3577988761
-33.4007868728
-30.7182160826
-31.8813095657
-32.2234375334
-33.7612539634
-33.2941596419
-35.6231283881
-37.2695745990
-34.8542674796
-36.4921643132
-33.7636307910
-35.0968482340
-30.7185410418
-26.3086750288
-27.9134620011
-31.4906812426
-32.2410542600
-33.9661972478
-32.5911478016
-32.0569097854
-31.5055210833
-34.3069749273
-34.8154739593
-34.0521059596
-35.5538046507
-31.4556199715
-30.6498697360
-30.2411340180
-28.8938131328
-31.2661353245
-33.0814695803
-35.0044226226
-38.2320549934
-33.5735921105
-29.1033768197
-30.0638378874
-33.4629477468
-35.0416018317
-34.6737453070
-36.8469015109
-34.7925947442
-30.7955896139
-32.4291472123
-28.5529745339
-30.0939072279
-31.5093880103
-32.8262458768
-35.8890000617
-31.4355448285
-30.6658164455
-30.1802341070
-33.2061796048
-34.2189094462
-34.3174377752
-34.8400697897
-27.7471374734
-28.1563457571
-32.0002146847
-29.4228379078
-31.1227431109
-33.8292469069
-35.9616936374
-37.9515053592
-33.3830342659
-31.7933968405
-31.1804324523
-34.2545765662
-36.1238767385
-35.3498103054
-35.8212738109
-30.5343991435
-31.9837656804
-34.5571406734
-35.4573877932
-37.2031494548
-36.3629634004
-36.8781605696
-40.1173456084
-33.8420658900
-31.7580365222
-31.4295496074
-34.6367486255
-29.7809074206
-30.0712455071
-33.5639021359
-28.3688041423
-30.2825762882
-29.3878348947
-29.5270909165
-32.8683613347
-35.7789615756
-35.2832090610
-36.8945319005
-32.0675732810
-31.5465348562
-31.2519829173
-30.8826777026
-31.7254025998
-31.6038474656
-33.2659053289
-29.4822891786
-31.6008737952
-35.6986985572
-35.0529152145
-35.3682788755
-36.6851831747
-37.9909099599
-40.6513737648
-35.4859657678
-34.4149278468
-29.9327040970
-31.2529875105
-33.7889464531
-32.7101292993
-34.2292013979
-35.1417678058
-30.2572904450
-28.6044330358
-27.0283781080
-28.7156858443
-30.3033427528
-29.0804859503
-27.2614761044
-26.5323004818
-29.6418545769
-33.8085890096
-37.9945914575
-39.4044789936
-39.9501803329
-41.6543337692
-39.9607321934
-41.2371935381
-24.2780273599
-22.1275086682
-23.1080917177
-23.3021605483
-23.8623111643
-24.3104891295
-26.9840100823
-30.4045819575
-31.4214209028
-34.3116380245
-36.8716850597
-36.4879724731
-36.4293626992
-35.0848552331
-29.5084190995
-28.4178585992
-27.9249423965
-28.3082032853
-27.9637372555
-28.6431243285
-32.3469254729
-37.8646037082
-40.8326429222
-42.9942496763
-45.3345388064
-48.7922061648
-50.4652463160
-51.3617619525
-32.7277964941
-28.9072962444
-28.4658980980
-28.2254727679
-28.3306475225
-27.4330152463
-29.9244342810
-34.0772092655
-33.2072321126
-31.5017253564
-31.1367311175
-34.1518434239
-35.6745299441
-36.0253095777
-32.6033363263
-25.1446608809
-23.9721580961
-25.7629370881
-26.3539013842
-26.2048207051
-29.6180044350
-32.6037156000
-35.9403989454
-36.2980786877
-36.9241246593
-39.7078549996
-38.8351758042
-40.5442823565
-34.8127384809
-29.4706443766
-26.5372820922
-28.3095535254
-26.2971493300
-24.8426054634
-27.2289858925
-32.4103446371
-32.8904896954
-34.9673586292
-37.1698747280
-36.5125618325
-36.4020352913
-35.0736946100
-29.4807240227
-29.8122014580
-23.3511904038
-21.9783878661
-23.0566824044
-25.7705207721
-30.3705032597
-36.0051528615
-41.2375827494
-41.1938943676
-44.0582033015
-47.7147359191
-49.7712309327
-50.7637413671
-32.6543883024
-28.8394249863
-29.3505560005
-29.3441154348
-28.4894453221
-28.6230388273
-31.2859114177
-34.9310506815
-33.4018290652
-36.0805482381
-33.5148230956
-35.1600059250
-36.0108594120
-36.1424527485
-32.4775686116
-25.1498741794
-23.9611075085
-27.0004526181
-28.6617896687
-28.2555550624
-28.3238703649
