-37.2455782051
-34.2886694883
-35.2205537012
-34.6244591344
-34.9763844886
-36.9300397983
-34.6987994190
-32.8842148376
-31.5331100003
-34.0727338766
-34.9920282606
-34.1674975641
-36.8248016366
-30.0781391683
-30.8618944158
-33.5101716516
-31.4135148626
-33.3107096375
-34.1313294260
-34.0987589438
-37.0872477946
-33.3572836586
-33.1077095367
-31.7534627479
-33.9448068010
-34.0667503098
-31.6616131795
-34.0744854506
-29.9454751859
-31.3684658565
-34.4996843728
-32.3211179179
-34.7296299719
-36.9631734250
-37.5217068427
-39.2572735205
-34.8656507983
-33.0722728406
-32.1035433528
-34.6625989103
-34.4817504761
-33.5047059140
-36.3762549026
-33.4235366808
-34.1127171669
-35.4159183312
-32.6058905419
-34.0313718670
-34.8026394370
-33.9787042438
-35.9075618294
-33.6848941215
-31.9383606746
-30.8545165752
-33.7028202410
-34.6742294808
-32.6143286554
-34.3749251421
-31.5484327131
-32.2009932976
-36.1087404312
-35.1706797881
-37.0504051828
-36.8330598037
-32.9125908613
-34.7476713168
-33.4297752852
-32.4688353371
-30.0278522821
-32.4551955675
-34.6368729162
-34.3652041050
-36.7873531630
-32.9610018937
-33.6949582307
-36.1434431029
-32.5771856891
-34.3899125522
-35.3149315880
-33.3403504844
-35.4997414534
-33.4485843225
-32.7754126703
-31.0722814521
-33.6131507606
-35.8050850246
-34.4271836901
-36.1585289082
-32.4765316425
-33.9444624368
-34.5488009546
-31.3561763629
-33.7518216072
-34.9068445227
-34.5225778292
-36.9598087875
-33.2177868607
-32.2286676597
-30.9348637510
-33.1905914953
-35.7157275436
-36.3023923280
-37.5176923321
-33.9441439806
-35.5972250510
-37.5660955917
-32.2940804873
-33.9710001511
-35.0824188232
-35.2144044236
-38.2430861539
-32.5692900055
-31.5420840681
-31.6194161544
-34.2565119700
-37.4346589073
-35.4766887724
-37.2817385642
-33.5935727443
-32.2541955998
-31.7677174354
-31.3288476581
-34.1547911955
-36.1849397547
-35.0917048854
-35.5757776532
-33.9271279424
-33.8177432178
-34.1952728991
-36.3306725488
-35.7596230583
-34.9482829177
-37.9070984842
-36.1581832541
-36.7738842941
-36.1681204946
-32.1838879350
-33.2893373257
-30.2764127713
-32.0312368400
-33.5300370641
-33.5940142030
-35.6554024382
-36.4842492439
-36.9782928901
-36.2311486914
-35.6655299860
-37.7749653191
-33.9141885564
-34.9929603552
-37.8065053087
-30.8790282565
-31.8266508602
-29.9391123004
-31.8581248261
-36.1742671819
-35.3497507640
-34.7530399742
-35.2443339471
-37.5568302365
-37.4710678308
-35.8983353234
-38.0384095943
-32.9991585129
-32.9163115019
-34.8170054511
-32.5260508474
-33.8652363862
-31.9853942704
-32.5579585069
-35.4566058614
-35.1333387610
-33.9933214066
-33.1785764546
-36.0099997957
-38.4799163481
-37.5226894326
-36.4804638758
-32.9039365546
-33.9258061710
-32.9830499890
-31.6024519010
-32.8899964558
-35.2764590879
-34.6837472741
-35.9413181513
-34.9795368022
-34.1496516985
-34.2238767698
-37.2446810515
-38.0216045834
-34.9854206900
-35.4444509998
-31.3315934676
-32.7158811365
-35.0561672144
-32.8851236348
-34.5153876918
-33.7193689408
-33.8303201207
-36.2152019853
-34.2131977306
-35.2222418373
-36.2311616382
-39.1434198970
-33.7452813608
-30.3699634354
-32.5992156502
-33.2683404448
-32.2618142384
-33.9407469868
-31.8871196730
-34.1092373109
-35.1839363474
-35.4102571116
-37.6227505370
-36.2777718979
-36.8810617385
-34.7754492463
-33.8824246065
-36.1974001347
-31.5401784316
-33.1734356462
-34.0874675680
-34.7542814809
-34.3574883739
-31.3108024211
-33.0554250929
-34.1774930590
-34.5030101655
-36.9268913638
-36.4612120922
-35.4249843095
-35.8430021381
-37.1718179001
-39.3322274280
-34.1915134139
-34.6930993571
-33.7721504965
-34.2999233239
