-17.8189103715
-19.7062710712
-22.0510853335
-24.6510506602
-20.9094000236
-23.6203024844
-21.7416649810
-21.3440133794
-24.4447803845
-29.2141311821
-30.9476955895
-28.1564802835
-26.4907390531
-26.3961760811
-27.8510486731
-22.6414671352
-20.3240670882
-20.1869393015
-23.6309322677
-21.5754309921
-24.1714505348
-26.9357828099
-23.0993052831
-24.9505984541
-29.7994406265
-29.1745103020
-26.5730422802
-25.1817532466
-27.8396303874
-23.4972870127
-19.1868389768
-20.3578169555
-19.0667531498
-22.1411224624
-21.3263888789
-24.6026629572
-25.9592208979
-21.6650694795
-23.1863053994
-27.0728587855
-27.1879409838
-23.8153421902
-23.6670409003
-21.1017561679
-19.1265656383
-21.5548639291
-24.4131743901
-18.4623534745
-19.4724376657
-22.8903655558
-27.4232967350
-26.6612399610
-20.5392337817
-22.2379523613
-26.5475623670
-25.5704087720
-24.3245197500
-23.4180039466
-19.8725943462
-18.2663764007
-20.4442150321
-25.0993114825
-29.0667723084
-26.7181744869
-27.2804313382
-29.4641144380
-28.2245625808
-22.2370060382
-23.6910839643
-27.8127871775
-27.9632296785
-24.7114431007
-19.3993220080
-20.7543811031
-24.2684655061
-19.9055946108
-19.4705333587
-21.9675379150
-23.2546659943
-24.6727543981
-27.5080028149
-26.8247539431
-21.3928917594
-22.2660021642
-26.5110110174
-20.4264714408
-22.8339345115
-18.5319051171
-21.2187776871
-21.9771670277
-18.9326055198
-22.1499179343
-23.2651081713
-23.2537157794
-24.6052935161
-27.7418658761
-26.6923151781
-20.5096861479
-22.4845296195
-23.1146500762
-19.5319744063
-22.0275639243
-17.1316972459
-20.2622583350
-19.4176442974
-22.6572766032
-26.4817533977
-26.9747563592
-27.1195764590
-27.8689514711
-30.9372625705
-28.7439738046
-23.2488714603
-20.3250134309
-22.9154818738
-21.3130934982
-20.3191075025
-23.4121304068
-21.2491603531
-18.8914467458
-17.7689496982
-19.5462019383
-21.5733855932
-18.9573696714
-20.8497364554
-23.0742602910
-18.2171510507
-16.8135604030
-16.7433019032
-20.5310079987
-18.2509941261
-15.9552987425
-16.8707888987
-21.3071681608
-20.8986070909
-19.7282984439
-20.9622373022
-19.5115445644
-15.1279051796
-17.5289061760
-21.6473181306
-20.5526379577
-15.9686873421
-16.4209796352
-20.3756925902
-19.8801495466
-15.6167345901
-16.3096568519
-20.7718502492
-18.7626392705
-18.0619223656
-20.6460203560
-22.9231044059
-15.7634241869
-18.5846219937
-23.0796988386
-19.0687895435
-15.7407999805
-16.2810814452
-20.5930238650
-18.9465805875
-15.0167726892
-16.6612354796
-18.9597776078
-18.7828141065
-19.1309931198
-21.6638694128
-21.7740063476
-15.9070728005
-17.9394985037
-22.7029108042
-18.2178915559
-13.4280598780
-15.1772107977
-20.0548928035
-18.2058777954
-16.3886447535
-18.9119503846
-21.2666631549
-19.2605397987
-18.4115007998
-19.5650419652
-21.6176474230
-20.2399005020
-19.7839958869
-24.1754835270
-22.1959944791
-22.1155639742
-23.2100985950
-26.8328881333
-25.9672098660
-20.3866342558
-19.0758475158
-21.3819408185
-21.3635007032
-16.3040318668
-19.6217954110
-19.0621392415
-14.2652263255
-15.0840368102
-19.6086126290
-18.5618463258
-15.5536169829
-16.1399533694
-20.4168008713
-22.8718141922
-15.0132255162
-17.8698497515
-21.3656433450
-17.7171908161
-15.3350817533
-18.8429825996
-16.9000271236
-13.5766046363
-13.8702855006
-18.0464520512
-16.6771744189
-14.6434009479
-16.2016935055
-19.0421767325
-21.0930190088
-15.1389428175
-17.6807197338
-19.0032459355
-15.5191227661
-17.0692503065
-21.0908531518
-17.2360823584
-13.5392674616
-14.9337055368
-19.1889918779
-17.8549853134
-16.2394384578
-15.7850062400
-19.1005457435
-22.4950028606
-15.1606025462
-17.4180740342
-22.5767145379
-16.4956746925
