-27.8578427052
-28.5921357488
-27.3501034571
-26.6798846300
-25.8138816334
-25.0662542709
-24.8363293055
-26.7275978947
-28.7309723353
-28.7440087992
-27.3068500400
-26.6429889265
-25.7942686536
-25.0469947127
-24.8181131840
-25.8847123230
-26.5585029333
-26.4437327131
-25.7317064856
-25.0068923177
-24.7880658395
-26.6418962978
-29.6359280487
-29.4628483699
-27.3829885286
-26.6468429095
-25.7780436056
-25.0228027815
-24.7924920296
-26.6547955531
-28.1053921473
-27.5578664153
-25.0411625948
-24.7768158830
-23.8396546049
-24.7148802853
-27.1733355051
-29.0176972220
-28.7432281821
-27.6700617117
-25.0385099873
-24.7604367789
-23.8273042525
-24.6992921759
-27.1856586717
-27.4326786423
-24.9431352359
-24.7037649753
-23.7939828988
-24.6556464963
-27.0983906249
-28.8563076647
-30.6007039522
-29.0379134905
-25.1768339243
-24.7698717227
-23.8161578655
-24.6761734565
-27.1290904398
-28.8795830263
-26.4693318628
-24.3211552239
-23.2875148926
-24.3612614980
-24.2468744463
-25.0727258976
-28.1967471841
-29.6221264673
-26.5403437919
-24.3258092611
-23.2781239643
-24.3139456686
-24.2452031356
-25.0867527383
-28.2087674150
-26.0638170126
-23.5381131211
-24.3993611689
-24.1892459432
-25.0082917568
-28.1506754576
-29.4203005207
-29.8290388432
-26.0056564388
-23.5514797237
-24.3861421497
-24.2286311380
-25.0494634796
-28.1718574738
-29.4284952498
-23.6450990064
-23.0544479452
-24.7410166867
-25.6906072615
-24.5634201846
-23.8936155505
-23.7376347473
-25.4431186505
-23.1027476575
-23.0269742369
-24.7347547741
-25.7072841197
-24.5732706905
-23.8960597291
-23.7401721362
-24.1597306847
-25.0352282150
-25.7486008346
-24.5438538093
-23.8666803905
-23.7293739928
-25.2225988529
-27.6704164299
-26.8197413563
-25.7677775317
-25.9896501755
-24.6108149829
-23.8883647090
-23.7359983903
-25.2303301212
-27.4370232807
-28.3592047723
-27.2097043042
-26.6196423614
-25.7759386088
-25.0321652283
-24.8041342428
-26.6541068340
-28.6250946219
-28.7059570337
-27.2804042360
-26.6307097778
-25.7820283417
-25.0361253674
-24.8084465092
-25.8902868078
-26.5144429893
-26.4177892081
-25.7114280885
-24.9889402918
-24.7665278098
-26.6334905507
-28.5297548371
-28.6225442705
-27.2314507593
-26.6069295261
-25.7577082471
-25.0129665157
-24.7844798358
-26.6410431654
-28.0705807296
-27.5408956869
-24.9881091602
-24.7332375241
-23.8108267598
-24.6939118763
-27.1423974902
-28.8858345823
-28.6252357341
-27.6519996476
-25.0191572194
-24.7447192086
-23.8126119940
-24.6956440297
-27.1277233557
-27.3888115944
-24.8979347607
-24.6684875030
-23.7713664782
-24.6577747987
-27.0687407230
-28.8404761733
-28.5661857838
-27.7406282987
-25.0029075734
-24.7190631002
-23.7910623124
-24.6663695532
-27.0806068965
-28.8266098628
-26.4912802748
-24.3255140955
-23.2913119138
-24.3287868043
-24.2551610923
-25.1034075889
-28.2045522433
-29.3904150049
-26.4192520959
-24.3146667581
-23.2764397076
-24.3559200357
-24.2235511819
-25.0605930367
-28.1996845997
-26.0553555977
-23.5262210523
-24.3619243262
-24.1917535568
-25.0153822051
-28.1435215753
-29.4223433774
-26.3820961813
-24.3198166217
-23.2590780120
-24.3339483194
-24.1770742441
-25.0118207989
-28.1343649690
-29.4126948285
-23.6305724545
-23.1444501685
-24.7725851702
-25.7211025318
-24.5620375664
-23.8853897499
-23.7459200988
-25.2178982107
-22.9558341308
-22.9007973903
-24.6669275218
-25.6724947072
-24.5380566527
-23.8812354229
-23.7462165591
-24.3008302205
-25.0669753512
-25.7671703777
-24.5382780269
-23.8703699610
-23.7283603318
-25.2200239210
-22.9211948877
-22.9283397127
-24.6483916378
-25.6317204236
-24.5131747070
-23.8672590705
-23.7264378714
-25.2281966433
