-30.7020467254
-27.7246466271
-24.7027254181
-25.9586228235
-24.7004158729
-23.7549407516
-25.1302288250
-28.0970537057
-30.5005832687
-27.8011942009
-24.7238219900
-25.9789452338
-24.6707465462
-23.7908370339
-25.1488190804
-27.0932265375
-24.7804911978
-26.0240499036
-24.6758368567
-23.8948337261
-25.2293695205
-28.1776106111
-31.6370484113
-28.5158509622
-24.8428811895
-26.0295156479
-24.6883101950
-23.8864448087
-25.2230338168
-28.1701822772
-31.3211409871
-31.7680980350
-32.1437466563
-29.8229167202
-30.3343467650
-28.7410636288
-29.1629588358
-31.7024754866
-32.5700331081
-32.0563505120
-32.1149887239
-29.7602082738
-30.2715386361
-29.9966579146
-29.4229194635
-30.8897655578
-31.3021791414
-29.4588597455
-30.0506991126
-28.7428682830
-29.2479186273
-31.5920602610
-32.9249632225
-32.4286487925
-31.9869373556
-29.6322811789
-30.1300921813
-29.9270726295
-29.4737358450
-31.6924968198
-31.2282246781
-27.1124433709
-27.5256506389
-30.0702978698
-31.6795146928
-32.3512726512
-28.9068599553
-29.3059898730
-30.8158162272
-27.0461748049
-27.4762725389
-30.0859688325
-31.7125162760
-32.3659752627
-28.9268289433
-27.0714360644
-27.4641603922
-29.9684670371
-31.3960754815
-31.9176666714
-28.7678304871
-29.0564247751
-31.5050977525
-27.5068208743
-27.5682541703
-30.1072259329
-31.5967608834
-32.1284860860
-28.8191168041
-29.0652784485
-27.4836814522
-26.4038672346
-25.6199888783
-26.7719944269
-28.9999238599
-28.0564684293
-27.8795205468
-30.4664799916
-27.7502716633
-27.1711489712
-25.7783879641
-26.8319596537
-29.0508256840
-28.0798900788
-27.8845927346
-28.2148467927
-26.1177960623
-26.9349167848
-28.9042811461
-27.9841191981
-27.8426468538
-29.9391511408
-31.5563568797
-30.5588266614
-26.2824505867
-26.9681772915
-28.9994785225
-28.0151206480
-27.8523057598
-29.9560079439
-30.9803490250
-27.7898808161
-24.7098598819
-25.9625130543
-24.6930224912
-23.7700162067
-25.1486080638
-28.1332684538
-30.5951035732
-27.8058806026
-24.7249819401
-25.9737112226
-24.6951585574
-23.7964891984
-25.1556532011
-26.5159447177
-24.7001336440
-26.0197544657
-24.6772453663
-23.9079103410
-25.2376069722
-28.1683077168
-30.4056318667
-27.8260191816
-24.7396716068
-25.9843112917
-24.6709562682
-23.8671904291
-25.2107235977
-28.1705499398
-31.2677211965
-31.6609581116
-31.9311730768
-29.7061722584
-30.2287124399
-30.0157621203
-29.4532749144
-31.6812274504
-32.4832777354
-32.0396309365
-32.1184103150
-29.7702413146
-30.2803923089
-28.7446962373
-29.1852762029
-30.8201958081
-31.2604818274
-29.4342794424
-30.0226130717
-29.9281044160
-29.4964739524
-31.7082079134
-32.3992409920
-32.0561524299
-31.9619725596
-29.6389612418
-30.1367813070
-28.7470044850
-29.2459171974
-31.5974353815
-31.2170640536
-27.0923112630
-27.5083666210
-30.1034794014
-31.7313576781
-32.3965883329
-28.9254657444
-29.0800794497
-30.5104544885
-27.0165805684
-27.4716236805
-30.0233497121
-31.5970858236
-32.2433896382
-28.8706801618
-27.0591245511
-27.4653527058
-30.0377338562
-31.4611491335
-31.9763787280
-28.7760381619
-29.0546563706
-30.6077374395
-27.1634539427
-27.4847197127
-30.0014103646
-31.4216319001
-31.9488273521
-28.7840723624
-29.0604354023
-27.4480130182
-27.1463602382
-25.7888987084
-26.8361411668
-29.0353618550
-28.0658968988
-27.8790985117
-29.9828641287
-27.5255962631
-26.4340453300
-25.6553504971
-26.8006319646
-28.9667967000
-28.0392789167
-27.8647402584
-29.0219136977
-26.1947048366
-26.9481759360
-28.9264975348
-27.9868041694
-27.8438572917
-29.9463386818
-27.3277343253
-26.6597331081
-25.7357067504
-26.8098131681
-28.8810446223
-27.9870825053
-27.8426546213
-29.9448201325
