-22.7487119879
-23.9825950438
-23.0035965837
-21.5616449738
-22.3527679145
-25.9943740773
-25.2587656434
-20.9046786845
-22.6515908058
-27.3989908893
-27.1706764060
-23.4587458808
-22.9297753683
-25.4192231618
-25.4616389626
-21.9689023985
-22.9739415014
-21.9065318400
-21.8005660328
-21.7706934461
-25.3759295792
-25.8509546559
-20.7436321472
-22.4552163148
-27.3533282552
-26.5383824678
-22.9557020204
-22.2111790295
-25.0102724676
-23.2814639717
-26.2008618553
-31.2438891318
-32.5098866345
-34.2959113477
-35.9393503195
-38.5206400878
-38.8180672249
-33.1580494840
-35.3224349780
-38.6513906561
-39.0361181461
-37.2389097172
-36.1324313135
-34.4126545530
-34.3907682706
-35.8575649032
-37.0312297862
-34.7523719549
-34.1137294883
-36.8040118232
-40.0497281075
-39.9493951412
-33.7599011107
-35.6434093729
-39.1950984542
-39.6991634192
-38.3155880584
-34.6628746471
-34.0834362267
-34.8454656083
-23.7054823540
-24.6883554983
-23.2147655987
-21.5492713182
-23.0364661014
-27.1148875175
-27.5320057296
-22.9632805661
-22.7294912496
-26.7101067153
-26.5153427085
-21.1199981572
-19.7933928263
-22.6338368667
-22.6369917618
-21.9742205602
-23.7406808967
-23.2892832889
-22.3740043267
-24.2640160304
-28.2173595663
-26.8791951970
-20.8963078990
-22.5226707418
-27.1030912651
-23.8675024221
-21.1358645829
-20.3198622531
-23.1447686232
-21.7249246825
-20.7093786681
-23.4527183004
-22.8545482818
-21.8623980767
-23.3206523775
-26.8419991424
-24.1098800141
-20.1817544989
-21.9323885974
-25.4501676503
-22.1998164422
-19.4337541076
-19.7425427507
-22.9350106840
-22.6074337532
-23.2749625343
-26.0214322505
-24.2138145896
-23.1630468550
-24.2146547523
-28.2063439099
-25.8953006905
-21.0884995809
-21.8409377338
-25.7004875132
-23.2254899170
-20.9297120466
-21.8579511621
-24.1487681176
-22.7281875819
-22.2246466501
-25.4302116221
-25.2254301005
-21.7747584920
-21.6811068293
-25.3015608240
-23.8233428103
-21.5983555642
-21.3380362753
-24.8131380675
-22.7294692501
-19.4439516136
-20.8011454426
-24.4946582307
-21.4624486180
-22.1912644389
-25.5801311611
-24.9557846362
-20.5123892623
-21.5849203587
-26.1207127585
-23.2689259079
-20.4603908912
-20.3551177284
-24.1909767837
-23.5547381813
-19.6559401316
-20.6473576474
-24.4335408112
-23.8006409475
-23.7658295254
-26.5594402241
-25.1251048431
-21.6900705355
-21.9048216902
-25.2062029035
-22.7630080949
-21.3120137778
-21.2241346846
-24.8970168852
-25.3294928111
-20.1225077553
-20.6903430936
-24.3019513061
-23.9471324333
-24.0301633108
-27.0720665245
-25.0834437680
-20.7334424658
-21.0638377295
-24.4588046660
-22.0362610341
-20.6639788314
-21.5122487492
-25.2901451557
-23.9081925720
-19.1242897512
-20.9798747353
-25.1800535585
-25.1258388851
-23.9833510719
-26.5749234677
-23.8246166693
-19.1195088414
-19.5480881358
-23.3393112653
-21.8903326820
-21.4402619932
-21.8801559304
-25.5255332717
-22.6053922161
-20.9488978791
-22.4665711364
-26.0910900431
-25.3088726454
-23.5156960521
-26.3488473116
-23.1956859899
-18.6430078317
-19.1396202380
-23.1578620581
-22.4549910755
-22.2595175808
-21.2588956191
-24.6142753897
-23.8907816883
-20.6748417209
-22.4265101630
-26.3213321798
-24.9272195949
-22.9110453134
-18.9946097361
-19.5243467164
-23.3024828780
-21.8248123760
-25.4124408152
-23.6100221857
-26.3500668075
-22.6959329884
-20.9235977786
-22.4768216704
-26.1003333883
-25.2686563280
-28.7803801808
-25.2300517603
-22.4043688657
-18.5701769889
-19.1022804824
-23.1367499455
-22.4976412192
-26.0133333110
-22.4452078790
-25.1093562054
-24.2562873822
-20.7205263776
-22.4269619738
-26.3385035692
-25.0063537615
-28.3682047202
-24.3928157188
