-26.4561037829
-24.7375821453
-27.3327042192
-30.1664558007
-29.7387013368
-26.0863492754
-26.7652781157
-27.8610597275
-31.3740532481
-31.4097268520
-33.5719556957
-34.0244211702
-35.3630150319
-33.0162262477
-34.8028180073
-29.5833238419
-20.6991475863
-21.3557319916
-25.0741085276
-28.8924680489
-28.6340894081
-31.0703550938
-24.0306513696
-25.5999564547
-27.3051075551
-29.4227213868
-29.2568085534
-29.4712593071
-24.4036501313
-24.1464870657
-27.1317417684
-26.2947621126
-27.4387890980
-30.9051232263
-32.0941019407
-30.7170949913
-33.3711590266
-26.5099313667
-28.2315767250
-30.1757988555
-32.6826154636
-33.1595292135
-31.7985933062
-25.4871138318
-25.6556016508
-28.6457277306
-22.3998481780
-23.3745822833
-25.0934185790
-28.2721775304
-27.7345735191
-29.7963479482
-23.7515424751
-25.4007960321
-27.6242786792
-30.4231709089
-29.2125000531
-28.5944064532
-21.3306674999
-22.6848047332
-26.9999075935
-24.9179943825
-25.1030049876
-27.1635613985
-31.6889587001
-24.7345864723
-26.4812265085
-25.0381682302
-27.6335945064
-28.7614701971
-31.5610303224
-27.9509933311
-30.1878242636
-24.2690364704
-25.8916021082
-28.4168475203
-29.4036858064
-31.0798741961
-30.2038719467
-32.7006503277
-27.6600066544
-28.8415105528
-24.8949766422
-26.9716441893
-27.2812146756
-25.4720539482
-26.9435931073
-29.5843918727
-21.8267788562
-23.3253750515
-25.9809894037
-24.7134251839
-27.2466233309
-24.1122297210
-26.3335789678
-26.0751420581
-28.9380814848
-24.3089951670
-26.3314312527
-22.8056401166
-25.0315049758
-28.7553157240
-30.6857556554
-24.7379757094
-26.5778091074
-31.0506139581
-28.2272657617
-29.2308417499
-30.5839364736
-31.9264517769
-29.2503058488
-31.2597128789
-25.1980457259
-24.5978768962
-25.0665326135
-27.2520476482
-27.3198813691
-26.5781560670
-27.5229216566
-27.2492073341
-25.1878935903
-21.1822613143
-23.3401890070
-24.0458187539
-23.7435018115
-26.1690590946
-27.9078797529
-23.4459320883
-25.6505152028
-26.2389136687
-28.8410289665
-27.2187716119
-28.1523817363
-25.0232701331
-26.9845615755
-22.7106317307
-19.7917862705
-21.5838160832
-23.0701279774
-23.5942217837
-25.4680743905
-27.8355369782
-21.7428534192
-23.4581089784
-24.1121196888
-26.0736972894
-28.2952483587
-26.9520855960
-25.1739767906
-24.8606985990
-22.7306162647
-20.9317057835
-21.7654620788
-19.2673312013
-20.9270206729
-23.8347934312
-27.0562272547
-22.6089846912
-24.1624971974
-24.3165050627
-26.3569799055
-21.6348409043
-23.3563532075
-22.5670142206
-20.6875235075
-22.1706675808
-24.1581901287
-24.9120794280
-24.3203292779
-26.3549823644
-25.9531726281
-27.4794365070
-21.3453869487
-23.1400006637
-24.7643969238
-26.8849341186
-28.4957033485
-30.6730829446
-22.7097773007
-21.7088071041
-22.6029674755
-25.5807085530
-27.6246696451
-30.8545308040
-34.6742501874
-28.1225855344
-29.7377355694
-25.1599874844
-27.2457507877
-24.9291343034
-26.9682161322
-29.7012580331
-26.0116154216
-21.2649659596
-23.3962005736
-24.5523838472
-25.8588167246
-28.0300886566
-33.1690586453
-34.3368694995
-26.2233799223
-26.9513554383
-28.7381935394
-27.0700948807
-25.2580549808
-24.8868285256
-27.0777083403
-22.4944358309
-19.7912762036
-21.5851041965
-24.9387945059
-25.5286208761
-27.9784851474
-32.4921378469
-36.6196149921
-26.7745447392
-27.3254636124
-21.8843503992
-23.4942279329
-22.6561477775
-20.7262627085
-23.0021181773
-22.5551830005
-20.8969940413
-21.7951456475
-25.3555127069
-25.7212721280
-27.4132469129
-31.9659923035
-33.3686462352
-27.1442254576
-27.8818443283
-28.9194006220
-29.9966333344
-22.6814634059
-21.7314778990
-24.8737596689
-25.7851224120
-25.4306323727
-25.3349365670
