-33.5377592771
-34.3322051154
-35.5878600248
-35.8313185088
-35.6345660865
-34.5997610294
-34.8433256777
-36.5487105460
-35.0488540966
-34.6797185254
-35.6876298578
-35.8552295058
-35.6307095157
-34.5925967921
-34.8363763417
-34.8195506107
-35.7204398368
-35.9110248527
-35.6262211872
-34.5788366407
-34.8332874603
-36.3042901916
-38.1498099826
-37.0879106308
-36.2847613699
-36.0107079475
-35.6499871907
-34.5836952208
-34.8333586625
-36.0336221102
-35.1278005222
-34.3071652399
-34.4175493859
-34.6630222546
-34.4235472013
-34.7287522536
-34.3851057722
-35.4325446959
-34.8979118804
-34.2492027534
-34.4048702134
-34.6679002535
-34.4150974404
-34.3318089723
-34.3055327667
-34.1626105035
-34.4216350984
-34.6972187359
-34.4122027466
-34.7013963632
-34.3550040651
-35.2497220130
-37.2122037950
-36.1731719708
-34.8152940135
-34.7829280767
-34.4295903274
-34.3177161122
-34.2763683396
-35.2390999375
-33.4150674951
-32.4232775697
-33.5223847779
-35.0302185386
-35.7750817083
-35.3582523113
-34.0969685334
-34.4645765031
-32.9278100118
-32.2903637397
-33.4732008758
-34.5397556845
-35.6224384081
-35.3186457572
-34.0934498495
-33.2472386996
-33.7807633798
-35.1290290857
-35.7992283198
-35.3696744406
-34.0909215234
-34.4610733557
-36.2243806010
-34.6631271132
-34.1029236292
-34.7363307563
-35.6737777916
-35.3377667876
-34.0859244226
-34.4605619943
-32.9817385730
-32.7364948341
-33.8148342872
-34.5417415816
-34.5422348190
-33.5848226487
-31.5892769019
-32.3802727203
-32.4067858398
-32.4321869074
-33.7202104261
-34.5044588079
-34.5275102012
-33.5817415346
-31.5899578540
-31.9494617494
-33.5374356316
-34.4633984327
-34.5429520195
-33.5851398222
-31.5764436724
-32.3038222504
-34.5971822142
-34.1615968429
-34.2080776490
-34.6466975286
-34.5760727002
-33.5913279421
-31.5826162577
-32.3100530919
-33.4947298371
-34.3173044338
-35.5755912364
-35.8301585601
-35.6264024293
-34.5894768406
-34.8365977159
-36.2263820285
-34.8967558141
-34.6500854586
-35.6828709609
-35.8561991505
-35.6253680553
-34.5857303095
-34.8405591481
-35.3423975205
-35.8659227833
-35.9114352364
-35.6205729099
-34.5731029206
-34.8326233378
-36.0240447657
-34.7837812050
-34.6184237761
-35.6498719725
-35.8464586881
-35.6123354614
-34.5757697671
-34.8310763079
-36.3018757894
-35.1370710499
-34.2904832083
-34.4141523930
-34.6650702892
-34.4016635244
-34.3413876121
-34.2995077648
-35.2348562861
-34.7607129836
-34.2159034195
-34.3912615284
-34.6483986146
-34.4070308768
-34.7102021351
-34.3617579188
-34.1683377508
-34.4308499595
-34.7102073143
-34.4040455621
-34.3345858588
-34.2771696882
-35.2312159109
-34.6330318801
-34.3005395502
-34.4315231440
-34.6813846582
-34.4039523519
-34.7085864922
-34.3495849293
-35.2564991691
-33.4102930627
-32.4141831044
-33.5142767873
-34.5513486997
-35.6254030093
-35.3192373829
-34.0943521757
-34.2188848487
-32.7829691662
-32.2519663246
-33.4602718479
-35.0195097257
-35.7679368900
-35.3548786210
-34.1062856669
-33.2520118373
-33.7800785440
-34.6307572922
-35.6535162315
-35.3299526685
-34.0935314083
-34.4603199068
-32.7405650089
-32.2183679390
-33.4485105363
-35.0027785004
-35.7590029545
-35.3569836173
-34.0993984708
-34.4653480777
-32.9801876590
-32.6247358316
-33.7700222018
-34.5222606559
-34.5284811404
-33.5761243271
-31.5889869146
-32.3028072952
-32.3294718812
-32.5609282871
-33.7383605182
-34.5148763390
-34.5348595642
-33.5766654639
-31.5786975464
-31.8292905252
-33.4972063794
-34.4524177567
-34.5289420130
-33.5855036008
-31.5676534346
-32.3063104444
-32.3070703686
-32.6064148537
-33.7580511674
-34.5229273676
-34.5528530110
-33.5851514735
-31.5735748701
-32.3013612428
