-32.4154375575
-32.9673790286
-34.5689951962
-35.0778502298
-35.1034428948
-34.5276590759
-33.6445884908
-34.7254394051
-33.7477967503
-33.5207056969
-34.8666916510
-35.1667209478
-35.1742606153
-34.5934576893
-33.7106175423
-32.8885141567
-34.8489778353
-35.1830547356
-35.2282448384
-34.6852321646
-33.8011233264
-34.6056293834
-36.1875392832
-35.4090570273
-35.4501704799
-35.3165355811
-35.2601007080
-34.6890977974
-33.8046963829
-34.5195459065
-33.0932606634
-32.5238526434
-33.4520576996
-34.5668345357
-34.6478354694
-34.2461035137
-33.3948098217
-34.1982258489
-33.1210994364
-32.5693948772
-33.4822785096
-34.5789751604
-34.6528960049
-33.2681164831
-33.1210528330
-32.9265426154
-33.6874561110
-34.6535717780
-34.6857215200
-34.3093362587
-33.4821865926
-34.2150451064
-35.6423685542
-34.5705305775
-34.0289264020
-34.7493737092
-34.7092920418
-33.3048438810
-33.1996419566
-34.1203888820
-32.3541544481
-31.1661764720
-31.3118937615
-32.8266290703
-34.4208738813
-33.8282241853
-31.8849357065
-32.4773731279
-31.7207162000
-31.1117624390
-31.3192133499
-31.8483558860
-34.0495983473
-33.7404823422
-31.8716170076
-31.2460187600
-31.4588616199
-32.8946479021
-34.4620999632
-33.9246656446
-31.9984035644
-32.6790087491
-34.6449796131
-33.1396340213
-31.8082768098
-31.9748226810
-34.1126602074
-33.8144031882
-31.9482655503
-32.6528503487
-31.4612811980
-31.8905697435
-34.2855469501
-35.5983474626
-35.0066829720
-33.0238747535
-31.4649565287
-32.2349852401
-31.3045003798
-31.1912383564
-33.9378898366
-35.4875128056
-34.9768233532
-33.0099566618
-31.4575786840
-32.2357891755
-34.5075308574
-35.6915563356
-35.0378811924
-33.0425452697
-31.5192812344
-32.0374651049
-33.6481369536
-33.1736881026
-34.7334774903
-35.7444738190
-35.0424329557
-33.0362095668
-31.5083484571
-32.0318582537
-32.4960449423
-33.1154485704
-34.7072686005
-35.1211476481
-35.1648373262
-34.6101384261
-33.7333582355
-34.5424523065
-33.6305176391
-33.5284693277
-34.8875254185
-35.1687534474
-35.1916158310
-34.6330279960
-33.7533065072
-34.0302404031
-35.3117922174
-35.2935333827
-35.2955374018
-34.7566661090
-33.8747930226
-34.5456240412
-33.7282355604
-33.5956052498
-34.9631797118
-35.1904429359
-35.2339966824
-34.7056115327
-33.8327604127
-34.6165362679
-33.1950138104
-32.6065559623
-33.5356076752
-34.5968986996
-34.6709049867
-33.2987347308
-33.1740363448
-34.0924115903
-33.0818760769
-32.5783145733
-33.5024287370
-34.5784249616
-34.6547537354
-34.2858667141
-33.4562741642
-33.0300460428
-33.7263855989
-34.6665512943
-34.6968433057
-33.3224864958
-33.2317994671
-34.1365103581
-33.2853487115
-32.9031274415
-33.6204833061
-34.6202245448
-34.6829718200
-34.3076377622
-33.5140864802
-34.2291004237
-32.3953404007
-31.1961979180
-31.3318226161
-31.8400873666
-34.0415123649
-33.7514086459
-31.8962361461
-32.4225474190
-31.7098067253
-31.1293985822
-31.3310549266
-32.8489050079
-34.4295294813
-33.8765989707
-31.9513880912
-31.2910819989
-31.4845772730
-31.9161145088
-34.0807823284
-33.8441113418
-32.0005577553
-32.6741333392
-31.8661422045
-31.2047952624
-31.3826454672
-32.8546452014
-34.4440845085
-33.9302686119
-32.0279757884
-32.6871749963
-31.4789445272
-31.2319699109
-33.9760412781
-35.5040071216
-34.9809867407
-33.0356800813
-31.4958790061
-32.0100587232
-31.1294633108
-31.8184651964
-34.2776655123
-35.6083390748
-35.0064214657
-33.0364296465
-31.5085931337
-31.5275238600
-34.1597455823
-35.5754332963
-35.0173179935
-33.0442230528
-31.5332718236
-32.0433062762
-31.1764075835
-31.6704966249
-34.2321918943
-35.6015321433
-35.0204004020
-33.0462749713
-31.5374442737
-32.0463912741
