-21.4126277397
-19.6854463561
-23.0549152834
-25.5925397754
-23.2563037081
-23.6171501978
-22.9987328423
-22.3526644018
-26.3154081560
-29.7544499761
-32.6001684589
-31.2456950894
-31.2316488292
-27.2553876845
-29.0161514993
-23.8476538323
-20.4086126309
-22.3045135358
-26.1977069762
-25.0222383363
-27.3313397464
-30.8578604726
-25.8797656462
-28.8807752655
-32.7236938896
-34.3310929551
-34.9868329392
-31.4337568828
-30.2227521101
-24.2159532435
-20.6344584028
-19.9149130842
-21.4080099760
-25.9247616187
-23.0726109853
-25.3352291340
-28.8999973558
-23.4132463905
-25.8983041731
-28.0765358224
-30.6527372281
-30.2674308923
-28.6991319693
-20.6957972035
-19.8824629810
-22.7067427864
-22.7052863908
-21.1051233854
-22.3258353954
-25.9758977825
-28.1712101935
-28.9768284459
-22.3475857274
-24.7710847353
-27.6153434413
-29.7065425124
-31.3325721109
-28.0845881240
-19.5878384231
-19.0544481217
-22.2963706019
-27.5576126618
-27.9997448659
-29.4171417136
-32.1478919538
-30.4404756454
-31.1090593257
-23.8339118206
-26.8748311573
-28.8773654152
-31.7909461713
-26.6854435844
-23.6967245118
-21.3245635366
-24.2851708963
-22.9752606981
-20.5916852816
-23.5260333294
-27.4921415655
-30.4215863265
-29.5420964611
-29.8314946620
-24.3676412121
-26.5876246517
-29.2808800841
-22.4077555147
-25.1308075125
-22.6596069070
-21.9479094196
-23.7018808608
-20.4931698468
-22.9225684426
-26.1320533504
-28.4749938431
-30.9326486933
-29.9791150082
-31.4808980432
-23.3913368115
-26.2631741967
-22.8208696397
-22.1311982361
-25.9459578888
-21.4227009328
-23.7827303393
-23.6291497169
-26.6510425442
-27.6465585051
-29.2651262696
-31.9615363259
-32.7344092264
-32.2225714564
-32.8660051808
-25.0398900214
-21.5360251456
-24.8343667085
-22.3110499243
-22.0046446640
-23.9021753521
-20.9081676196
-19.4302393675
-19.5004473653
-20.7577612833
-24.3227915668
-21.0353878878
-21.5773366728
-23.1148429809
-23.7360255355
-19.6474515159
-21.0865136606
-24.6037892260
-24.3741580900
-22.2162330519
-22.2419008251
-24.2885264439
-26.0665873782
-20.8460468774
-22.1757035170
-24.9472312865
-21.9508713658
-22.4858552862
-25.4140422313
-24.4681476787
-18.2668553772
-19.8801080875
-24.0206338357
-24.6317535782
-22.3440255283
-20.8897637259
-23.3601502159
-20.2461226276
-19.6186702801
-20.6293059565
-21.6804168247
-19.8339327887
-21.3851048406
-24.8287922036
-23.6567748483
-18.1879140936
-20.0392580645
-23.6520418567
-23.8801401625
-21.5929596780
-22.6042348124
-21.5709647273
-19.8632202419
-20.4624428243
-23.6313388427
-21.8091284705
-22.3476206282
-24.1897235760
-28.3292518781
-23.1696582921
-16.8209615265
-19.2232802545
-23.3798900493
-23.1048008287
-23.1945233701
-25.3016267927
-24.7594515942
-20.8606601697
-19.9454290212
-20.9689768557
-23.4280473401
-22.9010340721
-22.4978620540
-26.4142711969
-24.6316683786
-22.7174953784
-24.3602381676
-28.3064422511
-29.1956219256
-20.1585800374
-22.7056500819
-22.3280724124
-21.0714304373
-20.1432431198
-23.9636590864
-21.4865097765
-18.3210078852
-18.8599895283
-22.9819394084
-21.6524433609
-16.6911494664
-18.0857880398
-22.7647207935
-21.8178462188
-18.7158541885
-19.9675367061
-22.6730252957
-19.3014500073
-20.6831697596
-22.5062100785
-19.4737270815
-17.7765566256
-18.4360047083
-22.2816575717
-20.7406222102
-16.2186991849
-18.6605688799
-20.6337709757
-21.4734526093
-18.1246437676
-18.6916855847
-19.8124802319
-21.1177753458
-22.1349874429
-24.3004107486
-19.8629379979
-18.2046400968
-19.5515666262
-23.8381735243
-21.5839688030
-18.2273730867
-19.0746863585
-22.3959307376
-22.3403774800
-20.8558325978
-21.9824113888
-25.8169212971
-22.7884751322
