-27.5745588065
-24.7162137201
-24.6886765794
-23.2432995944
-23.4097160579
-21.8830208699
-23.1344067686
-26.2721210924
-30.4163406698
-32.5364308234
-30.4627308399
-30.8883518339
-34.3718685830
-36.2803105532
-35.2284169946
-28.1102921493
-28.2380263665
-27.0580396983
-25.9842621178
-22.7687664251
-24.4727771477
-28.3403400780
-29.7359723561
-29.8621310481
-31.7814076788
-27.5220089710
-28.3728523179
-31.9756991139
-34.2081902761
-28.4112186615
-25.5182667880
-25.1638142895
-24.8011709390
-23.5019035475
-21.1437059467
-23.3359621826
-27.9225189235
-30.3818542096
-32.9533703140
-32.7484969393
-27.6998099995
-28.7707510809
-32.9518142170
-25.6493267817
-24.4722657928
-22.4929625960
-22.9445984239
-23.8333771628
-24.8719304273
-25.5680759904
-28.1673536192
-28.6423527549
-28.9220415795
-31.2523725836
-32.9284987336
-26.7713963308
-27.3526408712
-24.5090553367
-24.7166901304
-23.9254843802
-23.0537268653
-21.9494603355
-21.9623220507
-25.0931001003
-26.7720306870
-29.0509434966
-32.4925961627
-30.3627383552
-32.2728402243
-34.5099763288
-28.4512848028
-22.5519348758
-22.8205925959
-24.1687914946
-22.8937289530
-21.2259471331
-22.0920900824
-25.7316935354
-31.0237448303
-30.5963153057
-32.0108885504
-33.0301237192
-32.0565718977
-32.1508876533
-32.6593103356
-25.8666502587
-24.7072021092
-24.6958757756
-25.7658084815
-23.6265786711
-24.8155809765
-28.3018106072
-33.3801512166
-37.1659365945
-29.1714111874
-28.1820950735
-30.7951429832
-29.5844048241
-29.7715152123
-22.9695010692
-22.1255797326
-22.6857083657
-24.5614084048
-22.7471753189
-21.0231734905
-23.7177188191
-29.0107621329
-33.6896465395
-36.1011295726
-28.8811922073
-29.7370675726
-31.4158723078
-29.9814141933
-24.2686830477
-24.4370646977
-21.1664052206
-22.7166114273
-22.2775305006
-21.1237123583
-21.9990714698
-24.3355393693
-26.7976155885
-28.2720325529
-26.7405062198
-28.7695652356
-25.8805489373
-23.7910118300
-25.6947201646
-29.5189427859
-31.6195999871
-28.4138440858
-29.3325392439
-33.2817458744
-35.9633235205
-36.9083088873
-31.1328719485
-31.6679359369
-33.9425852916
-30.4533114611
-27.7980768509
-30.2859409205
-33.1436537089
-30.8720077245
-31.5557950276
-32.4090720772
-27.7966644547
-29.7134944522
-34.0880811942
-37.0948405451
-36.8051472448
-29.6147978098
-30.4370009706
-32.8829060090
-33.5782836933
-31.0871523578
-31.0810911068
-30.5268063993
-30.9029353829
-29.1702486579
-29.0828899987
-29.5257600823
-32.0197189162
-36.3014304457
-33.4642384536
-31.6780116989
-29.1661499979
-30.1525403245
-31.7388947776
-26.8090752594
-26.3107127061
-29.4161591300
-32.8731771951
-30.8987499849
-31.1222395229
-31.9254963788
-27.3421197679
-29.2285710419
-30.9417897895
-31.4052502308
-30.7911970876
-29.3249943943
-25.9860408731
-23.8091800524
-26.7562885059
-31.0220139772
-32.1879995450
-28.5544969682
-29.1201015746
-33.1107634593
-35.9131453808
-36.8693819926
-34.3465840779
-28.9154391860
-28.6383278872
-28.9663798543
-26.9041755580
-29.8064275951
-32.8526152915
-36.7466759731
-35.4943870455
-33.5042618664
-27.9972825631
-29.8110013695
-34.1039100946
-37.1997408155
-36.8717057745
-35.1593262753
-30.6260260493
-31.5428698826
-33.8645865011
-31.6180568330
-31.2482117846
-30.5501089452
-33.3356485341
-30.1434613878
-29.3137340918
-29.6276193978
-32.0566858146
-36.2814070900
-33.4538701162
-31.6998539511
-33.6753064190
-29.3214058024
-30.3240755379
-32.7762865133
-29.2676248122
-30.8323959756
-33.6723910119
-37.7680612842
-34.3628440745
-32.6999098396
-27.4845009277
-29.3730908483
-30.8916867273
-31.3914149919
-30.7781580187
-31.8287079634
-29.4839812011
-30.2716538786
-31.7757076203
