-23.7255420099
-19.6684782106
-21.9954660390
-22.9787638486
-19.8609327147
-22.5011288376
-21.5513621076
-19.8171951161
-20.8989928869
-24.4823221286
-21.7588337974
-23.0441676338
-25.9173824988
-20.4709884027
-21.4741698092
-20.9936776354
-19.6734429520
-20.8852560304
-23.2983350432
-20.5355118831
-22.8186325889
-21.8435346971
-20.9813130420
-21.6278151973
-25.1612251088
-22.5624287980
-24.4162969442
-24.9219998404
-22.2481653999
-21.7416248661
-24.5327488536
-26.1602352030
-29.6316649685
-32.6394837513
-27.7245094074
-30.4401623439
-31.5072661840
-30.5746504118
-31.0258045274
-33.9037995021
-30.8156738182
-32.7174967814
-33.8115473331
-29.5805637869
-28.4185395526
-29.9011951741
-28.1591731322
-29.7011156260
-33.3868002155
-29.2547242715
-32.1878571274
-32.9636079019
-30.3769567890
-30.4511003144
-33.9058307095
-29.9361140386
-31.8117048678
-32.4393213691
-30.6235805793
-28.3777782176
-23.7496420288
-19.9773548661
-21.7395483459
-25.8916111676
-21.5909803290
-24.2873678075
-23.9089758163
-22.5456807392
-22.0381006561
-25.0852341964
-21.1566608692
-21.7087268369
-22.9335167664
-20.5549811685
-20.6641380995
-22.8847458149
-21.0060409327
-22.9008931872
-27.0752641560
-23.8683348690
-25.3678358798
-24.0733442427
-21.9894578709
-22.0462423093
-24.9179154168
-20.4213617305
-22.3468698281
-23.8494339146
-21.2128485055
-21.4096204453
-21.9653682083
-21.3640238201
-23.8743767019
-27.6858245850
-24.2406358410
-25.1053922025
-23.7936372475
-21.9778687354
-21.4649588320
-24.0291302332
-21.4939420263
-23.1711173490
-23.5015423571
-20.6904078432
-22.1473210124
-23.5861099046
-22.1328954384
-24.4241589653
-25.8592918362
-23.1442300857
-25.3526905129
-23.7767286573
-21.9436968367
-20.7080776539
-23.1515652131
-18.6787850390
-21.3586668128
-22.8254162271
-19.9099509332
-20.5425609059
-23.3233542144
-23.1803671709
-25.8841271710
-28.4335360314
-23.9233677234
-26.2953213664
-25.3369846000
-21.7592571289
-21.3455280681
-24.9741638819
-20.9517589258
-23.4311945296
-26.2527074858
-22.5751778826
-23.1360094681
-25.9846440134
-23.9500103117
-25.9535881859
-28.6777920436
-24.5004994163
-26.7608312121
-24.0222974139
-22.5750833817
-22.0001822252
-25.4487539775
-22.5722352876
-25.1319338021
-26.8517940157
-23.7664949514
-24.8930282938
-27.8510150582
-25.4545744420
-26.7876770490
-29.5496879072
-24.8484673428
-25.9596028330
-24.1183738343
-22.9554833045
-23.1516221791
-26.4351793805
-24.6242838632
-26.8403589301
-28.1908827209
-24.3607281296
-25.9215420063
-26.8644421217
-24.2752129445
-25.6992848761
-29.3530480705
-23.2363178828
-25.4226848982
-23.4274298847
-22.4949264851
-22.8209136561
-25.8830591374
-24.6739856137
-25.7310138894
-27.6787716852
-24.3505358523
-26.5702409596
-28.1489795613
-25.1408742192
-26.5086367919
-25.6758179166
-22.6211512305
-25.6213986837
-22.6716543335
-21.7877367346
-22.8878864846
-25.3111498378
-23.1955811429
-24.9816375324
-27.2019873070
-23.8257869993
-25.5009672298
-27.5235767106
-23.9811114477
-24.6538496156
-26.9246364868
-21.7328993499
-24.3418349329
-22.9125561179
-22.0718310988
-22.4418691629
-25.5054749758
-22.9670452507
-25.6797288523
-28.8861711866
-25.4679177375
-26.6222496631
-28.4122116153
-26.1502112219
-22.6941917855
-25.6680296749
-22.7039788571
-26.0373983849
-25.1314017321
-26.1229058113
-23.3674258096
-25.0472251494
-27.2739662903
-23.8544646722
-25.4986149669
-29.6325854174
-29.5876982472
-27.2833481531
-27.8976447532
-21.8551108828
-24.3843879802
-22.9550780970
-26.6268040033
-24.3619256196
-26.1862253061
-23.1180237787
-25.7585704403
-28.9103579361
-25.4851240815
-26.6315486747
-31.0232813694
-30.3873367725
