-15.0905304544
-15.3451639736
-15.3598135330
-18.3345454469
-18.1454503875
-18.2542189426
-18.3623492819
-15.6894812508
-16.2406100711
-16.2069974363
-18.8407727365
-20.7715680390
-20.3309840517
-19.1289308505
-16.2414308381
-15.7843511618
-16.5329328648
-15.6084660660
-18.3246664568
-17.8764482613
-17.7429401556
-16.3777391551
-15.4489587082
-16.5793114244
-16.8653878822
-20.5776558328
-20.8241774310
-17.4184468769
-15.7978873735
-14.7144388039
-14.1040205171
-15.7971973536
-16.1737485727
-19.1674952871
-20.7455559229
-17.9937455688
-16.9154961519
-15.0984610759
-16.1113456016
-17.0323856588
-19.1371126288
-20.9537758892
-20.0021604220
-18.0167192947
-15.6966235184
-15.2446846466
-16.7580485307
-17.1613407174
-20.1341085545
-21.8178397336
-17.2653206020
-16.5006083531
-15.7803495744
-17.1603762190
-17.0714135608
-19.1685905069
-21.8555057334
-16.9935635943
-16.6518756158
-14.4675753762
-15.2100130280
-17.7152605831
-17.3964596292
-19.9353921425
-20.8546299653
-16.2810568383
-16.0132638484
-16.9923091234
-16.5821672956
-16.5376218852
-18.8942352734
-20.1351584708
-15.9048305881
-15.9464204642
-14.6743519332
-15.5421586311
-16.8439029165
-17.7794474988
-20.4821050176
-21.8080487690
-18.1121057195
-18.1196699851
-15.5746436525
-16.4478371088
-16.7838509441
-17.7152437715
-18.6743549683
-15.7658101187
-17.4339909741
-16.0707111231
-17.2769278597
-17.4646325463
-18.9381256508
-21.8184041827
-21.4220963583
-19.4418090774
-17.2141158167
-15.7334505850
-16.8833619038
-16.8392734886
-17.4245741438
-20.1909318322
-17.1931202258
-18.8263808363
-16.8585718871
-17.5753067269
-19.1022507033
-19.8632331954
-22.7205184895
-22.6425313102
-18.6195240468
-18.2832112069
-17.2484223153
-18.4811158913
-16.7820941872
-19.4867817021
-20.9911700192
-18.0085426927
-17.3378679368
-18.1169526455
-16.9844600696
-18.4002042776
-19.4030375037
-22.9767183712
-21.5125503878
-19.8672916607
-18.9062580660
-15.6989447180
-16.2784314256
-17.0636304943
-19.9586325496
-22.7651778260
-22.7241523487
-21.3629738481
-19.6610589044
-16.6018139593
-18.0937109430
-19.7262478277
-23.8891505083
-22.4674631225
-21.6543567474
-19.2581758693
-15.8322560581
-16.3370036996
-17.1979865632
-19.3213154512
-22.4279536456
-23.2829009646
-23.0271619244
-18.3446704056
-16.1920242504
-18.2353412876
-20.0653569450
-23.7426564224
-23.3447239432
-19.3154315398
-18.0680418775
-15.0436211146
-15.9808720079
-16.4582041816
-18.9847786568
-22.7565791836
-23.1757765513
-20.0186469798
-16.3482601289
-16.5395055127
-18.0695889122
-20.0604478678
-23.5241419230
-22.5137458804
-19.1541390254
-17.6147605610
-16.0497155312
-16.6506198718
-18.3103314885
-20.3910179169
-24.1575971954
-22.0983688132
-20.6482638694
-16.5879605880
-16.2268279161
-17.1075635924
-19.4133514629
-21.1955631781
-23.9811787649
-18.5989711882
-18.0619858087
-17.3818463311
-17.7993219893
-18.9212196349
-20.8756929134
-24.0844789587
-21.7093119749
-19.7099968868
-16.9782305188
-15.7083926132
-16.2281043737
-18.1211950061
-19.9607621501
-20.4768994754
-18.5304681432
-17.4388120193
-15.1381414765
-16.2902471182
-18.1548646001
-18.0862631858
-22.0354208479
-20.6188055507
-18.6488490143
-16.7194310271
-15.5131663703
-17.4570152006
-17.2370973122
-19.5020914887
-20.8654643921
-18.7892106628
-17.9189702491
-15.6172718396
-17.5064696985
-17.3637635365
-18.6962826627
-22.2703778997
-20.5187689755
-18.7807414816
-15.5631335264
-15.7823575171
-15.6893324103
-17.4952313905
-21.0104632285
-21.8171432592
-19.7451733700
-18.8854916402
-16.9745629540
-16.9128603751
-18.4409992814
-20.7288842347
-23.7309611456
-21.7651526550
-17.6590069249
-15.9266896773
