-22.5161693031
-19.3980481746
-20.6684684838
-22.3320040969
-20.7066147687
-19.1379709424
-20.8557795821
-23.8949010280
-22.1352166090
-25.2148170580
-29.4408481534
-26.2758663316
-26.2722712581
-25.3791259180
-21.2549536023
-19.9295871931
-19.8678056458
-23.5216679519
-20.4654786447
-22.7713788982
-25.4370949341
-22.6246712000
-24.4153401905
-22.3147109845
-23.9204937187
-27.1958690538
-27.0484882396
-28.0839926398
-24.3613831661
-24.1505481352
-16.8438459468
-18.8705948307
-20.5612715558
-20.0240052857
-23.6151371073
-25.8178184587
-20.4183064862
-21.9720223322
-20.9319659625
-23.4597854320
-28.2543859758
-27.0754337470
-26.7265635154
-21.5598028021
-19.8105046727
-19.1769444530
-19.7917875523
-20.7737066955
-21.9649837131
-26.3625880455
-26.7038227998
-21.2065658581
-23.6691459031
-19.9039142530
-22.6120709711
-27.8561752291
-26.4858520760
-24.0379761452
-21.0448409544
-16.3165660466
-16.1000490487
-19.4731005170
-21.2252985366
-24.1816998018
-29.0912025202
-28.8766999904
-23.6523681066
-23.4055940775
-21.0555122370
-23.3814383826
-28.4179672769
-23.1722086794
-26.0274727986
-22.6214917008
-21.4186177883
-16.7723666558
-20.1517666924
-24.2119931095
-27.1721276717
-31.4353130899
-27.7296255997
-23.2354984071
-24.1688639512
-22.0674877358
-24.0114124927
-22.3965560490
-19.8815295841
-21.9242301363
-20.7477813112
-18.5403536094
-18.9271138881
-22.4862035317
-24.5235883429
-27.2640613983
-31.6161977988
-27.0093231112
-22.1010227122
-22.4060854547
-20.5499659106
-22.0498438033
-26.0194968192
-22.3730373015
-24.3161917689
-25.8554585456
-17.5940808254
-19.7067163907
-23.7812066061
-25.3557353693
-27.1517340589
-30.9043943600
-29.1537478498
-24.1593371145
-24.4491405605
-22.2128633155
-24.7273665595
-28.0507282426
-24.8524792638
-23.7637491339
-27.6083953687
-20.4218860245
-23.4849405569
-23.2817462046
-25.6967889095
-23.9534215482
-25.0481352468
-27.5442564284
-21.1654964134
-23.4211472266
-23.7323528127
-25.1287076779
-29.8699386498
-30.6698788482
-29.7723955218
-27.7101317003
-27.0330774513
-28.5734561261
-23.6576098756
-25.3117310880
-29.3877455465
-32.6723558144
-33.4439651637
-25.2060902634
-25.9365164199
-22.2309836119
-23.8850984364
-28.4716084723
-31.1864781590
-28.7075921028
-27.0696611708
-27.7480876621
-29.2575503230
-23.2926220261
-24.9067509072
-26.7495100674
-28.1984392109
-29.3495358352
-24.4737610070
-24.6332928235
-22.2887946614
-24.9347553703
-30.1521040176
-31.9069579050
-29.7809941575
-25.0119023606
-27.7699881812
-27.3052266189
-23.1586815372
-25.9631357491
-24.9919307939
-27.5922933345
-26.4111272595
-22.9257906394
-25.2223087945
-23.7491979597
-25.5675050575
-29.8444171978
-29.3604673449
-29.9338627524
-24.4967088509
-26.5726074376
-27.0813240842
-22.3652930727
-23.0031447779
-24.0772500076
-26.6816853920
-27.5027558392
-20.1423239785
-21.4597364374
-21.5771308306
-23.4831242567
-28.2000172860
-29.3146856058
-26.0385570426
-25.5869821096
-25.0179622970
-21.4575369564
-20.8605915661
-23.4591304035
-26.2132329648
-29.9068304775
-27.6058411453
-21.9268167067
-23.7628364083
-21.3526417953
-24.3975539032
-29.3518984464
-26.5400615657
-28.6300852440
-24.2284667186
-24.8360250474
-22.0118360550
-23.1731912333
-26.1694034278
-26.9143924254
-30.5225420095
-28.1425156539
-22.3590609241
-22.6873472449
-22.0144653646
-25.0678504726
-28.8091950617
-27.6665352539
-28.8909469172
-20.4030472106
-19.5130695921
-19.5699964319
-21.8704530026
-24.1893145442
-26.1147188445
-29.2473826346
-27.8964808662
-21.0835503715
-23.0897486716
-20.7227711896
-23.6810380027
-27.4423802455
-25.1458104767
-26.7195973503
-23.3224000869
-21.2009745368
