-19.9084427427
-20.5299827084
-21.0410672628
-20.9035394757
-20.0610032717
-19.2255743239
-18.8582613259
-20.4439302554
-21.1039142487
-20.8270643780
-21.1135213746
-20.9065726914
-20.0599934944
-19.2231767499
-18.8615003811
-19.6175336509
-20.7714968494
-20.8273763737
-20.0302555513
-19.2062578004
-18.8455394253
-20.3014739752
-22.5573980394
-21.9560122358
-21.3373747643
-20.9501924826
-20.0599870214
-19.2121675872
-18.8504238998
-20.3192590026
-20.0830474862
-19.9942052050
-19.8496581658
-19.2047431345
-18.6383331029
-19.3508333220
-20.1375560467
-21.3900255865
-20.3015814277
-20.0478787553
-19.8605223345
-19.2046538080
-18.6295337991
-19.3805673821
-20.1449597859
-20.4584270385
-19.9422094389
-19.2104936873
-18.6244771445
-19.3441765589
-20.1220132430
-21.2002392361
-22.7319522803
-21.9127795278
-20.2038686422
-19.2760748444
-18.6443153867
-19.3783627014
-20.1403834232
-21.2160370726
-20.0307423133
-18.4839394322
-17.9864635261
-19.0440422390
-20.9097949157
-21.4551277442
-21.7375469200
-22.1646348132
-20.1352685092
-18.5019315942
-17.9904301389
-19.0688685224
-20.9197295710
-21.4673784142
-21.7341822902
-19.5727616742
-18.2001673821
-19.0940326928
-20.9186239944
-21.4510096652
-21.7217296648
-21.6249399220
-22.1342858275
-19.7748414270
-18.2420511369
-19.1450872964
-20.9374382173
-21.4576651333
-21.7253532118
-21.6282281712
-17.4139145331
-17.2987714286
-19.3806683607
-19.9512987301
-19.6459524123
-18.8619547807
-18.0467265246
-19.1063286743
-17.0734797196
-17.2399648379
-19.3594475006
-19.9413291205
-19.6429282586
-18.8537704055
-18.0527308165
-18.5025504054
-19.8215630523
-20.0680289923
-19.6637219047
-18.8557407661
-18.0448312501
-18.5774020979
-20.2458339532
-20.3345907931
-20.3655754227
-20.1997169046
-19.7017180146
-18.8660871006
-18.0512899418
-18.5858816389
-19.8729529528
-20.5258219079
-21.0542189651
-20.9138560341
-20.0773396569
-19.2432739089
-18.8728564930
-20.3353921378
-20.9970940490
-20.8185084570
-21.1132158522
-20.9207600628
-20.0636325767
-19.2374909915
-18.8716279305
-19.5956888004
-20.7645759909
-20.8204904691
-20.0304704527
-19.2073128883
-18.8482917160
-20.3337169426
-20.9622424914
-20.8035650471
-21.1044126653
-20.9032313642
-20.0521444173
-19.2186974810
-18.8522479720
-20.3138722286
-20.0634953485
-19.9899007055
-19.8459944864
-19.2006069310
-18.6321773445
-19.3825260913
-20.1493212474
-21.2097893995
-20.1766409003
-20.0252506805
-19.8567499098
-19.2110322351
-18.6361996245
-19.3553294206
-20.1364530590
-20.4553640473
-19.9418236521
-19.2142117393
-18.6222517504
-19.3722496646
-20.1332567254
-21.2064856149
-20.1561747852
-19.9994379232
-19.8470521634
-19.1958648610
-18.6260422995
-19.3527273019
-20.1225479071
-21.2165432558
-20.0700330090
-18.5009606544
-17.9977639711
-19.0721567718
-20.9354523218
-21.4768366617
-21.7451448468
-21.6564087255
-19.8674043536
-18.4542895194
-17.9863314782
-19.0346733172
-20.9160684809
-21.4648798626
-21.7435382652
-19.5686008738
-18.2060642233
-19.1276738147
-20.9318727907
-21.4665667086
-21.7217646186
-21.6275407458
-19.8388418950
-18.4448726978
-17.9787633259
-19.0264034993
-20.8937368670
-21.4522718868
-21.7245699871
-21.6251315208
-17.4168933765
-17.3173345041
-19.3925371287
-19.9595361830
-19.6574574013
-18.8643549440
-18.0575117243
-18.5914716633
-16.7633887141
-17.1319173556
-19.3158302962
-19.9242172780
-19.6454332832
-18.8472418063
-18.0580192021
-18.5180543724
-19.8262132065
-20.0676211976
-19.6701093940
-18.8563828809
-18.0521689660
-18.5891970748
-16.7522345571
-17.1324934466
-19.3111853202
-19.9170504480
-19.6275200916
-18.8528654897
-18.0505947489
-18.5828238258
