-34.9811446767
-35.6896610619
-35.6855559263
-31.1447562497
-31.7774773156
-28.9031302622
-29.4740310152
-33.2265939259
-37.3390434023
-35.2298540024
-34.9658323201
-31.4706436378
-32.3123626305
-36.1932173254
-36.1418585319
-35.0397428019
-34.7840919064
-31.9112196819
-28.4606576106
-30.2790990340
-27.3246195519
-29.1877449712
-34.5724232531
-37.8851164263
-36.2544408747
-35.2937728820
-30.5380123290
-31.2910056136
-35.4986384633
-36.5843906096
-37.3783625532
-36.2177678543
-31.9472790720
-30.5411517087
-32.6275903868
-33.9744761252
-36.2889532310
-39.5859169892
-42.3972477540
-36.5198386941
-36.1000447112
-31.7908322586
-32.6290946981
-33.5609194165
-32.7863169669
-31.3061458000
-32.7245160276
-29.7080131777
-28.2475635793
-30.3272420932
-32.2060810244
-35.1672193519
-38.9505913904
-41.2895189362
-34.6113126028
-34.5625442756
-31.0112637317
-29.9780625106
-31.7457677311
-32.9250823229
-32.8104454554
-34.7143396232
-31.3946967598
-29.6725946070
-31.0877608160
-32.8271844520
-35.8031405484
-36.0690704465
-40.5101202569
-37.4612639282
-35.4650284411
-31.5140265119
-30.0497476156
-31.4482421282
-33.3637138725
-32.7080152401
-33.4290839813
-35.6075092400
-31.2234748329
-31.4798960479
-33.3839780245
-35.6124946862
-39.4015317685
-40.5507922528
-36.5539380776
-33.5062076309
-28.4615495772
-28.5653533690
-30.3616858543
-31.9705350135
-30.0430209442
-31.4181261747
-35.1007333236
-31.6313289274
-31.9601433767
-32.7585481027
-35.5949271604
-39.8274335568
-43.1872840000
-31.8997276072
-31.4581806619
-31.0772759610
-29.3837142295
-30.8064680164
-32.8539875539
-35.7492495272
-37.1505387972
-36.8603017698
-33.2044940604
-33.8464234687
-33.4494788837
-35.1019152760
-38.3805569021
-34.1065147813
-27.9796761925
-29.7506814289
-30.0270820011
-29.5962179211
-31.7898302512
-30.3888216680
-32.1416572496
-33.9801088692
-31.7052692020
-32.3873204399
-34.8959324571
-30.6383414429
-30.4801326973
-32.9715566487
-35.9703738346
-32.0487202267
-32.8541662046
-32.5172217759
-31.7654946319
-34.2503911720
-36.6108532463
-31.6365150375
-32.3885658354
-31.2921759199
-30.5792578430
-32.0699915657
-28.1594527593
-29.5434803626
-33.2965002730
-34.2067377500
-31.5105194729
-32.5781643947
-32.8175100109
-31.5446318155
-34.1070209806
-34.6410065288
-32.5320913869
-33.6558837448
-33.1413609970
-33.2609405921
-34.7006234876
-31.9820037463
-32.2751070417
-34.4493612357
-35.9716723038
-31.9184331057
-32.9376889909
-34.0151287063
-32.8275171604
-34.2770337503
-32.6902289234
-32.3584874320
-33.7414882351
-32.6715092157
-32.4726673103
-33.4287214946
-31.7119945726
-32.4794405796
-34.0319686778
-34.5283723935
-31.5888056680
-33.1785699757
-33.3014960782
-32.7518512108
-34.7122915920
-32.8845669633
-33.3289982591
-35.6346101000
-32.5190186556
-31.0174686892
-33.3489426463
-31.9509582882
-32.9233721715
-33.7577508221
-35.6207217844
-32.8785717349
-34.3050667073
-35.0659024970
-32.6792534267
-34.0004998835
-32.7997819518
-33.6040731282
-32.1300991888
-31.9225563719
-30.0592654076
-31.3610944908
-30.9448540704
-32.3262988460
-33.3821668984
-33.1010476004
-30.6295926344
-32.1505368117
-31.9684740345
-30.8125137384
-31.2611019806
-32.3611102620
-33.4166676094
-33.9631562662
-34.5389012571
-32.2407331994
-32.9954806011
-31.2163339033
-31.4982312683
-33.5650879801
-35.4411226219
-30.9976809360
-31.4107392720
-33.3026327222
-30.8789169282
-31.2410100057
-34.8465245897
-35.5887118585
-37.6560343305
-36.2952889333
-31.2627124369
-32.4665244917
-31.3350784925
-32.3639182138
-35.5925231177
-35.6751966559
-30.8318716740
-32.3917945265
-34.1708117009
-32.8864156333
-32.3174969623
-34.0014112739
