-25.9357306711
-24.6191534205
-23.4006021765
-26.5378931339
-23.6219971271
-22.8730233415
-23.6924640450
-25.1155029235
-29.1636592057
-33.3677037796
-32.3910138989
-30.4233353303
-32.0929989511
-31.7991046663
-34.2785911346
-28.1212896633
-27.7790606760
-27.9890205175
-28.2701139734
-24.0867820472
-23.6094111631
-27.5073555393
-26.4518860215
-30.1790819066
-35.5332971094
-31.3953582946
-30.0254883698
-30.1502359621
-33.5793413612
-27.3810376128
-25.3849166498
-25.5327583858
-24.9146763664
-25.7029835125
-26.9208291117
-30.7449208068
-34.0063617659
-26.6165301742
-29.9033299286
-32.1631680878
-31.7238698116
-31.8306304192
-32.9353470883
-26.5786803704
-26.9647647722
-26.2344085084
-24.9047287663
-23.3236985778
-23.2088066416
-26.3357784781
-30.7475138647
-34.7764046476
-26.0437366872
-28.2177880933
-33.0988584429
-29.9334225960
-29.7828596645
-24.6939403637
-25.9094622257
-24.9076105146
-26.5091183726
-27.6850465456
-31.2412223085
-31.7503738674
-31.1699268800
-33.4854385819
-36.0289395894
-25.4043781591
-28.9548114168
-32.7251879160
-31.5247405020
-30.7908462482
-29.6749533379
-27.3994116753
-27.7747276954
-26.3197100840
-29.2827145141
-30.5894617682
-31.4294784033
-33.0143673079
-35.5356467871
-33.7991736755
-26.6624711554
-29.5410789058
-34.2049771072
-27.0210999733
-29.9618076799
-28.3375800265
-28.0345485189
-29.1461939484
-30.4791772883
-32.5729731065
-30.0386491262
-29.5653925332
-32.2984548908
-31.3427799834
-34.5069793549
-25.0773087394
-28.3424243532
-29.4179391970
-28.8341236569
-32.3234921791
-28.6762048792
-29.3967778919
-29.5612265565
-32.4808607297
-34.2080866999
-31.8924481850
-28.5929901894
-31.5170169928
-32.7421884196
-32.8765055688
-25.6638481663
-25.7571787684
-27.2806877814
-30.1355670057
-27.3559990259
-29.5252758961
-33.9145963498
-30.3454724523
-29.7049553700
-28.8421876329
-23.4009335873
-25.4206511055
-27.3294716659
-30.2601501822
-33.3239014692
-25.4611638830
-27.6974525582
-31.1183518763
-32.2657225877
-28.8861867221
-28.6424356078
-31.7075968636
-35.7940150120
-27.2250878918
-22.7505270014
-24.4390764846
-25.9146004372
-28.9031846286
-29.2793188175
-30.0990506180
-24.8098744322
-27.5897546490
-30.3725435447
-29.9297213742
-27.9714426290
-27.6409283489
-30.8891998193
-31.3659504854
-24.0255597671
-23.7592646928
-24.6127762899
-25.6061381156
-25.9142470179
-28.3708521779
-32.3140909004
-24.5985306514
-27.3003848972
-29.7589447757
-31.0725002338
-26.9943382908
-26.7831990796
-27.0601925936
-24.8492492758
-25.4129276065
-27.8492155851
-27.1705961843
-28.3873141375
-30.5102913669
-34.2977419425
-34.1078715285
-23.5994298956
-25.6240422355
-30.1018663421
-32.2838170098
-27.4348872143
-25.9719130584
-23.0689511967
-23.8008066677
-24.0862227883
-27.4384343776
-27.2701369040
-27.4273656727
-28.9093119133
-31.2332994494
-31.2478091712
-22.1263927285
-25.4963235419
-29.1278690862
-32.4041604093
-24.8160780895
-27.5550338508
-29.9376662444
-31.7837133287
-30.7398343880
-27.2341137483
-29.3811263431
-28.0103488212
-29.4743753748
-32.8053732651
-30.8490806044
-22.7521038027
-25.5568558024
-29.3606718898
-31.5000605155
-28.1255346078
-30.0795942889
-31.3435580343
-26.3556931029
-27.4013173060
-28.5562731424
-29.6758660255
-29.5909709625
-28.7290874243
-29.0838026811
-30.5568731534
-21.7817673900
-24.5577667267
-27.4528470077
-30.4513009690
-26.7295138880
-26.2624298277
-25.9479256751
-27.0927449569
-28.5816638505
-32.1667929271
-32.8869956019
-29.8542081754
-29.3367259364
-31.8130408821
-32.1651539798
-23.3608803788
-25.7044049527
-29.4892579310
-30.2996700105
-31.8880491857
-29.1839647942
-31.1295927670
-30.2557162285
