-31.9998224329
-33.2014504915
-30.3885925234
-27.7380300689
-30.3490701075
-28.7731641891
-30.6747167116
-34.3842280380
-37.9300372459
-35.8923815172
-35.5988562323
-31.4609976834
-33.4367401514
-36.2639806783
-34.7652569784
-32.5384374483
-31.4724392337
-28.8894322473
-26.4566190316
-28.6506044323
-30.1825294077
-32.5726792306
-35.9829080112
-38.5693553716
-34.7492558927
-34.3784813758
-28.1568778223
-29.2040787690
-32.5519205578
-32.4253139523
-31.4809822065
-32.9978937016
-29.6795245168
-26.0140932615
-26.8213220473
-29.1857849826
-32.8638937172
-36.7222924667
-39.0626131740
-33.7173532693
-34.1909994701
-29.1744223956
-30.6817942129
-32.5890945890
-31.0937210879
-29.0871621326
-31.0571684520
-30.2121068061
-24.7531210713
-26.3331245710
-30.3499310143
-33.7986843193
-37.0936793032
-38.1869102123
-36.1731719660
-36.0911975129
-30.4964328175
-28.3024566138
-29.0829275390
-29.7894374587
-29.2957043937
-31.7544233227
-35.9603019532
-32.7514964885
-34.0966850121
-32.7776833712
-33.5086569866
-33.9164773871
-37.2012477118
-33.4580464423
-33.6975357520
-29.0043940743
-27.6142288080
-30.0483740479
-30.2610732273
-28.8139242317
-29.8384647205
-31.3433250114
-30.7848018330
-32.9422070949
-32.3389443623
-33.6065186034
-36.1725479787
-37.9025764997
-33.7307172714
-33.3752589844
-27.5485790428
-26.4095349381
-28.9995833879
-30.1115550307
-30.2882750668
-32.2462015266
-31.5580010003
-31.2045920124
-33.9602434417
-31.5463212449
-33.0011275780
-34.7211077218
-35.6660193354
-29.0364518956
-30.3387173027
-28.0194562275
-26.8162615135
-29.4257235288
-29.0996963114
-30.3592999276
-34.3088909152
-33.3566117734
-32.5049995923
-35.2000345068
-31.9718282978
-32.5119087897
-33.7106149547
-33.4129249609
-32.1912256485
-30.7812598461
-25.1351728561
-26.4228070198
-29.7571478956
-30.3818762172
-31.2285910451
-33.7481773529
-35.2896043131
-31.2072575565
-32.7547834359
-33.4776115276
-34.5238309846
-34.7825707698
-36.4594721685
-33.2050921564
-35.0702082769
-31.3213455253
-30.5183398111
-33.8207401721
-35.1526086679
-32.6226373030
-33.6170060454
-33.8325468065
-31.4252645245
-32.8990054736
-30.2482684745
-31.5166881696
-32.4695408853
-33.8288520558
-31.5650280099
-32.9613708467
-30.9853098752
-29.6473670116
-32.5002251488
-32.2082067312
-32.8326631374
-34.5742240272
-33.5375482564
-30.5298797451
-32.4371490435
-31.0152018683
-32.9791157370
-34.3566637224
-35.2240128347
-31.8958425899
-33.9526921183
-31.5914440311
-32.5177046510
-36.0597843864
-34.4988933759
-32.7423126998
-34.5710963047
-34.4753500431
-29.7739516169
-31.4160910771
-31.0395931577
-32.8079248893
-33.9425930669
-35.4072225940
-32.8380809737
-34.3750144653
-30.2163517492
-31.5770508211
-33.9076431379
-34.0990657627
-33.5733862765
-34.8877662105
-34.4067758380
-30.8263800481
-34.1469485906
-32.9993514096
-33.9434565526
-33.9975974227
-37.9616963301
-34.6550864340
-34.8731386872
-31.3660462790
-32.7913321830
-34.7458200713
-32.9379026050
-32.9856663476
-33.6213700934
-32.7678807693
-30.7939908024
-33.3105827655
-31.6185565434
-32.9690024292
-33.6351406042
-35.2791311095
-34.6976511235
-36.4711389670
-32.4592333833
-31.2392765569
-33.4279292068
-32.7752521411
-31.7496346608
-31.8222777551
-30.3701602133
-30.2802188604
-33.4688834210
-31.4398350883
-32.7160131872
-33.1037493997
-35.4654698834
-34.1061950426
-35.6999258238
-33.5587652153
-31.7069547551
-32.3947241818
-34.1692633783
-33.7281475300
-34.4707736857
-32.9950961099
-31.0359268932
-33.4717768142
-33.5273041991
-34.4757798452
-35.0179614008
-36.7380242656
-33.4036751386
-34.4532488729
-30.5887989337
-30.8763394081
-33.5428146278
-32.8730386793
