-25.9990255737
-29.6603672305
-29.9410541835
-28.3055545608
-30.8052821794
-27.3383486412
-26.2270060688
-27.4759605470
-29.6624748281
-29.0733553742
-31.1218239587
-28.8046524072
-31.6021411988
-31.1380127567
-31.5178649590
-27.0692080897
-29.5126213250
-27.7735198499
-31.3520595744
-31.7468655343
-25.9559054998
-29.1418311932
-27.8098731157
-29.1329153884
-29.1764613763
-31.5511047411
-28.9085429300
-31.1548113001
-29.1177027085
-24.6148152612
-24.4573418048
-24.6029568542
-26.6359140239
-27.0993162793
-26.7302673399
-27.7181840641
-31.4203114354
-29.7311383664
-29.8119257077
-28.9943157234
-31.3183317345
-31.2696721379
-34.9106972015
-33.1813261503
-27.6153926364
-25.6086004171
-28.3767270087
-26.6258770991
-27.8748121413
-31.4365442465
-29.8803264452
-31.4428644200
-29.2160588741
-30.7566199900
-29.0464266918
-30.0089578039
-31.9558673604
-29.1026893976
-30.6346648223
-26.0723548147
-24.4280284901
-23.3111631000
-26.2705209875
-28.6386761287
-31.7385983133
-30.2477765299
-32.0681157166
-29.5997249550
-31.2466777026
-28.9792402680
-30.0461460779
-27.1303319708
-26.5159835721
-24.5201577125
-24.5052207785
-22.7270652173
-22.7472529918
-26.0658650493
-29.3817089130
-31.8332182992
-30.5199761586
-32.4892548355
-29.1577559038
-30.6869065426
-29.7083821388
-27.6131711321
-29.8239368762
-27.6941306570
-28.0347543550
-24.4766738588
-24.1921652474
-26.3942381076
-30.4100023848
-31.6880680375
-33.1926965044
-30.8363108108
-32.9490891204
-29.5793352250
-30.4039398454
-25.4180554657
-26.9583216163
-25.4946082280
-24.3914564315
-22.6759290604
-22.0323060896
-25.6372146475
-29.9001491471
-33.7510409784
-32.7729374078
-33.9711270214
-31.0088324944
-30.0981055777
-29.2550841703
-26.0082870448
-24.5662501567
-25.0773540612
-26.6240983371
-27.5485531650
-25.1010734586
-24.7686198657
-28.3740977047
-29.9337617792
-33.9770717556
-31.1335736203
-33.7044216538
-35.3296665573
-37.0981870443
-33.4284302151
-35.6082808107
-30.2317974606
-33.7706681886
-30.4298703992
-32.9399351018
-30.2915426018
-31.0383684836
-29.0705098710
-28.7905245912
-32.1997543695
-32.3950413559
-33.3475535585
-32.4888055954
-32.0006768479
-31.6406564196
-34.7113724290
-31.0762390001
-33.9000685038
-32.8008978837
-35.7594405169
-35.2282305967
-32.3268348029
-28.4783753139
-29.4742342677
-31.8347782750
-31.4671858058
-33.0219794781
-29.4447164125
-31.4156988284
-33.3351371835
-35.0250932651
-31.3035618041
-34.4604079325
-33.6322213134
-37.4533086965
-29.5241897399
-27.9976062142
-28.0101559307
-29.8933085578
-32.7660968305
-33.3481788442
-33.9816429434
-31.0207698796
-33.0036248369
-33.8526646658
-34.2892520425
-31.5476999820
-34.7920820832
-34.2613123049
-32.5733317083
-31.4112337982
-28.0165524787
-28.0823925338
-28.1269016943
-32.5058798958
-31.1037813173
-35.4259008744
-31.8919497739
-34.6466599756
-32.6817325561
-34.9630761348
-32.3765326607
-36.0613327049
-29.0219965571
-32.9107098189
-31.5820298093
-30.1130243865
-27.6484900261
-26.7043070046
-29.6521349584
-30.1464311759
-33.4802460044
-31.2864745666
-33.7954323191
-34.4631084264
-35.7905778699
-32.4241928388
-30.3995395462
-31.7481769568
-34.6008096394
-31.4556096151
-29.1982259563
-31.0052270745
-30.3944000409
-32.6401465792
-33.1179794849
-33.8173030599
-30.5365611034
-33.6062234341
-34.8698491463
-35.3308731059
-34.7533364322
-35.8045775439
-32.3298719069
-36.0098405635
-30.0662367477
-27.7774385613
-29.4180155752
-28.8655872745
-32.2880205312
-33.9858723634
-34.8242383018
-30.9869643606
-32.2790645919
-34.1580548545
-33.4664767939
-31.3922564668
-34.6833588864
-35.3081880930
-36.6417226337
-29.5116193096
-29.7692691050
