-35.8735012721
-40.2624285168
-35.6335964341
-36.3621283872
-38.3068056614
-35.8962277337
-35.9712425014
-31.2374291767
-30.7599185955
-31.1808751992
-30.4169840917
-31.6337964093
-31.6272250919
-32.2496632542
-32.0413643967
-34.3569511090
-36.7954469124
-37.2473168371
-40.0269382458
-39.9621649599
-35.8391908808
-31.3061872236
-29.8763468942
-31.2765515644
-31.3645109080
-30.3500941336
-33.7794092336
-36.2151502034
-34.6091221746
-36.5942178075
-39.8306389531
-40.1795595172
-42.1432281036
-40.8554755257
-36.3865636954
-30.5314772632
-30.2133638546
-29.9643373098
-32.3983580804
-32.1905602345
-31.7009168065
-34.2869735785
-35.0070933540
-37.7882348141
-39.2184514887
-37.8356477213
-36.8489754397
-38.0164171790
-38.9476371484
-32.4726401173
-30.4409416982
-30.5004602843
-30.2803314858
-32.7546656328
-31.0309621543
-31.1026822141
-34.5951354642
-33.8552745536
-35.8756075730
-38.6960486903
-40.5212057952
-38.7875603544
-40.2143502095
-38.4788703185
-36.2432090506
-34.2578130383
-34.2496001846
-34.6967759795
-35.8649492457
-33.6364222410
-34.2899187644
-37.2886904858
-39.3281663144
-40.1694501022
-39.3943209316
-37.6420036149
-38.6813357320
-37.6662214264
-37.6760240241
-36.5978970322
-32.6469535097
-33.8779427430
-34.9524799596
-35.1473888991
-33.6243825985
-35.6152858127
-39.9192028426
-42.4148683630
-38.3670336640
-39.2700238911
-40.8900202450
-34.1402750032
-33.9510687203
-37.5091985449
-38.3734923533
-35.4241363570
-35.9549967476
-34.7995570253
-34.8996867579
-35.6463739952
-38.3971379551
-42.0659413525
-41.6882046424
-37.5255090394
-38.0448877050
-34.9248858677
-34.9805116231
-35.4685574818
-39.2050175675
-36.3059718535
-34.7479833234
-35.3806331050
-34.7761897563
-34.7215427027
-35.2812128115
-37.1170465727
-38.9900102283
-40.5332104814
-40.6273203800
-42.0925062495
-38.5647673498
-38.1436969410
-34.5286494314
-35.3717483595
-34.7122786451
-33.8168279473
-34.8303513377
-35.0547379924
-35.5366889360
-35.9469263005
-35.7072816663
-37.6227259348
-41.2197071277
-37.6530425391
-36.6387308522
-35.5847530171
-35.2928679605
-34.4719025649
-35.8327205432
-36.2017007500
-34.6575772252
-35.2444672874
-35.0062868279
-35.8047820896
-35.8512188770
-36.7815870780
-40.2569032285
-40.5942217084
-39.1090240580
-37.6842575893
-36.6891756555
-35.0686677332
-36.0941621097
-36.3391650341
-33.9655603130
-35.2355372354
-37.1051778135
-36.1017820449
-36.1292181983
-35.5086482111
-38.0153724464
-42.3142039819
-43.5168181009
-40.1299056599
-40.0612046173
-37.7076054303
-35.9727571627
-36.9485730743
-38.0128946109
-35.2718904994
-35.7300521346
-38.4231448843
-35.8938767654
-35.7242627450
-34.7176369391
-37.4370564700
-42.0022218568
-34.6088011071
-34.9232274976
-35.1420461274
-35.9498015679
-37.9235047674
-39.3634812988
-39.0813458228
-37.0986000244
-38.9329733790
-42.6270185334
-38.9673122607
-40.1667288835
-40.1334243744
-41.1826535116
-40.1325375884
-39.4311492973
-37.3233361950
-39.2619288404
-34.6985625118
-34.5392249049
-35.0536518326
-38.0437264583
-37.5241238340
-37.2514750480
-38.4609830314
-39.4372571542
-41.2173885233
-40.3511490558
-35.5235540645
-35.9235603225
-37.1963127526
-36.4961788479
-36.7707216112
-39.1631869147
-39.0123884314
-37.0630131610
-38.9037986000
-42.6515133825
-45.9534411653
-43.7267169873
-40.8537938526
-41.3134959647
-40.1810547677
-39.4293808935
-37.3084225692
-39.2907268944
-36.6510993220
-37.8903672610
-36.4545643981
-38.5780070917
-37.6666136893
-37.2709753907
-38.4591913249
-42.5580624403
-43.5208339001
-40.7645283104
-35.4746782776
-35.8852328198
-37.2216076605
-36.5035450402
-36.7236802542
-37.7756669868
-34.6817859746
