-35.1623633705
-31.2694365188
-33.8040102453
-30.9126499529
-32.6845728783
-36.6078316763
-33.2292206488
-35.2602702909
-32.9087575932
-35.8707852322
-35.8771662571
-32.3719796043
-35.1214842331
-33.7542399047
-34.3078759659
-31.9588099530
-31.1741265225
-34.1937336259
-32.2291246482
-33.0124241389
-36.6157519514
-33.2065252666
-35.7462978810
-34.3731632171
-36.9364661168
-35.9809557772
-34.3171749747
-36.2447470184
-33.1480527116
-32.3711769578
-36.4276810252
-39.0039050149
-42.8137469340
-41.2032309461
-39.3939985826
-41.7179192604
-42.0414283864
-43.2762958064
-41.3071356663
-43.5478376608
-44.1389207163
-43.5897511616
-45.6799056690
-41.6395489497
-40.0613975290
-39.0035140530
-39.2098334400
-42.2748175246
-42.4152839268
-42.6262353166
-45.6148695884
-42.9530779807
-43.5186564186
-41.0930953868
-43.5074349474
-44.3632581048
-43.5700203852
-42.4615485234
-43.3190404237
-42.0613831245
-36.3601023637
-31.2612871004
-34.0294312790
-33.4005150619
-34.7503679490
-37.1255804805
-33.7024590626
-34.7045862168
-33.1142899163
-35.5578787058
-35.6748354659
-30.7593515674
-34.1590270777
-32.6363443792
-31.2994489069
-32.2879519224
-30.8857173887
-34.0824613910
-35.3304847413
-37.1699511037
-39.2356733633
-35.0102909791
-35.7078940044
-34.1879779060
-37.0759603001
-34.1936481949
-31.7264680460
-34.5693240142
-32.9720744905
-33.0633880997
-32.0702220057
-31.0217447015
-34.4876563656
-35.5736286418
-36.5603980590
-38.7343541748
-34.0930472255
-35.4184324129
-33.2842017086
-35.7014767355
-35.5284476018
-30.6631961998
-33.3769315846
-30.8831191552
-31.7075308434
-32.3134384336
-31.8131315041
-34.4274827343
-35.6195411215
-35.0317694532
-37.8331401086
-33.4626681198
-35.4608236204
-31.6381591685
-34.4893535718
-32.8183812665
-31.2899984306
-34.0986993847
-31.3034401108
-30.4611851358
-32.4876184781
-32.0932229142
-35.3266721760
-36.1491496382
-37.2952449816
-39.2190353484
-32.0152435328
-33.2553544524
-32.0222330072
-33.7409380343
-32.8896520986
-32.6186305654
-35.5334705915
-30.9567435427
-30.6958831992
-32.1764621904
-33.7659895617
-37.2160668247
-34.8259277348
-35.2809072873
-36.8269415929
-31.5399091582
-33.2789340351
-32.7303455502
-35.5095298156
-34.6447155145
-34.8801527544
-36.9744945727
-31.8586258351
-32.1336308212
-34.4803380822
-34.9739312476
-37.4810646175
-34.6111456128
-35.5116438802
-38.4924582830
-32.4420878910
-33.1021505839
-31.9647326839
-34.0436044107
-35.5882613424
-35.4064769130
-36.6293787615
-33.2565868986
-33.2321244071
-34.7468311407
-36.4155183918
-37.9581841252
-33.6118691297
-33.6347444597
-37.1701944812
-31.7028535001
-32.4517442136
-32.1837778996
-34.3503474348
-35.3896343590
-35.4421297996
-37.8736645159
-35.7001666208
-35.4839501035
-36.2943361230
-37.1179165361
-37.8841014746
-32.3132727279
-32.6924620874
-35.2969989850
-31.6637738406
-32.8815777646
-33.3491937994
-35.8622008402
-35.5643594093
-34.9493250566
-38.2123280967
-37.0981987012
-36.6662123127
-37.0687870117
-34.0799796812
-35.2321829633
-34.3692975845
-34.1545607687
-36.7592800718
-32.9044608614
-33.6646027877
-32.5966562642
-35.5718641119
-36.9377335227
-34.8206885493
-36.6019283701
-37.4563199091
-37.3077442070
-37.9162046072
-32.2787681325
-32.6850674134
-35.2641644086
-31.6323348236
-34.7994754526
-34.2454005524
-36.1648050569
-35.6132429636
-34.8933445819
-38.1406973836
-37.1202377264
-36.6230689523
-38.6941521245
-37.7335424645
-37.2759310635
-34.7228463511
-34.2109723416
-36.7985293183
-32.9271808418
-36.0785610470
-33.4966768873
-35.9491944035
-36.9508528534
-34.8364384788
-36.6293878258
-37.4772896062
-37.3590861767
-39.9206204159
-38.8995420034
