-28.6763550253
-26.3428288012
-28.4590782106
-22.1391935884
-23.5693631229
-23.0925489112
-25.0470464923
-27.6970952568
-30.5054405484
-24.9029202154
-26.2533444088
-24.5299292437
-26.0790970116
-25.6587410298
-27.4923707121
-28.4096185601
-27.6309898125
-28.1214294791
-21.7977503477
-22.9621400557
-21.6098955286
-23.5299546245
-28.1301679308
-31.5538324290
-25.4801360342
-26.7850050106
-23.2805914371
-24.4454950366
-25.9342470780
-25.6453019305
-24.2050826277
-24.7611785800
-28.4942197453
-23.1419050018
-24.3957039559
-24.6910521450
-27.1764360483
-30.3936789550
-33.7425523735
-26.5876207691
-27.2544607524
-24.8601160278
-25.7933041911
-25.5912089466
-27.1359452946
-27.0556006940
-28.4739776021
-30.8754564967
-24.4242029756
-25.9055758645
-24.0001586917
-25.8936138879
-29.7745251222
-33.1115919881
-25.3017977311
-26.2783752303
-24.9372966653
-26.2222652831
-28.1534860174
-25.5391212725
-25.8931323163
-25.0107411296
-25.2984408881
-23.4121239916
-25.9252134408
-25.3338620530
-27.5141870664
-28.1353682876
-31.1723671680
-24.9551852427
-26.1224721118
-21.7982358100
-22.7463519497
-26.0456578606
-26.3117665027
-27.7842053570
-25.5391264471
-26.6424154262
-23.6243830451
-25.6029961389
-26.0532169470
-28.0595896824
-30.0681954632
-32.6363741434
-26.0349321986
-26.8770410187
-21.6028335513
-22.9650023812
-27.3525139995
-28.0679889691
-28.4369485633
-29.6567864154
-32.1805608491
-25.0174872050
-26.3861896538
-26.3273675573
-28.7032047508
-29.2457359607
-30.5252684292
-24.2642698005
-25.3762260865
-21.8427035631
-23.6149998747
-24.5826486801
-25.9284835771
-28.9406823159
-30.5648724058
-32.9656274484
-25.1823268530
-26.3244417803
-25.7328780897
-27.4405044149
-28.0414253566
-29.1655920287
-22.2016780898
-23.4009555857
-22.3214415675
-23.1823168136
-23.2825876962
-24.9438666898
-29.7162726264
-28.3810159743
-29.0442038854
-27.8540741690
-29.7832778133
-25.1168816482
-26.3173940600
-26.9344986446
-29.3300859942
-26.2217578090
-27.9633255622
-25.0703645793
-26.4539327563
-27.6702701419
-30.1797149670
-32.7974258075
-30.5541247503
-30.2130868141
-27.5827820148
-27.7486120136
-24.6717770461
-26.4302845490
-28.1614852647
-30.8106935364
-25.8611262552
-27.1992285311
-24.2763016887
-25.4081816516
-27.2687750014
-29.9981246941
-32.2749918204
-29.5085433817
-29.1845370046
-28.0237231896
-29.1912869731
-25.5526458063
-27.0566428250
-28.6497992121
-31.5431831581
-25.8154843139
-26.5333944477
-24.8343123384
-26.3449040145
-28.1197439293
-30.2815716972
-32.2816913057
-27.6711077307
-27.6903077422
-28.7767942129
-31.2123543410
-25.7659340447
-27.3813573641
-29.0337824695
-31.1964788333
-25.5945567336
-26.9598518033
-25.9085223528
-27.2015173652
-28.9728152392
-30.0567746270
-32.5534442745
-28.1054426287
-27.3831516769
-23.6631028183
-25.2813872907
-25.6045884928
-27.8772472444
-28.2327082033
-32.6500061311
-25.7354310006
-26.7948089152
-27.1933368827
-28.0361861689
-29.1091791571
-30.6866683387
-31.2127271908
-27.3476709501
-27.9255145960
-21.5530062199
-22.9855953637
-23.7365382297
-26.0695830904
-28.8662721079
-31.4197146277
-24.8198246143
-25.9855515106
-26.9069123097
-27.9936849088
-27.7790011256
-29.5738759456
-32.4207777187
-27.6760504677
-29.1209158676
-22.7336662987
-24.3169167321
-24.4685749233
-26.5764717968
-28.2574231463
-30.9951720192
-26.3675502021
-26.7497236688
-27.4308183331
-28.8356525601
-27.5090631100
-28.7125646199
-29.4091774400
-28.7963178625
-29.5625431511
-22.6718290928
-23.8720464371
-24.5686930406
-27.0198209129
-29.7721197814
-32.2015059456
-25.6824125243
-26.3586499296
-27.9048232350
-28.5404416521
-25.9784701338
-27.7431993392
