-24.5796750107
-27.0959024453
-27.0673917674
-29.0876890214
-30.8515804465
-30.5632787646
-30.5128740480
-29.3668367107
-28.3205885744
-27.3808874410
-25.9387742268
-28.8041759665
-29.8340954742
-33.1522005486
-27.3460410554
-29.2919436076
-33.7818262167
-34.0210151847
-33.0394525039
-30.9268541475
-31.3471971154
-33.6961997320
-34.9411367993
-33.0559338561
-33.5846582237
-35.4958667499
-39.1954207779
-36.0762566475
-37.0406944901
-32.0064131581
-28.8538142524
-31.5864818525
-29.2380771707
-29.6023956850
-25.3163372376
-26.8223913702
-25.8461569306
-27.1495941083
-25.6244383684
-27.5257541969
-26.5063725362
-29.4660718488
-26.1321439391
-26.1708546815
-25.8079239454
-26.1283262326
-29.7171128121
-27.0367683381
-29.7273555799
-24.6126843575
-26.1271973613
-24.4240605593
-25.9382693543
-25.8193564438
-27.1634112244
-25.3452608595
-28.3165520402
-29.4383910489
-32.9268675397
-30.0401779970
-31.8311210418
-35.0616251786
-33.7018091722
-33.1711753078
-27.9654577482
-28.5946744437
-27.9743437839
-30.3979070633
-30.4416757224
-32.3415581278
-29.1009468632
-29.5523456942
-28.3767995083
-32.1389049496
-29.8728398320
-31.5143514281
-30.9999853052
-29.8300278951
-31.1567195159
-28.0638281539
-29.2842278857
-29.5713657490
-32.3769767030
-30.9034286035
-31.8718034259
-32.4958662800
-32.1676085216
-29.3152319188
-32.7889630824
-34.4914844551
-28.4756398440
-30.8590631480
-29.5872761811
-31.0427622867
-28.0963714577
-30.4497215675
-30.3220417234
-31.5310075875
-29.8710481350
-28.7948718065
-27.0502980599
-28.8546557868
-27.1989683220
-30.6977422025
-33.8899163713
-27.0437914610
-28.4598187072
-29.1634844148
-30.9436384500
-28.4529768234
-30.2954328277
-29.3739180764
-29.9591162424
-31.3940649951
-32.8311976499
-26.2600128174
-29.2122851437
-31.0258796035
-33.2845861937
-30.4576237197
-30.2443147868
-30.5265604285
-21.9651054028
-23.5467557775
-25.4960931156
-23.9010607168
-21.7017749105
-25.1619215927
-28.8582780361
-30.5504895540
-28.0787586156
-30.4496180043
-31.8518939835
-35.2065669805
-30.8700192108
-29.9252395142
-27.8753662239
-24.0645281086
-24.6692487262
-26.9413845425
-25.4510570564
-27.9629475490
-31.0665671502
-30.8317098434
-31.2571806778
-29.7687486791
-32.0387791071
-31.7522743052
-34.0560608981
-30.7449622221
-31.0779038303
-27.4784241447
-27.6084678964
-25.8892847951
-26.9052112083
-28.6411733799
-28.2255504288
-30.6083717795
-28.2290263849
-30.4839115796
-30.2058617167
-31.6288679213
-31.0782857214
-30.9871171171
-31.7184545437
-27.3663142839
-24.6634476853
-25.7887019409
-23.8263022485
-26.4148556791
-28.7291832225
-29.1094458338
-30.6110541648
-31.9402132275
-33.5425350037
-30.9748677438
-32.8106668293
-25.5813519588
-26.7024376203
-29.2727462024
-28.3968927697
-27.8673436716
-26.5451039913
-30.4183395077
-36.3537278125
-41.7163269100
-45.5871615796
-46.5410598589
-47.6418909282
-48.5420858636
-50.7607327602
-35.3397423149
-30.2834138967
-28.2362838548
-26.9305333293
-25.2883405269
-24.1341587258
-27.6243382188
-32.9398082207
-32.6393154327
-32.4397692815
-32.6443060784
-35.3250435954
-33.7787373370
-34.6843324258
-32.2051294893
-28.2750308089
-28.9367001716
-25.5720607234
-23.7438785345
-22.9593981319
-27.1448481447
-30.2273000614
-34.0093548164
-30.6051676490
-32.4691330750
-33.2731990097
-34.0243914672
-32.6189671405
-28.4614654319
-30.3627758834
-28.1551378923
-27.6656173974
-26.2616841462
-25.6364094198
-27.9865970448
-31.2766175837
-31.6360502719
-34.7107652461
-34.8139256075
-35.3099344784
-33.6039449536
-35.0089044698
-25.8812013989
-25.9141563952
-28.1944700156
-25.2824592209
-27.0097127942
-26.7344592093
-24.6913110614
