-26.1151175822
-26.8647929496
-28.7733985070
-24.7113564224
-22.7952795531
-24.8357985244
-26.5994170528
-29.5749180878
-33.3146231767
-30.8198578867
-31.4759358685
-31.7362900254
-33.1404909944
-36.4009749764
-34.7716379359
-32.9051819327
-31.6647616111
-32.3021133966
-26.9797754873
-25.4798836057
-27.4933092902
-30.6634175701
-33.0976311866
-27.8884557766
-27.8951513802
-29.3246060243
-28.6291363260
-29.4091140028
-32.9713041998
-30.0275467586
-30.9196433040
-33.3376176028
-36.5174139381
-26.8390267946
-26.4520400812
-27.7156622116
-30.5184265433
-31.6691217764
-32.9016878619
-30.6119422537
-30.2872549357
-28.0348022575
-29.1445653662
-29.1479481210
-32.1535661413
-31.5247599229
-30.7338365748
-33.4547517222
-27.7590644934
-27.6178614156
-28.2446002756
-27.1496251860
-28.9086749746
-31.0748214317
-29.8223833732
-28.9896357952
-28.0390795701
-28.6957919606
-31.5362454878
-30.7892280225
-27.3942475732
-25.8893560105
-26.9455479376
-27.8879897338
-29.9744998079
-26.2649775653
-27.7870210775
-30.0016938786
-32.3026791330
-29.6057421871
-29.7138427038
-24.7524802380
-26.2543736034
-30.4639102361
-30.0246404123
-25.0547518787
-23.6176136614
-26.0273549955
-27.4710708977
-29.4922639610
-29.1436332646
-30.6259043590
-32.3847882370
-32.1377268940
-29.1131276412
-23.7362456397
-22.6405544913
-25.8652456277
-26.8398061498
-25.2639078046
-26.1641021327
-29.4701161768
-31.6654632796
-25.0308822904
-26.5589974775
-26.8527209387
-28.7029639696
-31.5561173780
-30.9614998579
-26.1181870480
-24.4697814812
-22.7651105160
-25.4325703568
-25.0998552616
-24.0742478669
-26.7533459147
-31.3397325277
-31.0556848631
-27.7953595124
-29.1637731361
-28.1571678189
-29.6091573035
-32.5625245077
-28.3600346208
-29.9873537437
-28.2062339219
-25.4920747222
-26.2371219634
-25.2857151070
-26.3189721679
-26.3924373394
-26.4162629003
-24.2292978604
-24.6269196397
-23.9013636470
-21.7871606436
-21.8287815924
-25.1856319350
-30.3229557195
-30.4261847119
-31.0340057288
-29.7366312993
-30.8881434432
-34.3212309001
-36.7477841507
-30.3138521951
-27.7321073367
-25.0311645190
-24.9774055359
-25.0705859602
-22.5769048634
-24.9583181486
-30.0847182531
-33.0703128373
-30.2267589303
-30.8151145597
-29.1786259231
-29.7651121871
-33.0636146427
-27.6197178449
-28.4938015993
-29.7501415963
-27.8335989940
-23.9459828524
-24.7437754572
-26.7155116426
-26.8008766502
-28.9257829201
-29.1939628777
-26.2505118628
-28.3033822341
-25.3498230024
-26.6989771864
-29.3225786921
-32.5344125619
-30.6730635338
-27.9375024682
-25.9869936939
-25.0376206232
-27.7553710355
-28.7588188861
-31.1284302242
-33.7935008066
-34.5158123224
-30.4048952442
-31.6573449271
-28.5360115748
-25.5956882160
-27.2491827324
-29.5995721913
-25.0967223560
-22.0228685541
-21.9190272012
-25.3505078332
-30.4903366132
-30.4957751759
-31.0528769069
-29.1065459696
-30.6569575923
-34.1778076324
-36.6590532529
-30.2944968407
-26.9098885638
-26.4520116004
-24.1883203246
-24.1578185827
-22.4127836931
-24.8739693883
-30.3523143322
-33.3638782839
-30.2117210202
-30.8166175737
-29.1372030564
-29.7128562265
-32.9636687375
-27.6048339896
-28.0306751166
-28.5218992966
-27.4050314748
-24.9785434768
-25.3332859673
-26.9577468164
-26.8193840525
-29.8821984067
-29.7718647432
-26.2913275722
-28.3145143789
-25.2866899213
-26.6464053413
-29.2760693978
-32.4821591954
-34.4998643177
-33.2033742394
-30.9739576541
-28.0214887323
-29.8413788233
-29.3373797021
-31.3530784130
-36.2786716242
-36.2474216332
-30.5413976734
-31.7138989091
-28.5173591801
-25.7902489711
-27.3180922523
-29.6039077596
-31.6218292620
-30.2958911175
-27.9228645846
-26.0027164419
