-25.1631229741
-20.7391697327
-22.1638735946
-26.0792886075
-24.7820861492
-26.2564604865
-22.9364671260
-25.2689165554
-26.9379784932
-27.9151488523
-31.4021872353
-35.1740651271
-31.2334211424
-32.0450332525
-28.4382962278
-23.2027311445
-22.5087591385
-25.0279966668
-26.4265522669
-25.8859538363
-24.2120487955
-26.7715141428
-26.0647348814
-25.8255743407
-27.4809032755
-29.2961600873
-31.6974123565
-34.4869728329
-29.3699398311
-24.2066141219
-22.1781710056
-25.5362757648
-24.6635486624
-28.0952399957
-25.6633109204
-27.8453227646
-27.6176749960
-26.1911499171
-26.2336019837
-27.8078678044
-30.1475859448
-31.5115007741
-32.9595221842
-22.6205906685
-21.2789539683
-22.2858041979
-24.1763816500
-23.1240384309
-23.6287937079
-27.0918555729
-28.2826080255
-26.8973414359
-25.5249572070
-24.7499428687
-26.5256515397
-29.8756037986
-29.7530414696
-23.9787902556
-21.0704763770
-19.9280026474
-22.5872770824
-26.3450153451
-27.1489403388
-31.0285516174
-32.8570544241
-29.0736725461
-27.3904984517
-24.8745066527
-25.0357641874
-26.2652377845
-29.4751197588
-29.7222083068
-25.6307714960
-28.0578329287
-23.3526286822
-26.2100573276
-27.3223721578
-29.7617242557
-34.1820422243
-34.6444656605
-31.6794525721
-28.2220421117
-27.0184887995
-26.7602383016
-30.1781731192
-26.5238727776
-26.6627248987
-24.6340217394
-26.9983592774
-24.5308276890
-25.9836989642
-30.7151401444
-31.7903739802
-34.9568724837
-35.9050645774
-30.5250483507
-27.7480773498
-26.3396156384
-27.6769320793
-27.3117241845
-25.8936397934
-29.9094080157
-27.8493178589
-27.6364076510
-31.8938178462
-32.7797378813
-35.7982055890
-37.6269424050
-34.8369925595
-37.4225609897
-32.6185205190
-28.9025671186
-27.6498376897
-23.7102788429
-23.1541608635
-25.6384820529
-28.0881793330
-28.6755899522
-28.7601302987
-27.2860292377
-23.5738579407
-23.4934822630
-25.7946932840
-26.0416925450
-29.1194762853
-23.4353618136
-21.9239880561
-21.5292790571
-22.7518552474
-23.1357026529
-24.2930070361
-27.4228579153
-28.1940479758
-32.3817873611
-27.6172231819
-24.2596805039
-26.8801402681
-27.1149639390
-24.8709076998
-26.0296943186
-22.4804594831
-21.0303662112
-19.0902576786
-19.2547219351
-20.4853570224
-24.1637050575
-28.1101937593
-28.1169735071
-29.7821049208
-21.6524175100
-22.8189899004
-24.7441819621
-28.6728855561
-24.6875632335
-25.3465684222
-22.9790732536
-20.4554287743
-18.9883115909
-19.6037178256
-21.4516375383
-25.2723446158
-28.8484352999
-30.2570250567
-23.1292012357
-22.7815465840
-22.4572087161
-26.7335827624
-29.9550214628
-27.3997638027
-27.7336776693
-23.7823329217
-20.6275556775
-19.2604621298
-19.9826458420
-22.3968097925
-26.6313583674
-27.8865786332
-24.5913003992
-26.2495836491
-24.2655527470
-25.6849732297
-26.8942823261
-30.1748822827
-30.1421875208
-27.6130196590
-24.5987209678
-21.0580418753
-20.3085488938
-21.8173931153
-24.1500562424
-28.9130493717
-26.2719061934
-27.6005799847
-27.3509993387
-24.9250900172
-24.8680117140
-27.7810970549
-25.4751764879
-27.6629880910
-26.7722326372
-25.4672147809
-22.1069674662
-21.7095294841
-21.9507846976
-24.8536301549
-27.9772734408
-27.4481334194
-30.0544832062
-33.1935599906
-28.4700809024
-28.8120716761
-29.6610883236
-30.4296671441
-29.3298840501
-28.4877778889
-24.9075509604
-22.7454586972
-21.7608973720
-23.3499838552
-24.5591273455
-29.3194626193
-28.5673017206
-29.7067237734
-29.4515220507
-28.4553485147
-24.2636354639
-24.2476745134
-27.4141660671
-28.0245180654
-28.7490214535
-29.3795353045
-25.3098164138
-23.9916092519
-23.4299232592
-25.2541401511
-28.1861704271
-29.8705704525
-29.6837733545
-32.3357687408
-30.8381555846
