-31.0411181789
-32.3645823427
-34.2037912683
-37.2967648101
-36.0980303223
-31.4394829407
-32.3226014946
-35.9501873281
-40.5947200754
-43.9678826178
-41.2911526310
-41.9352697213
-42.8916329889
-44.4289323147
-46.3314379594
-37.4258544189
-31.0870617344
-32.5623147765
-34.9643163599
-34.5025169248
-31.0757004512
-31.5597706992
-32.2768443790
-33.6857511362
-29.4301898578
-29.0882871253
-32.5401877220
-33.5927882312
-34.3251379703
-32.0216996305
-35.0341721806
-37.3212376713
-37.0777067069
-34.0409893499
-35.7472118620
-38.1203426254
-40.7793720217
-41.8601462945
-42.7177728491
-40.1965910664
-39.4372493871
-42.1223749184
-44.4705403820
-34.0657676734
-33.7157039494
-35.2243041078
-31.7707105098
-32.5858995463
-35.2440297179
-32.2574255879
-28.9825893613
-31.1920241631
-31.4330773480
-32.4968009709
-30.1743126681
-31.5797707540
-34.3797863138
-30.0602026737
-28.2447672723
-30.4542759255
-31.3196548036
-30.8706095743
-32.7956198586
-35.6295133113
-35.6386297868
-35.3497222776
-36.4206087015
-35.4394681404
-35.7872042046
-31.4698293432
-32.6588442789
-31.3439295773
-33.4009021321
-31.6965527537
-33.3013187165
-33.7362982407
-36.5470288722
-35.6193831797
-37.2672845178
-36.2641450847
-32.4044232152
-33.4141457478
-35.7576319840
-36.0629250545
-32.9680677423
-29.7520045015
-31.7058621130
-34.5417092097
-34.2659456259
-33.9375390032
-36.4038036911
-34.1899443833
-33.8421901765
-32.6585284023
-32.1923648879
-30.9943072544
-33.0804610934
-33.8864624202
-34.4983211754
-29.9967886644
-32.0615236368
-33.6697798273
-36.1048955163
-35.9462285187
-35.3899088120
-35.8181292648
-34.6553000465
-36.8070243824
-38.3364231895
-35.1894512829
-34.5572546009
-36.4442814995
-36.9590501683
-31.3071180041
-29.9842480344
-32.4500716024
-34.7392435745
-36.0886924870
-37.9663257793
-33.6308917707
-31.4827415469
-32.1984572033
-31.8515275976
-31.7254193851
-31.3477420872
-33.1177231102
-31.3583253683
-33.1860811552
-36.8084315704
-37.3438086459
-38.0105007412
-40.0662429616
-42.6310885046
-39.0013299316
-39.1253862003
-38.2195790505
-30.4175381650
-29.8632547465
-31.4053434415
-30.4951123509
-32.3601470862
-34.9522132655
-35.5913683501
-36.4395614433
-32.8971127920
-33.8701571063
-37.9548052568
-39.4032432163
-37.0328014141
-36.0899935468
-35.0914123056
-36.9581491262
-39.1625344627
-33.6817741641
-29.9381543078
-32.2952663213
-37.5006970000
-40.5186438137
-43.2409108999
-44.1930615580
-46.0563490283
-45.8123481993
-47.8168424375
-37.0586076704
-35.0192702293
-33.9400919296
-36.7430123043
-31.0590676076
-27.4029368327
-29.1922113002
-30.9855765669
-33.0219807706
-33.8092442605
-35.1823271729
-33.7293372519
-34.6824759904
-37.3130183505
-31.1449361932
-29.2899370134
-27.0121064875
-27.7536142883
-31.0999376745
-30.8363276421
-33.4214174310
-37.0534435742
-36.7415157157
-37.2251482664
-36.9951806853
-40.5005493083
-38.1325945008
-38.5092567596
-41.4589348045
-33.7519860139
-32.7773597249
-31.8211255519
-30.0475248083
-32.1110635986
-34.7566104295
-39.3453376841
-39.2791869664
-33.2540197304
-34.0064459140
-38.0706771367
-39.4992833354
-37.0549919058
-36.0809340367
-39.5852709872
-40.0444086677
-30.5578932815
-29.9016301568
-29.1817497605
-31.6849014729
-36.8292407663
-41.4543339002
-44.4268157607
-43.0717979212
-44.7063063590
-43.9968503310
-46.2135129646
-36.7844235039
-34.9895568985
-36.3835835617
-35.2880171454
-37.0847129917
-39.2529832679
-37.0009727278
-33.0635447393
-33.8311162878
-37.9009932152
-37.6770480497
-34.2169326096
-34.8887941130
-37.4146057761
-31.2474958731
-29.2924407427
-26.9931472749
-28.6300127551
-31.1020232655
-35.0048394715
-30.8272797780
