-35.7644725621
-40.5225741686
-37.5787113250
-37.9233662479
-38.2848119501
-36.1095806263
-37.4324244489
-35.3139671223
-36.1350308867
-34.2492920770
-32.2986037758
-33.5236379282
-33.9750858722
-34.2711537475
-33.8089296809
-35.8665195785
-37.4056019349
-39.6263572477
-43.4540397711
-39.6962467444
-36.3198795920
-35.3971468407
-34.0098662146
-35.9552595419
-33.7984966112
-32.5140862893
-35.2727992932
-36.9231862599
-35.7355994329
-38.2698633573
-41.7736278574
-39.5597249419
-42.0323287375
-41.8905561085
-36.5721088846
-31.6873236525
-32.4513118224
-32.5716422785
-35.4870816999
-34.0177321197
-33.2692375943
-35.4609686160
-36.0422090974
-38.2851757221
-39.7653245354
-37.5762710326
-34.1866833222
-36.8780013332
-38.0184328483
-32.8668117181
-31.2827047337
-32.9614873660
-32.8791232281
-35.8810901328
-31.7258142749
-32.3848037718
-35.6613601195
-35.3202536308
-36.8626229602
-40.4944829576
-41.5230673310
-35.1945208763
-37.7685791225
-38.0368806918
-35.9962551915
-33.8547890848
-35.4932089761
-36.1974933463
-37.5832799148
-33.0581398448
-33.8294035523
-37.1899783354
-41.7175075789
-40.5206206454
-39.4624666188
-36.9803681080
-36.3221438232
-37.2464559368
-37.4043837245
-36.8557500064
-32.1892889461
-34.3789810730
-35.9286376856
-37.1727707154
-34.3521495003
-35.9551650387
-40.4287568550
-42.8152978531
-37.1897776824
-38.1634316069
-40.2804284424
-34.5251618056
-34.8724603221
-37.9645016949
-39.6085385804
-35.7769407240
-37.6214093460
-36.8945577979
-37.3069091998
-36.8440754267
-38.5655842490
-42.4845118677
-43.9893391442
-36.0549283949
-36.2400515583
-35.5770152803
-35.5804316894
-37.0573946591
-41.2404722716
-39.2745976618
-35.7706373922
-37.3348023396
-36.8358172722
-37.4006876827
-37.6063597926
-39.0172224166
-40.1472531413
-42.3924034150
-38.1663690199
-38.4833547659
-41.3048079934
-38.0076256277
-35.5311714118
-36.8823925725
-37.6819726433
-34.6646573120
-36.9926174738
-38.6398468539
-41.1379126350
-40.5029249585
-37.2860391868
-38.5183474062
-41.1080141851
-38.6697867200
-38.1863897827
-36.7944190134
-37.6650122845
-36.4070440414
-37.8543324788
-39.0522707197
-35.4409336108
-37.5019669884
-39.3359416008
-41.2360784593
-40.2572333509
-38.1428192199
-39.3948840757
-40.2069943719
-39.7786458179
-38.5372910830
-39.1040178883
-36.9949697407
-38.3379973998
-37.9134419599
-35.1578763364
-36.5824150773
-40.6275754079
-40.6021484597
-41.1334527886
-36.6671392379
-37.5954477299
-40.0488309779
-42.3648080395
-39.8157939289
-39.5679157817
-39.8028662030
-38.1881374686
-38.4893279643
-38.8675683274
-36.1212914512
-37.4175017650
-41.0990608275
-39.8431796088
-38.9711196356
-35.8832935285
-37.8481715377
-42.0956054763
-36.2992581241
-37.8156152939
-39.4701654886
-38.0222130372
-38.2461802153
-40.4263631588
-39.5469836302
-37.1257423059
-38.9822828469
-43.5382188864
-39.4317538700
-41.3497974265
-40.6138463287
-40.7229721199
-40.7019182745
-39.0855105002
-37.1070899127
-39.8911595204
-34.3912123253
-33.5818412149
-35.1300880537
-37.8827538087
-38.2549160882
-36.7887189529
-38.8356347840
-40.8388025589
-43.8787737915
-41.6263040437
-37.1764628636
-37.1324974457
-38.7322284731
-37.0003163720
-36.8264353981
-39.7695112044
-39.3616067553
-37.0851039697
-38.9341359170
-43.4663124398
-46.3300942588
-45.7986786797
-41.3190561990
-40.8753111660
-40.7698503505
-39.0774309920
-37.1068180496
-39.8979431485
-38.0156870328
-37.8424274603
-37.0253329533
-38.5975941729
-38.4946344920
-36.8080238134
-38.8397373255
-43.1413262177
-46.4405158968
-42.0101550809
-37.0314964650
-37.1117776036
-38.7615922618
-37.0154203021
-36.7771958349
-37.2140188017
-33.7409276761
