-32.4714620482
-32.7810389410
-34.8433813398
-37.6175087606
-36.4227395979
-33.6703533355
-34.6705528529
-37.9873057992
-41.9791108326
-45.9468580661
-44.8029107498
-43.4293104836
-44.8730202874
-47.2806846748
-48.1263103396
-31.9518113858
-30.9663623196
-31.5292754383
-31.7008404268
-31.5756319658
-33.5133744540
-28.9434423709
-28.4502789164
-29.4250801290
-28.5996197597
-26.5915615022
-28.9713562300
-29.8525873542
-31.7605661359
-29.4778332120
-31.0695848264
-34.8680859101
-35.6867987336
-33.5973555323
-33.7787787791
-36.8195184285
-39.6175204130
-40.7000631276
-42.4955404389
-42.5260823007
-42.0325565775
-43.7131082960
-44.2872426373
-29.7290488835
-29.8489832253
-31.9676519745
-34.4951248407
-32.0176631147
-32.4168823133
-29.7831004581
-27.4726218082
-29.1421289488
-29.3133521864
-28.1155662966
-28.7211852682
-29.5803281689
-31.6463189321
-29.2560123839
-29.6440360403
-28.0277817141
-28.9975638361
-32.1927377221
-32.8976461671
-34.9707491457
-35.0942163766
-32.6988068444
-31.7700321515
-31.4720896968
-32.4488054986
-33.6462326120
-33.5242916992
-28.6572055302
-29.3993204577
-32.5457479692
-32.2299920231
-31.4820152885
-33.4864393068
-34.5552544640
-36.6370517693
-35.8774510572
-32.4743787477
-31.1538364787
-32.3789496526
-31.7821559451
-32.8235052340
-29.3066345798
-29.6228035370
-30.8029104999
-33.8102566234
-34.9418203459
-37.6387088906
-35.2941806716
-33.9108601761
-30.7025412465
-30.0179978935
-30.7886195647
-31.2070840887
-31.0565936624
-29.8570743935
-25.5045480486
-26.8611991741
-27.9574261468
-29.1577597845
-32.7636901802
-33.3643223281
-32.0496730479
-31.7783265611
-34.3260558180
-35.8779688882
-31.5265593874
-31.5684444164
-31.9019672680
-31.7626478275
-26.8234425673
-28.4724124358
-28.8339916074
-30.6911618420
-33.5564776881
-35.5260137811
-37.0617108074
-29.9153757176
-29.5015378338
-32.3234982312
-34.3935902480
-29.9604905865
-27.9899678229
-25.9516836400
-28.4983104159
-32.5804282619
-35.5446008131
-37.8540958657
-40.4921841119
-43.5141386404
-43.5645419954
-42.9020016373
-29.4782836806
-29.6281436932
-27.1497675822
-29.0219952542
-29.5807217231
-26.3920127116
-27.7124153808
-30.5478964986
-29.3415495632
-28.9099359047
-30.9346371951
-34.7535694530
-36.0069329240
-35.4866143553
-28.2446378035
-28.2294341932
-32.2536790443
-34.4476174284
-34.1079492080
-30.1836440443
-32.5367920167
-37.9116010482
-42.4767909574
-46.7176580862
-48.9852753874
-51.7897931522
-53.7305532738
-54.9441333557
-38.1611026148
-36.2230601196
-31.4791413003
-32.8490668247
-32.9150026738
-32.5217256354
-32.0392749220
-31.0946920204
-31.2650996584
-31.1089415361
-31.8750502510
-32.4463820414
-32.5522739811
-34.1705696119
-34.3479731668
-29.5975526318
-25.7279379482
-25.0821375181
-25.5169333018
-24.4639467188
-27.3115804108
-31.0147124111
-33.2475699354
-34.9791015219
-37.0188998736
-40.6864463249
-41.0324203605
-40.5557293361
-42.5604972111
-28.9874607029
-27.6065504204
-30.9136038558
-29.3449672527
-26.3789814075
-27.7559031128
-32.5347854017
-30.2081622009
-29.0999448739
-31.0094150638
-34.7817965998
-35.8639808933
-35.4189178817
-28.2185751985
-29.9333345515
-27.8248475855
-29.0686081176
-27.0081605840
-26.9077524959
-30.3772584142
-35.5185996772
-40.3609205688
-43.1744585363
-43.5674143788
-45.9454095490
-45.5416167550
-47.8230124086
-35.6879508859
-34.5674753484
-33.1889564459
-31.2700592194
-34.3159386336
-35.4964596852
-33.2491404202
-31.3256539021
-31.3159056800
-34.8098878074
-34.3410820892
-33.1566384071
-32.7680283541
-34.2454497447
-33.8595725770
-29.5014166812
-25.7254691726
-26.8663593989
-28.0554729072
-31.2256898677
-32.3420746709
