-29.1733310608
-32.3365700920
-35.6803219155
-38.4105524426
-33.6729619187
-31.6451706449
-30.1956629816
-31.7106106566
-33.6191485673
-34.4589501938
-37.3653143823
-35.6491857930
-37.5224628309
-34.7804424163
-35.2389160621
-30.6357224976
-24.7135209791
-26.6249320406
-30.8807876047
-32.9339605927
-35.3569926748
-33.9437698465
-32.6053740058
-29.6382945492
-31.4375061260
-34.9144372615
-33.0654917978
-35.1372561677
-31.2095528579
-30.9708467668
-31.1405151909
-31.2006953099
-33.8346246121
-34.1136182009
-35.5023565226
-37.5210401291
-33.7424086834
-26.9192963124
-28.5431537996
-31.6640172243
-35.5304153625
-33.1986930207
-35.0173490533
-31.5069049794
-29.3931815354
-32.0537419208
-28.2965235248
-29.4357462232
-31.2082518080
-34.0824445684
-36.9635100164
-30.0446495261
-30.6197240035
-31.6240067567
-31.9484506775
-34.8929445460
-34.6501980843
-33.5932361586
-26.0239825994
-27.3011966073
-31.6991872309
-31.8050571731
-33.0387598987
-35.2172706345
-37.9973984219
-34.7140768138
-32.9126348756
-31.3188599272
-32.2391913495
-34.0426632451
-36.7189524359
-36.7291382346
-38.3340540955
-32.4162143005
-34.3447405786
-34.1795786376
-29.4769477161
-31.4925247257
-35.0653820740
-37.0972743624
-37.4337371499
-32.7885164647
-31.8830831547
-32.9175892576
-34.5657431983
-30.5714618402
-31.4837111919
-34.4706312797
-28.2751499083
-29.8901381073
-31.4773612520
-30.0765804985
-32.0329262847
-33.0914844910
-35.2003646290
-34.8299202402
-31.9170297841
-31.3392859001
-32.1354898468
-29.8333821731
-30.9312686860
-33.1759730458
-33.0171623263
-30.7686285720
-31.9404371918
-35.0853911827
-34.8277362733
-34.8842604739
-35.5409507122
-37.7351555178
-35.8524513200
-33.8042160934
-31.3225624392
-28.7437408389
-30.4473110548
-34.1766891174
-33.3424257045
-33.8107809386
-29.3350274366
-29.6187100561
-29.3736164600
-27.1966224982
-27.9623002145
-29.2110242231
-28.6601131753
-28.5508138758
-28.7539486544
-31.4685541612
-35.2601394258
-38.9142935461
-42.0773683144
-41.6905785277
-41.7058454223
-40.4843183031
-42.0778844110
-25.1608315407
-22.6811708405
-23.2321752174
-23.9819581138
-23.9298005313
-25.7977122590
-29.1737155529
-31.4243350151
-32.2332699153
-34.3802433047
-37.7073840647
-37.1468919469
-35.1246922236
-34.1101305859
-29.8020441340
-29.7373976952
-28.8700859614
-28.4605242722
-28.2306342826
-29.0775291201
-32.7056137721
-37.9144698531
-40.8014201115
-43.3651729682
-45.7150407091
-48.1165816266
-46.4246196836
-46.8003044212
-32.0641361483
-28.6466883230
-28.8562571941
-25.2933932948
-25.3123292095
-26.6090021699
-30.2360009662
-33.7223529624
-33.7701620155
-33.6697228752
-33.6494328329
-35.7503823036
-38.7379867810
-38.1236839448
-30.5755410811
-24.9613280692
-25.1965569611
-26.7247588756
-27.9384099747
-28.5700358882
-32.0820609766
-35.7816684955
-38.9809181479
-41.9785241648
-41.0587807681
-41.4719164586
-40.4746788128
-42.1056985628
-34.5750771430
-30.2005875855
-27.2574486199
-27.9163786603
-25.2419671550
-26.2116393309
-29.4149590533
-34.4332345631
-34.4022797425
-35.2106811913
-38.1499808588
-37.1970286573
-35.1390090466
-34.1527496425
-29.8048352612
-29.7714932045
-24.0281113986
-22.5102168445
-23.1769352238
-25.9666790451
-30.6227572070
-36.1115548594
-41.3090568118
-44.3782092660
-46.0120146728
-48.3820246512
-46.6155502849
-47.0083921565
-32.1168633338
-28.6611229565
-29.7912861271
-30.5375424044
-29.1683274946
-28.5855230209
-31.6407353826
-34.4534340052
-33.9423781670
-37.1593341905
-35.3060364897
-36.3276445151
-39.0105125666
-38.2616362746
-30.6582923046
-24.9741095182
-25.1944908016
-28.3459974218
-29.6701659645
-25.3862254754
-25.3217525018
