-20.7316520661
-23.4562486574
-25.6230143252
-23.1576419940
-22.4878761625
-25.0747622911
-24.4575631716
-20.5198849255
-21.6120406546
-23.9874898734
-23.5429600492
-22.0986497460
-24.1921496981
-27.3944249193
-22.1499205383
-20.3154710455
-23.4715558455
-25.6845706072
-22.6925295317
-22.6715973689
-25.2058456111
-23.6362971237
-20.3846757437
-21.8335029416
-23.8236069170
-23.8635151252
-21.7671463347
-24.0119769624
-26.5468503793
-21.8117448285
-24.4103612591
-29.8149757381
-35.4384829455
-35.3577046995
-36.0120038265
-36.8479786081
-36.3663021359
-33.0762782843
-33.7163771518
-35.9056005302
-36.1515342647
-34.8170300503
-38.1586455139
-38.2713314308
-33.7286407610
-32.6617480358
-36.3442035466
-41.0331029928
-36.7663265018
-35.2996865477
-36.7594367195
-35.8240869493
-32.4309868211
-33.9641634482
-37.1786520127
-36.6281942191
-35.2077269485
-36.0515223342
-39.6017303563
-34.6842146124
-23.5814364328
-25.4028220620
-26.1301528946
-21.9314966446
-21.4876373884
-24.3257251049
-23.8990631671
-21.5842976721
-22.4372060581
-24.8145673105
-23.2042613446
-22.2451671356
-24.0632490492
-27.5863447035
-21.8447606628
-21.2388476826
-24.8133374449
-27.2421039231
-22.8636854779
-22.8362765051
-24.9122774946
-24.5249981669
-21.4462455797
-22.5189747119
-25.4299268146
-24.1678593859
-22.2796264311
-24.6967017056
-28.7408823792
-23.5395902339
-21.2043521365
-24.1505857174
-27.4426637824
-22.6664358497
-22.6546512369
-24.6197761123
-24.6993116007
-21.5949974280
-22.8639651149
-24.9223493720
-23.9886265203
-22.5681922947
-24.3947640865
-27.3621418279
-22.5380323163
-20.4217086838
-23.4416185401
-25.7433655281
-21.5689464678
-22.4868171926
-24.8835454488
-24.8274147831
-21.1640749633
-21.8917437915
-24.5295784127
-23.6984735084
-22.0276481626
-23.7217462802
-27.6354172819
-22.3485437288
-20.5355610785
-22.8892574451
-24.8018687137
-21.4524570012
-21.1730710433
-23.9102419149
-24.9452441275
-20.8931763022
-21.5815039548
-24.0567165756
-21.9191747781
-21.1243777689
-23.7805593216
-27.4446923946
-21.6781409376
-20.8153872071
-23.5637886434
-25.7400034877
-22.2708918540
-22.9486944886
-25.3769212834
-24.1026989836
-20.6230764033
-22.0461931067
-25.0048468742
-23.6371010592
-21.4858159045
-24.4646315981
-27.4338916709
-21.2551089727
-20.7023206267
-23.9469045916
-26.6712458590
-22.4557743031
-22.3666485178
-23.6941444131
-24.4033355482
-21.1267766359
-22.2063036544
-24.7643050035
-23.7615703457
-21.7978409751
-23.9969442296
-26.1115704127
-22.4162997855
-21.7950433777
-24.9287161423
-26.9280166439
-21.6558520406
-22.2348777620
-23.8372868082
-23.8585309670
-20.5127323386
-21.9557118844
-24.7044601710
-24.1118426440
-21.1417705355
-22.8540744703
-25.2936107823
-22.3637784226
-22.2916220704
-26.0043747907
-27.9063974397
-23.7716150326
-23.3592362578
-24.9764980290
-24.6524126282
-22.1436249660
-23.0164725502
-25.2905024817
-24.9821644302
-22.0446978595
-24.4273009149
-28.1366123702
-23.3003131634
-22.4003634303
-25.5891518398
-25.6790530787
-22.8539398361
-23.0366227845
-24.7724932625
-25.0813206683
-21.8729347418
-23.2781252490
-25.5888048963
-24.2679244212
-21.8927134345
-24.5149431056
-28.0013268431
-24.4865981462
-25.5709732610
-23.3824650151
-23.3156203541
-24.9847756126
-24.6701160939
-28.5967845981
-26.2604892318
-26.4104398481
-25.3314243463
-22.1449376734
-24.5218833791
-28.2162837813
-23.3103099582
-26.2322128764
-24.0929520392
-24.1560203888
-22.6715365214
-23.0562590680
-24.8191825115
-25.1138743310
-29.3763001114
-27.3711715634
-26.9211113265
-24.7668216746
-22.0043456082
-24.5916382735
-28.0690233340
-24.5034834335
-27.4366543094
-24.0534360889
