-30.4418647331
-30.7809323125
-33.2361855242
-32.4908795453
-33.2856244611
-32.7756314574
-30.8789078680
-31.9413925923
-30.3462453242
-30.7254385939
-33.2318033513
-32.4199699026
-33.2136234845
-32.7730837127
-30.8992302770
-30.9597767609
-33.3374544957
-32.4176940210
-33.1613688245
-32.7772846437
-30.9333141338
-31.9468544500
-34.4160140060
-34.4483074472
-34.5032406027
-32.6522276566
-33.2458107704
-32.7965170100
-30.9355641240
-31.8817160693
-29.4684073274
-29.2136108133
-31.4558271102
-31.5956695684
-30.9924029179
-31.4821253254
-30.0251569532
-30.9491689224
-29.2285490358
-29.1381118555
-31.4323070745
-31.5725547382
-30.9736353066
-31.0953781585
-29.9394242963
-29.8146378676
-31.7080331453
-31.6063796768
-30.9294925177
-31.4222882729
-29.9988755647
-30.9658755525
-33.9007119254
-33.0761410642
-32.7141243929
-31.8711535490
-30.9966349189
-31.0755088548
-29.9279400248
-30.9565700694
-31.3182320533
-31.0523047009
-30.1354258987
-30.3223485655
-32.9032581932
-33.0757125570
-30.0954374326
-30.6444013995
-31.1346714306
-30.9597055631
-30.0576484721
-30.1149248345
-32.8112921139
-33.0473430045
-30.0948367448
-29.7796180240
-29.6839157600
-30.0738942288
-32.7325567006
-33.0375300443
-30.0654716525
-30.7060081536
-33.5158820723
-32.9320640239
-30.3738808519
-30.1574675166
-32.8069604298
-33.0495774596
-30.0781262299
-30.7132060511
-31.5142323512
-31.3156273468
-33.0015884572
-32.5201410664
-32.6722859675
-32.2514368387
-30.5808359432
-31.0955529289
-31.4580628609
-31.1512757889
-32.9434835637
-32.5248300562
-32.6915118611
-32.2628045967
-30.5812437377
-30.5237019846
-32.7299778871
-32.3778130089
-32.5554586616
-32.1691296620
-30.5423194239
-31.0270939340
-32.8186168841
-32.2257069461
-33.3241707506
-32.5776685750
-32.6494365282
-32.2169464835
-30.5628295481
-31.0322049590
-29.7668158623
-30.5521634517
-33.1464344819
-32.3726061865
-33.1286908905
-32.7745828432
-30.9405081475
-31.9231376385
-30.2909082503
-30.7080484217
-33.2113760825
-32.4081736368
-33.1571743666
-32.7689539841
-30.9288711151
-31.3218478290
-33.4809787461
-32.3930192154
-33.0955197192
-32.7746268592
-30.9676038296
-31.9138567525
-30.2360540573
-30.6712135699
-33.1959446202
-32.3649992003
-33.1178293158
-32.7665590004
-30.9401003529
-31.9492636745
-29.4177475907
-29.1862303209
-31.4396525547
-31.5457257412
-30.9284283681
-31.0673905073
-29.9093174064
-30.9315923300
-29.2231040073
-29.1349491823
-31.4139640878
-31.5475601694
-30.9379422796
-31.4558426436
-29.9967757463
-29.8286090390
-31.7026735600
-31.5629152518
-30.8740518778
-31.0305064614
-29.9038529593
-30.9337711175
-29.1451259179
-29.2141894934
-31.4453759187
-31.5246964888
-30.8890328256
-31.4237770467
-29.9981363560
-30.9523005251
-31.3125475265
-31.0169392043
-30.0828540597
-30.1370997973
-32.7879986318
-33.0418643175
-30.0834638076
-30.6379025802
-31.0841256205
-30.9214013565
-30.0251232958
-30.2661376461
-32.8332987774
-33.0636004126
-30.0692233626
-29.7494826533
-29.6171630259
-29.9196598539
-32.6202902209
-33.0089313501
-30.0505347204
-30.7067473628
-31.0661567688
-30.9143147935
-29.9744648545
-30.1736860889
-32.7720104970
-33.0431899734
-30.0592032676
-30.7145744290
-31.5206742104
-31.1831420200
-32.9431042502
-32.5146921547
-32.6533953716
-32.2376028946
-30.5596940612
-31.0215789984
-31.3947705590
-31.3087673363
-33.0032753025
-32.5094024772
-32.6357423997
-32.2136634139
-30.5537221365
-30.3834957437
-32.6686792500
-32.3469008890
-32.5433413385
-32.1562757193
-30.5343175887
-31.0181457565
-31.4603012001
-31.3655918879
-33.0320461768
-32.4527539917
-32.5773345725
-32.1682920649
-30.5351034023
-31.0227428309
