-28.8096650434
-29.5986776333
-30.7352334352
-30.4742915269
-30.1539617823
-30.8154123163
-31.3991734456
-33.0382265271
-30.6552228412
-30.0489346157
-30.8808109112
-30.5036773319
-30.1607907229
-30.8216405689
-31.3997948469
-31.3872710230
-31.2518482811
-30.5710165112
-30.1756305611
-30.8199252427
-31.4067040515
-32.8956434393
-34.9386628514
-33.0753604266
-31.6305275862
-30.6728848849
-30.1982236742
-30.8350369436
-31.4064373668
-32.8761029618
-28.8111072021
-28.0830760753
-28.7999414105
-28.0591754296
-27.7083374450
-28.8263897992
-28.0700292365
-29.3270553757
-28.1011640262
-27.9270396249
-28.7495962570
-28.0497081222
-27.6967612569
-28.8910129414
-28.0848729595
-28.1533449085
-28.8062784088
-28.0576892449
-27.6932516342
-28.8124315733
-28.0569357938
-29.3071200467
-32.1522016569
-30.9860387322
-29.4415084301
-28.1768468231
-27.7304981684
-28.9091811607
-28.0763960103
-29.3237917244
-28.6857990563
-27.7126484164
-27.5527579816
-28.1269780755
-29.4666894204
-29.9321785028
-27.9732511653
-28.7947630625
-28.3480118018
-27.6391534740
-27.5356073060
-28.1629106042
-29.4707427690
-29.9348544118
-27.9818290921
-27.3726629418
-27.4766958747
-28.0980777377
-29.4448717638
-29.9073561125
-27.9578792510
-28.7473825109
-31.0354919139
-29.4186123805
-27.8642768021
-28.2446624149
-29.4935909161
-29.9379458830
-27.9718167639
-28.7510889106
-27.4688480899
-28.0415043258
-28.9023366862
-28.0857545745
-28.0666490746
-27.8644942929
-26.1737817510
-26.8634025674
-26.7770549742
-27.7924130332
-28.8202275719
-28.0731155314
-28.0641479345
-27.8629123088
-26.1795763184
-27.2597983358
-28.6631023790
-28.0360981395
-28.0432261303
-27.8462134440
-26.1563216686
-26.9692569837
-29.0149876727
-30.0848425451
-29.4203756080
-28.1815280460
-28.0832832101
-27.8611115397
-26.1704572540
-26.9849098235
-28.4673363830
-29.5046725706
-30.7178096038
-30.4670625593
-30.1611752149
-30.8140141636
-31.3989818469
-32.8805304452
-30.5761275284
-30.0397793042
-30.8857432834
-30.5127692086
-30.1689323737
-30.8241870194
-31.4080711341
-31.3080475474
-31.2366640836
-30.5807932238
-30.1786352950
-30.8244537041
-31.4111910861
-32.8771930027
-30.5435026701
-30.0404757914
-30.8795072632
-30.5017108559
-30.1621176735
-30.8199822045
-31.4055764672
-32.9067056747
-28.8420270928
-28.0915931565
-28.8102074772
-28.0575753213
-27.7090391106
-28.8971932945
-28.0921239356
-29.3247082916
-28.0881832126
-27.9293918875
-28.7599102234
-28.0541977464
-27.7100229960
-28.8225448788
-28.0752684261
-28.1515648527
-28.8102553768
-28.0593010044
-27.6983963191
-28.8880315097
-28.0853959722
-29.3226537834
-28.0517600362
-27.9294035389
-28.7475534004
-28.0446126318
-27.7040640166
-28.8115862087
-28.0602991282
-29.3176994029
-28.6644992338
-27.7074014594
-27.5551128335
-28.1615681184
-29.4706107212
-29.9449327632
-27.9857439200
-28.7544302365
-28.3137984835
-27.6427368881
-27.5386819478
-28.1269508890
-29.4629661912
-29.9303388961
-27.9810018515
-27.3581247407
-27.4734658825
-28.1423719974
-29.4583289844
-29.9135351710
-27.9638201062
-28.7451480553
-28.2587073773
-27.6180348923
-27.5228426878
-28.1158187441
-29.4563909894
-29.9191640305
-27.9649891174
-28.7413458564
-27.4899912686
-27.9882450578
-28.8847005417
-28.0767183642
-28.0663293119
-27.8679456592
-26.1926697619
-26.9928469307
-26.8724737333
-27.8572743810
-28.8523850871
-28.0739906716
-28.0598356685
-27.8642936321
-26.1770466972
-27.2019070373
-28.6456371197
-28.0318894404
-28.0447731606
-27.8478200252
-26.1630379812
-26.9779177643
-26.8175366800
-27.8059220376
-28.8396347100
-28.0665053753
-28.0563894806
-27.8500117593
-26.1669269177
-26.9792240017
