-29.7350855640
-27.3813185411
-25.2360055846
-24.2274388331
-25.5221842059
-23.3915387565
-25.0360696845
-29.3275511807
-34.1019060600
-29.9501434398
-31.9349778893
-30.4594490606
-31.4979852609
-33.4672056165
-33.4301960015
-28.6555989516
-29.0712633200
-30.2507916276
-25.8300406588
-27.6543816773
-26.2066590561
-28.1549424167
-31.8062378328
-31.0571658678
-27.2612055529
-29.2617965866
-26.1226779602
-27.2621687239
-29.1712636145
-26.4838195760
-26.1054651496
-28.1135104906
-28.0969592147
-25.0922068437
-27.1427237397
-27.1472742172
-29.8728942221
-31.7231344856
-34.2556148251
-29.6197224188
-31.8646767240
-28.1378642419
-29.0705720103
-27.3685901667
-26.9981780377
-26.9932495492
-26.4912906374
-25.5177502477
-23.0782955200
-25.5596922373
-25.4881443580
-27.2227498726
-30.9902720224
-33.9557667680
-27.9281438978
-29.5251192515
-25.3252698835
-23.5073213863
-25.4840897074
-26.6054925457
-23.3386147941
-24.3067853135
-28.2270417960
-26.2267238472
-28.5908437567
-24.6559235436
-26.6239183780
-29.6422676255
-34.0421492919
-27.8432320022
-29.6651067104
-23.7118802415
-24.5283576182
-26.4359496716
-26.6789499490
-21.6253166362
-22.8313570768
-26.6200229746
-24.9488909814
-27.2366977368
-26.6232814510
-28.8065994526
-33.0404363798
-35.0643904184
-27.1125352843
-24.7514834283
-25.3484429831
-24.5922791076
-24.0372291749
-22.6786088535
-21.7728722939
-24.4600177010
-27.1940657336
-23.6205368325
-26.0522757729
-25.5374292523
-28.0323399456
-32.2593117928
-35.0113564139
-24.2881419432
-25.0863656462
-25.2309722350
-23.3594692877
-24.1146531904
-20.9217957263
-22.7340715064
-27.6059900534
-31.0814199330
-26.6380565580
-28.5498765814
-27.0246911571
-29.0930706123
-33.3913273807
-29.1463143526
-24.9195336491
-26.1712961415
-23.7661946090
-25.4628248339
-28.0732941839
-24.8913401485
-24.3464087156
-25.1231099118
-27.5928331819
-22.5202278672
-21.8739173432
-23.8662907193
-24.3927807924
-27.3234660690
-32.4325895145
-29.2409446977
-30.6484534538
-26.5416293164
-27.8159680253
-31.7273056363
-34.5767627064
-24.5653750016
-24.2607873756
-25.8469311299
-23.0561050160
-23.9412459646
-27.1003299348
-31.0900845888
-35.0681576520
-37.6168342719
-29.0306392011
-30.3662725597
-26.2998459473
-26.6816129103
-30.5533000921
-28.1788055269
-25.7854046304
-25.6156688582
-26.0892051492
-22.2320982880
-22.9089584644
-23.9589882614
-27.0042043317
-30.2670839834
-32.3589042855
-25.7669839612
-28.2623684520
-25.3909390585
-27.0319382440
-28.4306607609
-24.7594037017
-25.9306079914
-27.5472650526
-29.4273081135
-24.7958993775
-26.5749092358
-27.4138579616
-29.7669880346
-33.9097973182
-36.0495701102
-29.2077411522
-30.7363817219
-27.7781829430
-29.0294624287
-29.1672840573
-26.3140902826
-24.2670596453
-24.6966331064
-24.6153499271
-27.6552477518
-32.7919976012
-29.2742285018
-30.6458060258
-26.4241974150
-27.7577051821
-31.6831266001
-34.5181205632
-30.7544153096
-26.1498189598
-25.6592303866
-27.8594635277
-27.5659148585
-28.8812970716
-32.2741050260
-37.0591967089
-39.1470952331
-29.1449550230
-30.4149800589
-26.2606329351
-26.6372137870
-30.5003152810
-28.1300449456
-28.9613840438
-23.7389461547
-24.0487199206
-25.7473192026
-25.6244111991
-24.8101631242
-27.4893426792
-31.5710465296
-33.4917574643
-25.9152050063
-28.3306436225
-25.3245332639
-26.9575099039
-28.3880365176
-24.7402101676
-25.3952966421
-25.3764940746
-25.5034515451
-26.0499778963
-28.7330359042
-28.0833518195
-30.1139940209
-35.0514303107
-37.0247918155
-29.2596605208
-30.7333769884
-27.7183445887
-28.5147648249
-29.0504412030
-26.3084627170
-27.9012825369
-29.5088100681
-28.6958036199
-29.8886739406
