-28.9696486810
-31.1185421800
-32.7177984240
-25.6615787565
-28.1176065538
-23.5037703344
-24.0140832679
-28.2596368753
-29.2825967109
-26.6217383058
-29.1882162101
-28.8559011816
-29.1063414237
-30.2633206301
-30.8532323475
-26.0048499142
-28.0655370170
-29.7333702374
-24.8522747215
-27.9369160055
-22.1674712441
-23.7001137504
-28.4254824045
-28.9570394149
-25.5339791786
-28.3916302766
-27.9553664585
-29.2012384556
-30.8436096902
-28.3905454233
-26.5342747773
-28.9818436722
-30.9243439489
-25.5970630625
-28.1762189376
-24.0700572849
-24.9866838358
-28.8191219859
-28.7012680669
-24.8918023206
-27.6363921092
-27.1855124035
-29.4215316682
-31.6339517617
-25.8414899782
-24.6422138835
-27.8185416555
-30.8997895339
-26.6784204583
-29.2459819246
-24.8085643139
-25.4354741227
-29.5928416294
-28.8623287991
-24.3009557916
-27.4359772440
-27.3662068377
-29.2860338324
-32.8918593611
-29.2767037513
-25.9526276060
-27.5616142385
-27.1590044610
-26.7855125045
-29.4150186052
-24.2525460345
-25.1252317374
-28.9582770277
-26.6889299091
-22.4514698120
-25.7661567092
-24.6896980047
-26.9160028877
-30.5886228732
-25.7709583388
-25.7684144821
-27.5811365967
-29.3733471849
-28.2080903605
-31.0019776661
-25.6588691906
-26.2061554646
-30.0256592446
-28.4684924448
-23.7749550743
-26.6969162012
-24.5902945033
-27.4828852764
-31.3136013159
-26.1672078344
-26.5388627902
-28.7051000383
-29.3731892463
-28.4732254541
-31.3239838919
-26.2027791767
-26.5726087647
-30.6448506140
-28.8333663217
-23.9035087755
-26.9108517243
-24.3328673416
-27.0660855395
-30.8056886744
-28.5403652687
-28.2317010182
-29.4183340440
-31.5443029890
-28.7053719028
-31.2800754220
-24.7100605477
-24.9856145083
-29.1909697889
-26.6348175050
-22.4929625964
-25.8409760180
-25.0790098342
-26.2965667674
-28.2533128366
-27.6644742795
-28.6557970279
-31.0439662674
-32.7484982334
-30.0583074151
-32.0901081379
-26.6229111954
-26.5273060218
-29.7991869783
-26.7434035005
-22.8370247802
-25.5445235766
-25.2631219878
-27.3581558049
-29.5926513354
-29.3492730648
-29.6730140519
-31.5987196082
-31.7954254555
-28.7428592285
-31.2383806959
-26.3930483786
-26.0156144034
-28.8836609837
-26.5021379714
-23.2762027980
-25.7894968112
-25.3620063613
-27.3031138913
-29.5857939119
-30.2728280699
-31.7401453438
-34.8856210708
-33.6751899030
-29.5570152674
-31.5298411684
-27.7342058584
-26.3223885826
-28.4394704148
-26.0324440191
-23.3441841085
-26.1323420432
-25.9439564732
-29.0197374971
-32.4900160499
-30.7275189961
-31.5698723530
-33.2511509343
-34.4019716250
-29.8264004724
-29.7658009099
-26.3909369117
-25.5370447615
-28.2564224289
-26.0748287673
-24.3331922857
-27.1355128957
-25.9415860847
-28.2613094885
-31.1063782535
-30.9476905102
-30.6530388817
-32.8326307698
-34.3559413363
-28.2537102685
-28.9621931597
-23.6689297579
-24.0490060244
-27.1161018733
-26.6419493815
-23.8103840158
-26.5602040348
-27.6664692380
-29.5341153364
-32.4365522433
-31.5980062938
-31.0236127933
-30.3906327937
-28.1235888464
-25.8895385445
-27.9230471149
-22.7551214837
-22.8466034254
-26.4795888627
-26.4358836461
-22.7099883279
-25.9220326434
-27.4518398220
-29.6583645137
-32.3434637567
-31.1382237719
-32.5901198998
-28.0958070279
-28.9060430829
-23.6508689860
-24.0311575649
-28.3580383547
-27.1672742739
-23.8811991744
-26.6001174178
-27.6792934070
-29.5422556929
-32.4928965009
-31.5784010857
-33.3800528370
-31.7006125705
-28.3025019233
-25.9720088565
-27.9806859674
-22.7560497022
-22.8325649323
-27.0415091116
-26.7148578795
-22.7755630042
-25.9721512495
-27.4874836589
-29.6736652247
-32.4295342934
-31.1144564699
-33.4544280794
-32.0281816280
