-26.6547373001
-27.5997087239
-27.8239400780
-22.4361328436
-23.5987230537
-22.0562701717
-26.1336922872
-24.8450224487
-28.3533558400
-24.8754827647
-22.8916213632
-23.0610089087
-26.0703663232
-26.6232814472
-28.9647797332
-25.5911946971
-24.6253480080
-27.1712797127
-20.4391998339
-22.3798869542
-24.0053965918
-27.4212409738
-24.6291618619
-28.1762150477
-27.9495460002
-23.0282157441
-23.3113288006
-26.4843425786
-25.4330946689
-23.5227645065
-23.1469720207
-23.0274299295
-26.7808649305
-20.7658977573
-18.3385819702
-20.4784892351
-25.6122498385
-23.8118313569
-27.1156746510
-26.4852410319
-21.8019862408
-22.0982186475
-25.7266511182
-26.7926896760
-25.1384378023
-23.7210122528
-20.6296412547
-24.2057156671
-28.7465164262
-23.5684478571
-22.5903594971
-26.6216153068
-23.5771992649
-26.7589553500
-25.8252390386
-20.6943407933
-21.6309700979
-22.6163392508
-23.0893797644
-24.2457235650
-21.2990575938
-24.7732531722
-30.0046804754
-28.8998536569
-22.6082364322
-23.3761603835
-28.0936515296
-24.6324824782
-28.3080802858
-24.7979979012
-21.5927927500
-20.8486179412
-24.5721612243
-27.1414200885
-23.3714014794
-22.8743088613
-26.0005065701
-28.2593365331
-27.4675509075
-23.0092371063
-24.6636742328
-28.1930433707
-24.2309834053
-27.5941911897
-25.5717914474
-21.7833610303
-22.2786606710
-24.7893785430
-24.7266506694
-24.1090851743
-25.3633514312
-25.7334179299
-27.1793475750
-27.0333480477
-22.5623899589
-23.3217100907
-27.8755280355
-23.5224926371
-26.9800965387
-25.3550337160
-22.9310091463
-23.2718439223
-26.4512438941
-26.1108415553
-23.2656376766
-25.7915280099
-26.3348657921
-28.3904767933
-26.9930087480
-25.1561775195
-25.8982161494
-29.9537411033
-26.2179853787
-27.0554518059
-27.4585095219
-20.1356866555
-23.2288390519
-26.3848873006
-25.2564289725
-24.9046316707
-27.7906381486
-26.9756807161
-29.7613772939
-29.9105731476
-27.2987653719
-25.3867303642
-28.2113850731
-25.9690507251
-29.1361078275
-26.0313915185
-24.1835212913
-26.5342734704
-29.2716794558
-29.5283026377
-31.1399442635
-30.9892868486
-22.8480028674
-23.6955166776
-25.6910435408
-23.7777241921
-24.9596386362
-28.2088489747
-26.0983772869
-29.5626013928
-25.4566820280
-22.8432051339
-25.6164378334
-27.8274924259
-27.6306182565
-29.9415137467
-34.3480547162
-30.1315382535
-30.0271311916
-24.6894468520
-23.2634291136
-23.9476386295
-28.5391185678
-25.6485694614
-29.0400158842
-27.4618456734
-24.2063979230
-26.3188375245
-29.7248609094
-28.3066407089
-31.8412201191
-28.0011533701
-27.5250124065
-29.5720687106
-27.6106376232
-24.5943582105
-26.3965075146
-30.3957049742
-25.3317945993
-28.6146123478
-29.0847399607
-23.8241066262
-25.2587566423
-28.0746897379
-24.3235139544
-27.9820271472
-26.5131548933
-25.0701509785
-28.5280822222
-25.6743019501
-23.7965655985
-25.1546991019
-29.7440117154
-25.7774053806
-29.4523440983
-26.3520112938
-25.3203271559
-26.9463065547
-26.0923263874
-26.7889172624
-26.5813498025
-24.4013147006
-25.7733636802
-27.5601966608
-26.6153909404
-22.5783858662
-24.1791650080
-27.8227348167
-25.0273791444
-28.2042674355
-27.8629899790
-25.0854089695
-25.2473008486
-27.2678674883
-27.9748525635
-25.1742240503
-26.7261803243
-26.6494191397
-29.1684737696
-25.9382059088
-21.6110528888
-22.7484802581
-27.5423339579
-24.4194466684
-28.0039833224
-26.2504160624
-25.3849748991
-22.7750645848
-26.0389272971
-24.4022493923
-23.0308657641
-25.4490258385
-26.6056686066
-28.7177779112
-25.8259549394
-22.8954002600
-23.9564845376
-28.1741605445
-27.1970342136
-27.6880499790
-23.6038858651
-23.5278975386
-23.6860428965
-27.1451187163
-28.5331699575
-27.7626388494
