-28.8798613754
-27.8817058136
-28.6120840376
-24.8282187242
-24.5024684887
-28.2722448557
-28.0407353441
-28.2197791774
-30.6940047534
-30.2328370168
-32.3880518808
-28.6982102541
-27.9107511447
-29.7235922296
-34.3478411099
-30.1520147248
-24.2953075139
-26.7478426298
-23.9171990258
-23.8554278496
-26.5941221945
-31.2151402863
-28.3301167358
-30.5044877332
-30.2151426161
-32.8799983682
-26.9325010957
-26.9023346536
-29.6942128938
-25.8270514627
-28.3711059180
-27.4016059994
-30.5460012208
-23.5485461895
-23.6829320079
-26.4908440015
-30.4669965225
-29.4824833646
-30.6137028815
-29.8230708003
-31.4643105216
-29.4188156323
-28.9461907860
-27.2849171956
-29.8340346454
-29.4347196183
-24.6150599377
-27.8428915268
-22.8870670102
-26.4848850145
-30.0059478890
-31.7023719148
-30.3067979971
-32.3882201671
-29.4890611589
-30.1927786422
-29.6592953256
-28.1176609402
-24.3394283062
-27.3886886139
-25.6454521076
-23.6874125702
-22.4938416216
-24.5933937432
-28.3882993137
-31.2110273964
-33.0440495643
-30.6187841331
-32.1285120179
-29.4080628008
-29.4778267334
-24.1226291324
-26.9807334816
-26.3814139391
-27.5415196779
-25.0978318250
-22.2783163148
-24.5910181779
-27.2757515248
-30.0441834815
-31.6818281350
-34.1285266382
-28.5663696123
-31.1873364632
-31.6193941481
-23.5275000973
-21.3787173772
-24.3000482839
-21.9213095565
-22.4453218250
-22.1193929067
-25.7245461307
-28.4485648853
-29.6956110498
-31.4595412741
-31.9558660644
-33.5664563484
-30.5607064177
-31.3341010708
-26.3441169155
-22.9560723401
-20.8408750247
-23.8772364434
-22.5044222761
-23.7698311053
-28.3553223165
-33.3098254387
-32.8814120573
-31.3209610406
-32.6378512787
-33.7221691331
-32.4606975646
-30.1627351843
-26.6058394960
-27.6416727343
-24.7578709149
-21.8280488565
-22.0180578715
-22.4455872161
-23.1566749497
-27.7365179799
-32.6045195710
-34.9506287049
-31.7975187983
-32.6837326904
-31.3796705072
-29.4650595362
-30.7016920048
-35.2424904429
-32.1437738980
-35.1369622981
-29.7759232738
-29.5648721127
-32.7323948745
-35.3537523294
-38.1694967335
-36.3949344813
-32.0826940483
-27.8760212836
-30.0230597250
-30.7815459476
-32.7783216035
-31.6334973534
-35.2434199490
-34.2545882250
-34.8211895545
-32.0414718472
-31.1552242751
-34.5990192223
-36.1201664549
-35.8822811593
-36.3049530162
-35.6155136580
-28.5828522859
-29.6735124687
-30.1184978957
-33.0280847423
-32.8293451010
-35.4179119683
-33.3106500943
-35.2467496445
-32.5896227802
-33.5578421859
-32.7622713314
-36.3471603836
-36.5232292106
-36.8047523676
-35.7850538955
-27.4443454601
-30.5353234724
-31.3826247520
-33.7770906346
-33.6326951283
-35.8269466852
-33.6225779381
-36.1237252663
-33.2455673863
-32.6115051645
-35.2261152400
-34.6924417068
-35.4894313704
-38.3045750818
-33.6318886020
-30.1953587545
-33.6290120307
-31.7422399859
-34.9980377200
-33.5978474689
-36.4007963653
-34.9631111007
-37.6954246883
-32.1546328782
-32.0565615397
-35.5118574790
-38.1003826989
-34.8651329570
-33.3240645649
-30.8401168920
-27.5223054310
-30.7892047112
-30.6263289851
-34.1776458073
-32.1761825463
-34.8639289892
-34.6522940200
-29.7626550630
-27.8615400453
-29.9429766391
-33.5962395917
-35.6904585195
-37.3104395360
-34.9750847237
-31.3350901461
-30.1736187737
-32.2705552798
-30.1957872624
-33.8720614393
-33.6252033542
-34.8556112804
-28.6148104342
-30.7364412808
-29.6425524464
-30.4392263729
-33.6877913988
-33.8951270693
-35.5533890827
-37.4591498559
-32.5992713121
-30.4297849555
-32.8818470367
-31.4824916945
-34.2465359005
-33.7684881054
-28.6552455322
-31.1592413707
-33.1126574454
-28.9890843004
-30.6616465832
-32.3051129448
-36.3920669626
