-33.0984325361
-34.4685884244
-36.2826667296
-35.4657236343
-34.4300641458
-34.1677707228
-34.0371819768
-35.4081831826
-34.7087767940
-34.9124384276
-36.4180415490
-35.4850751008
-34.4352386049
-34.1649226343
-34.0369839052
-34.3923140236
-36.2083756387
-35.4406876422
-34.4299333927
-34.1550410614
-34.0388040927
-35.2121298340
-37.1127459626
-37.0967694818
-37.0537957131
-35.6137064265
-34.4590563928
-34.1618311635
-34.0308410959
-35.0325397295
-34.6769830644
-33.9243135194
-34.2075339233
-33.7115833069
-33.7382414169
-34.7868687938
-34.5075904097
-35.2819830885
-34.6656645012
-33.9122259723
-34.2147292307
-33.7213781427
-33.7378103199
-34.3873505823
-34.4174988958
-33.9716966517
-34.2605795732
-33.7457034089
-33.7361415989
-34.7717312034
-34.4784583475
-35.1428034771
-36.8007689572
-35.7116107617
-34.5974113565
-33.8075237617
-33.7514306565
-34.3765783346
-34.3979584190
-35.1346566492
-33.0808028610
-31.9082783877
-32.4806095968
-33.5355545977
-34.9700449028
-35.2907616762
-34.1387020935
-34.3816945377
-32.5857131283
-31.7746874870
-32.4371296381
-33.4837323298
-34.9464329544
-35.2904224948
-34.1337049926
-32.9615585735
-32.7828008745
-33.6535780968
-35.0086507426
-35.3364514884
-34.1545465281
-34.2834290102
-35.6609937581
-34.0020158469
-33.0059214392
-33.6661381678
-35.0185724474
-35.3211805558
-34.1452941240
-34.2864661083
-33.4455834767
-33.5650413771
-34.0321822863
-33.9357434168
-34.2774881569
-33.4363595544
-30.9998506681
-31.6750186144
-32.6387186543
-33.0705704609
-33.8846758933
-33.9025282306
-34.2598481319
-33.4270579558
-31.0065359096
-31.6512668470
-33.4113611036
-33.7889102078
-34.2457682176
-33.4210989775
-30.9852865772
-31.4582311546
-33.7275830911
-34.1627063026
-34.1640190129
-33.9690181539
-34.2790351868
-33.4305481589
-30.9921970765
-31.4641396443
-32.9958521505
-34.4092938098
-36.2455535488
-35.4525887681
-34.4272018168
-34.1646067553
-34.0345979836
-35.1594544376
-34.5675232538
-34.8702478799
-36.4030696662
-35.4853896851
-34.4311567761
-34.1591293631
-34.0362550534
-34.9029050987
-36.3877909668
-35.4705615010
-34.4319115196
-34.1571072202
-34.0324282580
-35.0279737258
-34.4956323209
-34.8525547771
-36.3767274379
-35.4620793757
-34.4322947170
-34.1559835198
-34.0305549924
-35.2050471557
-34.6662807240
-33.9027897369
-34.2112364384
-33.7114926860
-33.7244540787
-34.3536033217
-34.4032856392
-35.1167395838
-34.5627669461
-33.8817915562
-34.2027918557
-33.7079416372
-33.7293191320
-34.7716600010
-34.4839499801
-33.9772335949
-34.2668764381
-33.7431724937
-33.7330773144
-34.3473439998
-34.3840908167
-35.1163978129
-34.4563830713
-34.0419693546
-34.2489270071
-33.7322720817
-33.7310758848
-34.7710088244
-34.4774136168
-35.1398168678
-33.0661287312
-31.8911341876
-32.4790185508
-33.5013581149
-34.9460031520
-35.2782676299
-34.1377441001
-34.0821740079
-32.4034004951
-31.7312373027
-32.4237798693
-33.5274569638
-34.9640237847
-35.3079874332
-34.1429651643
-32.9616000002
-32.7839608234
-33.5903660638
-34.9872615980
-35.3196930769
-34.1474793847
-34.2840335818
-32.3410221730
-31.7028638650
-32.4102799285
-33.5092188396
-34.9634010890
-35.3101972910
-34.1498057553
-34.2844336087
-33.4418809614
-33.2835634793
-33.9430914855
-33.9220492889
-34.2653760129
-33.4277609158
-31.0055131867
-31.4712456262
-32.4151372145
-33.2364690383
-33.9312537934
-33.9216518511
-34.2595749743
-33.4239587174
-30.9932534587
-31.4547474217
-33.3379723315
-33.7641706742
-34.2351798010
-33.4190289349
-30.9832929150
-31.4598882245
-32.3738813543
-33.0719957999
-33.8812219386
-33.8974935866
-34.2687561762
-33.4256429735
-30.9862380978
-31.4648426045
