-23.5419010716
-24.0468129937
-25.2146552747
-23.8990994182
-27.3833329047
-26.7955092960
-21.9520883409
-24.0877594535
-24.6083695166
-27.5619068098
-32.4516963046
-29.9162926337
-25.1432575526
-24.6598526203
-26.0887688712
-21.0118419717
-23.5057044423
-25.5431189581
-26.3235122828
-30.1604023319
-26.5015515205
-24.2534160018
-27.7264914092
-26.1251545056
-28.3270472709
-32.6725422832
-30.1648686608
-28.9750419279
-28.2042324945
-22.7336468887
-24.7756870050
-27.6809828385
-31.8864749625
-34.1742850764
-37.7243314821
-35.0953439650
-32.1982720809
-34.8382534805
-32.8313750229
-33.3980087425
-37.9437779728
-36.6465320246
-35.8506829204
-33.3603181743
-28.9607937117
-28.1513810217
-31.7435216171
-34.7792087280
-34.6679157869
-37.4809131450
-37.3455189228
-32.5592621512
-34.9063189108
-32.5825996498
-34.1830921366
-38.3441881019
-36.1908184630
-33.3297335860
-34.4890765362
-28.8101116716
-22.8632479151
-24.2875581197
-25.6509515086
-28.1832330087
-32.9259211978
-32.7057160455
-26.8015498294
-28.2496038418
-25.6999528835
-27.2112500668
-31.7210281857
-26.0911612603
-25.5309498487
-25.4381137846
-22.3044345905
-23.1832709259
-23.8711959064
-25.5387419616
-27.8568458760
-32.3783916734
-33.0080795101
-26.9610687205
-28.9269066250
-26.0874509787
-26.8765374366
-30.6174545867
-28.6577350212
-29.1487015698
-30.0344300750
-23.4916685413
-24.7369866479
-25.5477160314
-25.6713295876
-27.5114839869
-31.7850014387
-31.4261823875
-27.4304895013
-29.3101118335
-25.7419181837
-25.3521713891
-29.5487545019
-28.5673690376
-30.7740671201
-25.0518066876
-25.3260233396
-24.9501803858
-25.7465450335
-26.6625553104
-27.9260246696
-31.8232046643
-29.8871165513
-25.8768153476
-27.9713584731
-21.9095624730
-23.1722164523
-27.7026969180
-27.0844531337
-27.7233300436
-24.8953676103
-25.7083715769
-28.8571439751
-30.8822297724
-30.2187312073
-32.2955692633
-36.7145158842
-33.0368037740
-29.6274329725
-29.6306616687
-26.4171652238
-26.6753419364
-30.4770192078
-31.3967046673
-29.9270998404
-26.6791350709
-26.4324102709
-28.3809564181
-30.5792643050
-30.3796495278
-32.7466767437
-37.1536341410
-32.6864720313
-26.4767433659
-29.4433273051
-25.9849961413
-27.4009703549
-31.8152805024
-30.7292550343
-28.1388714338
-26.7105494952
-28.5022746640
-30.8333034898
-31.7318910632
-30.2234771537
-32.8191826061
-37.9751716677
-33.6172416570
-27.6830930106
-30.3443759339
-26.7188335502
-28.0769811590
-33.1607862446
-31.5297414860
-30.1557366544
-31.2089275761
-31.1965979438
-30.8687816123
-31.2422903506
-29.9947535986
-32.5274787691
-36.3793282404
-32.6292992380
-26.7979508829
-29.4503439667
-26.8909953714
-28.7056877775
-32.4998924396
-29.8808339268
-29.4080796298
-30.1494592040
-30.6915657581
-30.2502245939
-29.4167300536
-28.6983202879
-27.8867275100
-31.6930806619
-31.7444925640
-25.3445294405
-26.8957827444
-25.2526138289
-27.6326209834
-32.5571843315
-32.4051145287
-30.8326057035
-29.7954132626
-29.7219027938
-30.7322714194
-28.5564000108
-25.2392951301
-26.7850723417
-31.2972247946
-30.3913124471
-25.4461894083
-27.9329351589
-26.3983367618
-27.7754617237
-32.0970315725
-34.8041398605
-29.7556513479
-30.3786009037
-29.8448547961
-28.9154793202
-27.9905390675
-31.7608975411
-31.7370655251
-25.3173172403
-28.3617719371
-25.6907690846
-27.8001779559
-32.7038699637
-32.4205304563
-30.8013065010
-29.8073894769
-29.7209512730
-32.9885998665
-31.8230570689
-25.9946977675
-27.1186056057
-31.5411998539
-30.4421132914
-25.4526908198
-28.6655814934
-26.6788865037
-27.8587657437
-32.0026122505
-34.7963373923
-29.7201330886
-30.3487969473
-29.8146378663
-33.1884890868
-33.4143619472
