-18.6887792256
-17.6746157643
-20.1673975449
-23.5803192087
-22.8780152628
-20.8914312034
-16.8986742821
-15.6421421450
-17.6897714871
-20.6816214792
-24.0255312869
-27.0397704928
-27.9022340328
-22.5287216326
-19.1764589960
-17.9098149237
-18.1867179083
-20.8925121738
-24.0727901579
-24.0876740148
-20.2268216497
-19.8389260289
-18.8423896895
-20.3450678648
-22.6803513562
-24.2248302412
-26.1001172080
-28.9756283575
-23.0810037756
-18.4650837595
-18.7964007815
-21.5066121168
-26.1311717068
-28.6705332987
-24.9756966797
-24.7510173692
-25.1172039789
-22.9796570985
-24.1607067800
-25.1598114099
-26.3377721402
-29.5567330384
-31.0830342708
-25.3179735795
-23.1079402068
-23.3256507620
-25.8518038949
-29.5422232813
-30.8757788504
-28.2329321674
-26.6470591077
-26.0723224105
-22.6263813438
-23.6461463096
-24.6851876500
-25.8820325247
-28.9422461634
-28.7404940066
-25.1810037767
-21.6298774292
-22.3468736784
-24.7637910164
-28.4842630556
-30.9704454423
-28.1686999738
-25.8737135217
-23.7386276814
-20.9017050337
-21.6490010833
-24.2946343129
-27.3516634526
-27.8689528392
-25.3964475240
-21.6309946936
-18.8536642335
-19.9736445640
-19.9450691595
-22.8780747864
-27.8816837678
-30.6687784464
-29.2154814867
-25.4978848020
-20.6975785508
-21.7774395789
-23.3770186860
-23.5105060695
-25.3915034991
-27.7166292630
-24.9607532653
-23.7964723681
-19.5331589673
-19.8639892253
-22.9462528867
-27.0668040251
-30.4607889837
-27.6366277151
-24.2395444738
-20.0243975401
-20.1468304530
-20.6475673880
-22.8398961686
-25.4962303389
-27.0995518882
-26.7366263360
-22.8435171041
-18.9138055325
-19.2664599355
-22.7922877431
-26.8621273812
-27.2264899224
-23.7414589388
-21.5404280167
-18.0420452919
-17.0235060899
-18.2045391919
-19.7718820026
-23.8327440934
-28.4539399938
-22.0866398554
-18.8149548065
-20.4133676448
-22.6419875753
-26.4349230262
-29.3954340979
-26.9520726392
-25.4895955651
-23.3750715936
-17.8405390113
-19.0071853387
-20.7528767803
-22.1244391952
-25.6066416990
-28.7284802321
-22.5225322108
-18.5476278661
-21.0080073639
-24.5576048657
-28.1069973858
-31.1790873611
-30.5238055414
-26.4699558326
-23.1111469165
-20.0369472539
-20.8805294668
-22.2224833683
-23.7053619998
-27.8526643457
-29.0273755084
-21.6337469493
-22.0398379505
-24.0528897332
-25.9371948031
-29.8537886545
-33.1102404246
-29.8338676404
-25.7704832201
-24.8476944444
-20.1557048293
-21.0821768141
-23.8860952691
-26.8370383034
-30.2649556790
-31.2237570042
-26.8535326055
-26.1047983960
-26.0299674224
-25.8482502618
-29.3230071479
-32.4245967276
-28.5205011355
-25.8966238019
-23.9855570152
-19.5338645097
-21.4775965447
-25.1312851898
-28.5337563876
-30.3670506012
-31.1991560027
-27.7338148525
-26.3376788708
-23.6206312969
-22.6673044940
-25.3239144221
-27.8283623807
-24.9607985764
-22.1227316297
-20.9373656752
-19.1255791558
-20.9584402538
-23.9891766816
-24.9686605741
-27.9109634246
-30.7560839927
-27.0997628616
-24.6264328167
-23.2825203337
-22.4814459193
-24.8596913657
-27.2364206804
-24.0038780371
-21.8282054881
-23.0870611269
-20.1613168582
-21.7093935065
-22.3826586246
-23.7110465083
-27.3605909104
-31.3171199682
-26.7765047193
-23.6090641699
-25.5785297243
-27.9463263494
-24.9920990799
-22.1375624097
-20.9619485742
-24.9271133828
-25.2254520464
-25.5812043312
-25.4437956847
-28.1461741637
-30.8599913367
-27.1869156873
-24.6822048815
-27.7004171076
-23.9801715326
-25.3692068019
-27.5507086239
-24.1418239609
-21.9664155185
-23.1999451620
-28.1056626449
-26.5060565839
-23.5035799769
-24.3068072979
-27.8511043732
-31.6616778741
-26.9798725351
-23.7553886573
-26.8415524970
-24.2640380284
