-23.5949881763
-23.4843554314
-24.1834384427
-24.9610303192
-24.0199943499
-23.4593233132
-23.2273127522
-26.3006835469
-31.4977703846
-36.3346974113
-39.0823206449
-38.5186348117
-37.4851283212
-38.5637316961
-42.2185638962
-28.4733238359
-27.8504622712
-28.3319757578
-26.9436513634
-23.4862947204
-23.8236302236
-28.1882132726
-27.0564110990
-30.6425604901
-35.3284392847
-31.0506838674
-29.6358050519
-31.5347864771
-35.6523122450
-25.1380843832
-26.1861864744
-26.6941652080
-24.4434495931
-25.0213670933
-25.8309572325
-29.6069448498
-33.8619351904
-27.6783897797
-30.7496861819
-33.5829429001
-33.1807176977
-30.2901716320
-34.4333420164
-26.4000300811
-24.9813902736
-26.7418784741
-25.9850945262
-22.7478782789
-22.0878904449
-26.4477536932
-32.0393124667
-35.9843980721
-27.7146381876
-29.7281867104
-33.8137856641
-30.5120066899
-28.1522872283
-23.9492465068
-23.6805719768
-24.2164050792
-24.7887700959
-25.6992266219
-24.8881023953
-28.2899276060
-31.3987565846
-34.7550051471
-35.2928407614
-24.9351528313
-28.6231993415
-32.5873093476
-30.7575494976
-24.2590539220
-24.0417757595
-23.9313216630
-26.5727757549
-25.0294220088
-24.3762424542
-28.0902014660
-32.1194059082
-35.2761095435
-37.2835587575
-35.8955118160
-25.5025582712
-28.7941209397
-33.4641374723
-25.8328110741
-25.8350144619
-24.6376867138
-26.3710611276
-26.8770125454
-26.6995519879
-29.5367886507
-33.4347892128
-32.7033430762
-34.9672058685
-36.2916744502
-36.4633261217
-25.1072939461
-28.5546031166
-28.8002119773
-26.0624874796
-26.9709347692
-27.3356015309
-29.6383722175
-28.2782776334
-30.8713863145
-34.5251851092
-38.0556469975
-34.9739636018
-35.2138801082
-36.1713699026
-34.7719357256
-25.6121087388
-26.2689040515
-26.5405120948
-29.7146621711
-28.7291896962
-30.4950281955
-29.2470422005
-28.0128952718
-29.8594046390
-33.3093127846
-33.9571247863
-30.2624985644
-32.4046756462
-28.8392890489
-29.8035147851
-24.5091123015
-28.4189576906
-32.1182990397
-34.0185813599
-31.0667911010
-29.8609063616
-29.6784655498
-32.1480369599
-33.4216905865
-34.7198377218
-35.6663028355
-27.7648512954
-28.6991695353
-30.1900211737
-30.9144986179
-26.3991148013
-29.1636604928
-33.7380006071
-30.5997990335
-31.5075794648
-31.7225661538
-33.2912882665
-26.2794756367
-29.8904229155
-33.1423448775
-30.1979518048
-24.9609345149
-28.8943982696
-32.8892947830
-33.3427467542
-25.3625332529
-28.5221465526
-31.1586134936
-31.5987921045
-29.8145459472
-32.5606227519
-29.1110446515
-32.5751052745
-33.9248054473
-33.1363185846
-35.2818212437
-28.1046736479
-29.3263498294
-33.6445664729
-31.7410735467
-25.2368716643
-27.6223704532
-32.0554520712
-31.5431948186
-30.8040160675
-28.2560858406
-32.1447538935
-35.8574082792
-32.3213794120
-34.7680959912
-30.0296957699
-30.7382627626
-27.9013136043
-31.4933765546
-30.5060399376
-21.7408843601
-25.5931068003
-29.9324581249
-32.6405181200
-28.6832823751
-31.7602852064
-36.9353178061
-40.7274215806
-30.2680743353
-30.2509107235
-29.8677819130
-27.4427531148
-28.3771827058
-31.4836956510
-30.1825760039
-22.0093582455
-25.3010287558
-29.6190608817
-32.8880934036
-28.7506254481
-29.2429914411
-31.7859879218
-31.6096536730
-30.7414564847
-31.3615773621
-32.5333678311
-28.8908808896
-27.5588062814
-29.5237288630
-31.5750325542
-22.1174393703
-25.3105064234
-25.8222304261
-28.9481339522
-27.1398640044
-29.9024043147
-33.1872954756
-31.0769898486
-32.3153065045
-34.7617162831
-37.5845680230
-27.2872694426
-25.7412165186
-30.0454353313
-32.3534527697
-23.2819054463
-24.4083818490
-28.3093567531
-32.5192698023
-28.6680386293
-28.6105266510
-29.9165114213
-29.5659582517
