-32.3697891633
-31.5379116160
-32.3707134996
-33.2581404047
-32.9835263987
-31.2123582324
-30.1092817376
-31.8955551887
-32.1143570219
-31.4683457478
-32.3197094077
-33.2152339488
-32.9631276106
-31.1988608803
-30.0899652213
-30.8033493637
-32.1034773303
-33.1281109158
-32.9262319160
-31.1731620565
-30.0674679074
-31.8015708467
-35.2662098562
-33.9314479735
-32.9708032087
-33.4053179766
-32.9959026385
-31.1962367548
-30.0673255030
-31.7553502486
-32.3774569915
-32.5599016727
-32.8632516111
-31.9634730538
-31.1936203985
-31.6641699858
-31.5610976438
-32.8913492907
-32.6543792465
-32.6401478669
-32.8788565482
-31.9663327939
-31.1879306937
-31.6265454388
-31.5440673683
-32.2307221611
-32.7296684827
-31.9109970176
-31.1675901607
-31.6557008053
-31.5641528658
-32.8645927915
-35.4013814307
-35.3466813029
-33.4756812992
-32.0780167125
-31.2107801339
-31.6352916607
-31.5416697951
-32.8702630777
-33.1998581546
-32.4590327347
-30.8272318843
-31.2233997541
-32.7750721953
-33.7188239237
-34.0712231054
-34.0420081909
-33.6093796450
-32.5419444821
-30.8387899469
-31.1483564957
-32.7441471301
-33.7019295797
-34.0701498939
-32.5425814179
-30.8225480725
-31.1779326044
-32.7124686161
-33.6835943616
-34.0482247900
-34.2035077602
-34.9213166985
-33.3779115948
-30.9752923749
-31.1732021874
-32.7315585780
-33.6893992842
-34.0468771262
-34.2044372728
-31.5555529361
-30.0919135736
-31.1854787460
-31.8937453666
-31.6594758204
-31.5290462971
-31.5034678699
-32.1700850652
-30.9582724534
-30.2100173511
-31.2343364164
-31.9094784681
-31.6725097105
-31.5237669761
-31.5080170445
-30.5130514267
-31.2683011707
-31.9068646992
-31.6496771002
-31.5113842625
-31.4727318127
-31.9662188694
-33.2793729071
-32.0332732324
-31.6966356109
-32.0510750868
-31.6842503095
-31.5254214568
-31.4848478417
-31.9797848343
-31.6615251453
-31.3636797786
-32.3069434973
-33.2163175171
-32.9637205309
-31.2027135678
-30.0953804742
-31.7995849525
-32.0662735161
-31.4602791835
-32.3301411801
-33.2216033108
-32.9640351152
-31.1925044637
-30.0924482371
-30.6492457438
-32.0374055537
-33.0851902191
-32.9138517921
-31.1652081209
-30.0525646345
-31.7465936702
-31.9726943800
-31.4366944180
-32.2950527264
-33.1804225376
-32.9413462049
-31.1784387884
-30.0663260827
-31.8054209450
-32.3841279922
-32.5627070401
-32.8527693501
-31.9508819121
-31.1891230073
-31.6372905012
-31.5481945079
-32.8593885575
-32.6202617329
-32.6404753970
-32.8792216214
-31.9663107860
-31.1895579881
-31.6587158958
-31.5592088430
-32.2315260983
-32.7129527909
-31.9005807801
-31.1584063686
-31.6131723670
-31.5403428445
-32.8630004513
-32.5951001626
-32.8140120303
-32.8950815916
-31.9517894169
-31.1798641291
-31.6501664508
-31.5585563714
-32.8653229378
-33.1926369552
-32.4501285736
-30.8265586997
-31.1534066754
-32.7476554577
-33.7063065740
-34.0722186419
-34.0845871155
-33.6340259684
-32.5443990167
-30.8364066142
-31.2103464449
-32.7449510679
-33.6954527671
-34.0575872339
-32.5429218939
-30.8189555967
-31.1154494179
-32.6986113698
-33.6791694676
-34.0504009885
-34.2121646550
-33.6187317325
-32.5224402524
-30.8227603846
-31.1862412564
-32.7121087212
-33.6836655640
-34.0494960732
-34.2033161616
-31.5500587138
-30.3493795228
-31.2776196000
-31.9219971131
-31.6684278814
-31.5211946340
-31.5065360383
-31.9817577833
-30.8251734917
-29.9324982649
-31.1270035973
-31.8713179617
-31.6537162080
-31.5183840882
-31.4984552335
-30.8158667152
-31.3715948814
-31.9422289002
-31.6568775866
-31.5148356284
-31.4691859422
-31.9596216601
-30.7516772626
-30.0182840004
-31.1327062481
-31.8627245010
-31.6368283358
-31.5064441229
-31.4541454438
-31.9613602889
