-27.9666474838
-29.3359116433
-32.9571556776
-31.3965143645
-32.0682529443
-30.9497035893
-32.7771771885
-31.7009750615
-32.9153858735
-31.3662624802
-33.9457531435
-28.1711286306
-30.1896237325
-31.1652042351
-30.0510965734
-27.0364731886
-29.6977238086
-33.4111902074
-31.7207783402
-33.8189575355
-31.9352601394
-32.8093010414
-31.2591380904
-33.0087747002
-31.5277944292
-32.7175835189
-29.0381361596
-31.0505427630
-30.9653745534
-27.7011097707
-31.6267124274
-36.0578645183
-40.8186445592
-37.5432422692
-37.1531758700
-38.6015115882
-42.3359633789
-41.6519238907
-43.7642780841
-40.6856712281
-40.6801964284
-37.3680822539
-40.1602494763
-38.0041017878
-38.1686513807
-39.7085051776
-41.0188094882
-44.3377495864
-37.2506581570
-37.9824873858
-40.3398292001
-43.7811698306
-41.3666089179
-43.3106087847
-42.1921375416
-40.9721927617
-38.4661536090
-39.9071541333
-39.5986375942
-41.2124962927
-32.0437969165
-32.1984688594
-36.2546156370
-32.0991585870
-33.1967278435
-31.8230855750
-33.9077984837
-30.2754508995
-33.4539723846
-31.8264968085
-32.6923792333
-30.2830475302
-33.6538667778
-34.2860544292
-30.9523238320
-29.7183258544
-31.9068685800
-35.1508868602
-31.5256842507
-32.6280603264
-31.8452916056
-32.8688869367
-32.0909340874
-34.2706721561
-32.4790560897
-31.4308325397
-30.6492082026
-33.8284869759
-35.3682503955
-30.5929221960
-29.1573895376
-30.2886608540
-33.6165762409
-30.6821463487
-32.8552083451
-31.7278312455
-34.4352424792
-32.8161338651
-35.1090924613
-31.0994573983
-33.1380416775
-29.7990614076
-32.7198723406
-33.7567941243
-31.4305697388
-28.7278122577
-29.9537903168
-32.6742705608
-29.6425356091
-31.2970642691
-31.9925831093
-33.7236501363
-33.4904525239
-33.0143595440
-32.6007031391
-32.5784336748
-29.0704839804
-31.7365968721
-33.2813989323
-30.5652711369
-26.9267376002
-28.5271203561
-29.7971855536
-27.5678606204
-30.5242884230
-30.6561471821
-29.2563852283
-29.3707282348
-32.0750430462
-28.8715850881
-31.0287509998
-31.2702119795
-33.9636223150
-32.6891828993
-28.5480926523
-27.5759724968
-29.8752620263
-31.6963546839
-30.4612317406
-33.0977528718
-30.2290645891
-29.8668511039
-31.0250355433
-32.8932795277
-30.0545608838
-31.2562395089
-30.9124298740
-32.9708808797
-31.4334204149
-26.6949678574
-27.3071918397
-29.8650982347
-31.8967280859
-28.4790575594
-31.3836345182
-29.9093070513
-31.6134947167
-30.9750697050
-32.8658356017
-30.3497174065
-32.4896898133
-30.8236743614
-32.5553939289
-32.4910840805
-29.1220719345
-28.4774600436
-30.7066101351
-33.4439704128
-28.8031027839
-30.6694347980
-30.0641188125
-31.4107276204
-30.6084248617
-32.3139510887
-30.4036873987
-33.2244785754
-29.6849514230
-29.9024107893
-31.5528627843
-29.8769514633
-30.0409353682
-31.2071850653
-34.4488252699
-29.0989687492
-31.5276429555
-30.2095189337
-32.4644842288
-31.0390338958
-34.1137308260
-32.0011506766
-33.9394485159
-30.0502033066
-31.9281282651
-32.6291646047
-30.9978168685
-29.7092236180
-30.2065620998
-31.1972115675
-29.6877516165
-31.6668873193
-29.9407434812
-31.6661532865
-33.3157145153
-35.1205573135
-31.7456046119
-33.3346452366
-31.2507116303
-32.2958346515
-32.6431810845
-30.9819426610
-34.0306870283
-29.0117602616
-31.4701478090
-30.1572228418
-32.4034833462
-37.3631835267
-37.4995267036
-32.4192734110
-34.0684190305
-30.0367072482
-31.9431674683
-32.7038544371
-31.0285063207
-32.4614031161
-31.7970268540
-31.7820717911
-29.7502516347
-31.6973100861
-29.9490314201
-31.6284614201
-36.8808507099
-37.5295313169
-31.9933184297
-33.0951507536
-31.1660042889
-32.3078574696
-32.7730215659
-31.0132807009
-33.3667729742
-31.0055973321
