-20.3556964326
-23.3839110696
-23.5296659475
-26.0066209030
-25.3149831063
-28.2039140169
-26.8850182680
-21.4614971039
-23.6581937566
-22.2406438544
-24.6716165222
-25.8243781453
-22.1307503101
-23.9341930597
-23.4790592786
-22.4027868994
-21.6720887526
-21.2274177824
-23.6639676115
-24.6605219181
-22.4007595735
-24.0436334908
-19.6084184651
-21.5884753061
-20.9161086112
-23.2061553236
-26.2150557391
-22.2857239359
-24.5667420983
-21.2487668020
-19.5699744307
-21.5001521548
-22.6922654439
-26.7280199276
-26.5228759426
-22.5277610753
-22.9360709822
-18.5125847420
-20.2729542402
-20.3373547338
-23.7955325157
-25.3527668962
-22.2248278926
-22.9137134750
-22.5603289826
-21.4295790803
-20.8754249422
-21.9133620917
-23.9550682625
-26.3003780262
-21.4145748246
-21.5984047791
-17.9799439866
-20.3141350303
-20.6726927258
-24.3965933390
-25.1775369016
-22.8599169498
-21.9709504663
-19.7605090640
-20.1715104543
-21.5287884019
-21.9800876548
-24.6957243040
-27.3982245395
-21.8824797335
-22.3801342232
-19.9997809877
-22.7778828997
-22.3693399686
-26.5154152361
-26.6169043158
-22.1723673709
-23.7147749403
-21.7516371898
-20.9023018428
-21.5250030379
-21.2760929333
-23.4133434932
-26.7164825826
-23.1097008853
-23.7751026542
-20.5534328417
-23.4505706093
-23.4331649035
-22.6183406854
-25.6398128799
-23.3411586582
-21.3352438734
-21.3722056022
-20.8749718347
-23.8415589391
-22.0679072106
-23.7586950739
-27.2205180068
-24.6797128654
-25.7569379751
-22.3259467282
-24.5331644173
-25.5052911428
-25.4082166099
-28.7488311475
-24.6656614240
-22.8146633935
-20.5483101591
-23.4532024972
-26.5001235941
-22.9172891270
-24.1864600062
-27.0897298606
-23.9612084810
-25.4652703151
-22.2246621851
-22.6341695908
-22.0573822194
-24.5527100709
-25.2338695174
-22.7380510732
-22.5984895017
-21.5098524931
-23.6494164627
-26.9490096546
-24.4768020199
-25.9061545578
-30.4199098431
-25.0427070468
-27.2872461498
-21.2035248938
-23.5480581307
-22.1680059133
-25.1326445340
-27.0775970077
-23.1781171784
-25.3109918989
-26.8791033083
-21.3943520928
-22.9783081536
-22.1667864139
-24.0575023925
-27.1927594932
-23.2885350246
-23.9465576498
-19.1599452620
-21.1136417680
-20.6063089274
-23.5494226175
-25.3908212590
-22.7145284428
-25.2524131716
-23.6272414983
-20.9013283208
-23.0105122777
-21.6719126857
-23.9270585896
-27.7078519619
-22.9545965095
-23.8198862757
-18.2190981157
-20.3470291757
-20.9821609952
-24.7228652984
-25.9894741208
-23.7876950986
-26.2211338202
-22.1221244798
-20.9093146244
-23.6250342246
-21.6887992709
-24.2476809796
-24.7163380007
-21.6908123504
-22.2313047023
-17.5103884173
-20.2415786424
-22.0083251708
-25.8431910608
-26.6105712077
-22.2143624570
-24.1217423463
-21.1670059114
-20.5518184959
-22.6693939859
-21.4162331930
-23.4424237812
-25.0732398652
-21.1541726743
-22.5879334406
-19.9674512815
-22.7918385392
-23.5658599883
-27.4453267493
-25.3684611671
-21.9445629130
-23.6727785623
-20.9636885429
-20.2752832040
-22.8639223976
-21.0060603540
-24.0658615316
-26.5331018800
-21.9415996021
-23.8757877994
-20.1610191262
-23.1348935295
-23.5984162426
-26.2245916610
-25.2136532654
-21.7476744649
-23.6699291782
-21.4592911318
-21.2237308013
-22.8537637803
-21.1706372268
-23.4906484105
-26.3488887563
-23.2655548259
-25.5032664175
-21.5826626140
-24.7007317609
-24.2808288653
-26.3641182680
-26.7239873003
-22.5809012499
-23.5572483993
-20.8228867468
-21.4465200395
-24.2794138791
-21.9464931418
-23.4634310327
-26.3553616788
-24.4885982880
-25.7768629514
-22.2138795768
-24.7643529013
-22.1784338057
-25.6100814141
-27.3135107095
-22.2030814322
-23.7046305652
-22.0481078087
