-27.0695640997
-27.0106436077
-27.2229867871
-23.8315750940
-23.3325069427
-25.2075078639
-26.5374801727
-29.1503262708
-29.7984904978
-29.1478562053
-27.4758375621
-24.5429113570
-24.6615977227
-26.6889337917
-27.9593550812
-28.6488826419
-28.2404135838
-28.9296692772
-25.3258330317
-24.1808919914
-27.4378013211
-28.6725878092
-30.8941386689
-30.9780511370
-30.0216563964
-28.0224311945
-27.3235295173
-27.6973477029
-29.3844184830
-28.4672108072
-31.9483432200
-32.0789384574
-34.3102618847
-31.9632076611
-30.1159734529
-33.2265978117
-36.0545439109
-38.1028359438
-37.6368200975
-37.1243493325
-34.7702398401
-34.4103527831
-36.4453094037
-34.2469035690
-37.2540590354
-35.5381401667
-33.2578064004
-35.5719107225
-34.2308028048
-33.7269927607
-36.5043023733
-36.9256783436
-38.2614239689
-37.1062095998
-36.4468033580
-33.6430013299
-33.2185403216
-34.4992701052
-35.7653684318
-36.7322115866
-31.7477885776
-24.2399665408
-25.1089199524
-25.1339222956
-25.2183849781
-26.7404596144
-28.0994810667
-27.4575683643
-26.6641826045
-28.5206008220
-24.6394577065
-22.5964388757
-25.3452103944
-25.4168450295
-27.0633708010
-25.9852149307
-26.5948562267
-27.9917986998
-27.1794395023
-26.8111129443
-28.0460690394
-29.0255696134
-30.8911662989
-27.6315710797
-28.7493036774
-24.2340062682
-23.3842282500
-26.3853844262
-26.5930800552
-27.8329698234
-28.0999833621
-28.3726192932
-28.4094476762
-26.9322719568
-26.7631614766
-26.8401764000
-28.1260265546
-29.7004372647
-28.4610188009
-27.6716980708
-25.0269959526
-23.0731236487
-26.1964072230
-23.7420285694
-24.1477156304
-25.7204513606
-28.7278510911
-26.9942567353
-25.8322207485
-25.1761180355
-26.6608645799
-28.3150529370
-29.8891620004
-27.4408953907
-29.3253038028
-24.3849640751
-22.9507373522
-24.9685635127
-26.6497440873
-27.4167397070
-28.0040843199
-28.2666224770
-26.4111130345
-24.3204173082
-22.7792305685
-24.1467200936
-25.9704385260
-25.7408320314
-25.6381454617
-26.0948741407
-22.9323490465
-21.6503798353
-23.2778287971
-24.5056907122
-23.2044063409
-25.1470325653
-27.7880645214
-27.4202998197
-23.8436678243
-23.0481847405
-24.1309843999
-24.5475252642
-26.3577579671
-25.2077667814
-25.7177184918
-22.5503943243
-22.0550014806
-23.0830414743
-25.1492877365
-26.7717186892
-27.5139126314
-26.5341932188
-26.9002193011
-23.6609874728
-23.3896926990
-23.7143632643
-25.6032291790
-26.4398036546
-25.7634199683
-24.3782076342
-23.3038499823
-22.7000873335
-22.5916605573
-24.9947633442
-27.4873075933
-27.2666557614
-28.9766407393
-26.9947383181
-23.6056516818
-22.3272672101
-23.7427716634
-24.6096395067
-25.5541358862
-24.8885736255
-24.1371738166
-22.7909038529
-21.5507536538
-23.0376934112
-26.4748260855
-27.8533362528
-27.6357603621
-29.2244348466
-25.3897079110
-20.9785905223
-21.3148502564
-23.2806820665
-23.9045936429
-23.5488025206
-25.0216117683
-23.8516929672
-21.9801743937
-22.7177765601
-24.9481258815
-26.6516613682
-28.0826721622
-26.4863699144
-26.7005993104
-22.5920748216
-21.8713294648
-20.7954829443
-22.5453337884
-22.5970589830
-24.5330776809
-25.5069326875
-24.8420940997
-22.9956827959
-22.7165881307
-24.6350522309
-27.4521725279
-27.4718567076
-24.9115810071
-20.9347364112
-21.2861609296
-23.2541559950
-23.8588908671
-27.9069256239
-27.4534774673
-24.1896641055
-22.0368384343
-22.7414364182
-24.9376358502
-26.5971178685
-28.1140878805
-30.6695267239
-29.0099361890
-22.8917741219
-21.9274044690
-20.8405953937
-22.5827900521
-22.6257366573
-26.7219094740
-26.9684892952
-25.1345825327
-23.2452893740
-22.8002313470
-24.7293447073
-27.5292003962
-27.4792008942
-30.3923597644
-27.2056432136
