-22.8879071936
-25.2219230774
-27.0552537473
-22.4559257764
-21.8211771924
-26.3913990634
-30.9683559667
-24.3291958898
-24.9665646694
-25.3587116389
-26.0086948371
-23.4025246347
-27.1893896779
-29.9580689203
-24.3703326614
-23.3659150333
-23.3853312376
-25.2739809744
-22.4475200310
-21.5185482310
-26.0374009764
-26.9440682240
-23.2685155388
-24.4013859007
-25.6766956461
-25.9876668765
-23.1028201592
-27.2637584628
-29.1372341222
-24.1197680987
-24.8374284080
-25.0834515607
-27.4430858292
-22.3522604886
-22.1641674663
-24.0512340070
-26.5086393828
-23.4654233973
-24.6755261728
-25.7833229363
-25.0783366472
-23.5528972950
-27.6746238204
-27.1309973869
-24.6714754135
-25.8333483275
-25.0715064148
-27.3976238517
-21.8410374384
-23.7515450709
-25.0057569755
-26.0604601582
-22.6550240752
-24.6516190470
-25.9543416437
-24.6912812862
-23.3108459238
-24.5532900501
-23.9969830791
-24.7594593721
-26.7686660500
-24.8635699897
-25.8240363744
-24.0749003367
-25.2269137082
-25.9349888762
-26.6541702756
-23.8092059422
-25.9399108878
-27.9217939604
-26.5030623018
-22.1649235000
-24.5240375824
-25.5400469051
-27.7000974009
-28.6218995773
-24.7379783032
-28.1246931182
-25.4734197347
-26.5117904005
-27.1991418076
-27.5865104257
-23.9514097560
-25.8152448342
-26.9896816702
-22.7130085951
-20.7927604286
-23.4186474098
-23.2094047407
-25.1832499041
-29.4309290662
-29.6932108878
-33.5795381372
-26.7542663712
-26.8577283958
-27.6830528838
-28.7793769065
-24.8669592089
-26.3379093699
-27.9718361715
-22.3430417395
-21.0903340366
-24.0028177744
-23.6735294278
-27.9506735725
-24.3468139160
-28.0856121549
-31.8661292502
-26.2574650852
-26.4236083805
-26.9071453353
-27.1977876660
-24.3336156078
-25.8035223478
-31.2630800909
-24.1712835674
-20.9470531091
-23.2772954257
-23.7702932730
-27.5152758220
-23.2033292427
-26.4944274086
-28.3604566508
-25.1686741611
-24.9368655695
-25.0020156201
-27.0140405981
-23.2015841411
-24.9341055117
-25.3141442195
-25.2789599533
-23.6999260382
-27.8004420462
-29.4064471578
-23.8226579842
-22.4043805305
-25.7182065415
-27.7900115724
-23.6804774690
-23.7427198808
-25.5933385403
-24.9550596854
-22.6037131502
-24.9866165110
-25.2165246588
-25.5472292690
-24.0988333507
-28.1855697277
-32.3921906715
-25.6574024185
-22.2614413802
-25.5273793707
-29.8640806816
-23.7184217888
-24.4017691030
-24.4842342418
-25.1025764803
-22.9722106494
-24.7387343385
-25.1354162486
-26.2352668180
-25.0832081760
-28.4309740402
-28.7509982922
-22.9139309650
-21.9515239038
-25.5156555994
-29.9101873587
-23.7493973521
-24.3660320509
-25.5629999175
-25.8153367566
-22.4062240201
-24.3898045328
-26.1524534468
-26.7040105441
-24.6171493992
-27.6258658301
-30.7456859166
-22.9155595552
-22.8890593774
-25.9436457667
-30.2878232471
-24.6716683042
-25.9459812018
-26.8544401488
-27.5129015587
-24.5591804223
-27.0867186554
-28.2391008725
-28.4015118590
-24.2438632466
-27.9496896875
-30.6039986725
-24.5373834685
-23.2489116219
-24.9170778188
-26.4825651126
-23.5633717883
-24.5755064427
-25.5450608371
-26.7835304909
-24.2959211447
-26.8769905343
-27.2822814142
-24.0910632420
-23.0470118442
-27.2362252092
-29.3717509569
-24.6108771259
-23.9795695965
-26.7540540510
-32.1589490198
-26.2803171158
-25.6576160322
-26.6066641436
-28.2467415175
-25.9654375352
-27.2929798689
-27.6079047550
-25.9251409588
-23.7901871766
-27.7907598370
-29.4749851262
-25.5511725640
-23.7350170883
-26.7077518905
-31.5560849963
-25.7341649024
-26.0538927182
-26.8364829456
-27.9912756864
-25.3522878970
-27.4398415841
-27.5275368485
-27.6957967846
-24.8211476935
-27.5072726837
-28.1016520875
-24.6511439305
