-17.5665579362
-21.0546798288
-22.0800064119
-20.4267989981
-21.7543195759
-25.3546310992
-20.4512653831
-17.3611355451
-18.4323682873
-21.3321588727
-20.8931944361
-19.1193871679
-20.0625917252
-23.6797874493
-19.6654631210
-19.8166656328
-22.4629191331
-22.6583291604
-21.1880209317
-21.2875072987
-23.1571824245
-21.6799714891
-17.4119066362
-18.5247810440
-21.3573269253
-21.0768586894
-17.9419064483
-19.4017002070
-22.8120457331
-18.3292479968
-18.2421896574
-20.8538027607
-22.7620798887
-20.2104787997
-21.1943592236
-22.3097165048
-21.0364533565
-17.9340237115
-19.1723668223
-21.6013344322
-20.2009506444
-18.0594251215
-19.9555617967
-22.7587165487
-20.6658767282
-20.0455031885
-23.4352478860
-24.7257936591
-21.8624188270
-21.6897585617
-21.2515152117
-20.7611802913
-17.7996663515
-19.5024876439
-21.8462209627
-19.7089547514
-18.2898006625
-19.9850524758
-22.8301155731
-20.4166118984
-20.5343273386
-21.8049016537
-24.0882060940
-20.8542597497
-20.6673253720
-21.9079248269
-21.1897492042
-19.3742096650
-20.2965959767
-23.4636394567
-21.3645209429
-19.6080145562
-20.7111354668
-21.9750400654
-20.9356879345
-19.3020973193
-21.4366035049
-23.3418590285
-20.5365022415
-20.1244884903
-22.0522168213
-22.1667967706
-17.9602261394
-19.2528396051
-22.5633000524
-21.7149991098
-19.7622386319
-21.1860842299
-23.1157375428
-21.9908715597
-19.6149677771
-22.3824256393
-23.1598233729
-20.7978921643
-20.6253043921
-23.0111000197
-21.7941954234
-17.6702102922
-19.1858266349
-22.6495492644
-20.4993812748
-18.3724056332
-21.2442215081
-22.1333226554
-18.9490985640
-19.8786918532
-24.2548827592
-23.8678325682
-20.7466032467
-21.5000926092
-23.6014119138
-20.9546911677
-17.9554361713
-18.6919302743
-22.1859579315
-21.3437415390
-20.5511453108
-22.8838551395
-24.3333308066
-19.9975284042
-19.9401135042
-23.3135593734
-21.5525492440
-19.7836122504
-19.3935080692
-22.1913123473
-20.9629350937
-17.3864654215
-18.6130679534
-20.8831225526
-20.9636639473
-19.5075844299
-21.0875713876
-23.3937602870
-21.8775926734
-18.5189476365
-22.6146394508
-21.8635697111
-18.8817956096
-19.1100117741
-21.9062807012
-20.5744802267
-16.7271299380
-18.3217394030
-19.8755317680
-20.5737293700
-19.1667651473
-20.4326414630
-24.4740782027
-20.2751123154
-18.6591189819
-22.5169577417
-20.3754712319
-17.9008227437
-18.6398011612
-21.0661175035
-19.8283272652
-17.3101223653
-18.5202176267
-20.4387532083
-19.9566984493
-19.0161206010
-20.6060862555
-24.7312567998
-19.1759088071
-18.6155341414
-22.4912912785
-20.4519786937
-17.7726457417
-18.9932802138
-21.3905887315
-20.6496283759
-17.1687807079
-18.7155616542
-21.1916884930
-20.4886206747
-19.2420997188
-20.2131391731
-24.6954977404
-19.9192926681
-18.4161121644
-22.3397224119
-23.2154931711
-19.9468233359
-19.6444882336
-22.0496949681
-22.0614627601
-19.9448232041
-21.0119623719
-23.5938748317
-22.3536444050
-21.1945314063
-21.6513481811
-25.8471421329
-20.5488189363
-17.5744277238
-20.7835222521
-21.7161422248
-17.9451713903
-18.5301212096
-21.3313588149
-22.0822162704
-18.2545167045
-19.8770218323
-22.9808597794
-21.9208732784
-19.7301859637
-20.6989106777
-24.5146168720
-19.5400189895
-17.3642542035
-20.8729147301
-21.4508698406
-18.2598970057
-18.0205525751
-21.1926633112
-21.2249917264
-17.6275031808
-18.7542413063
-22.4701934065
-21.3912916923
-18.6802181483
-19.3974345422
-23.3519153630
-17.3690118049
-18.0279187724
-21.4757789776
-22.6863284666
-19.0862030337
-19.9779011844
-23.0672889457
-22.3093229502
-18.7795452923
-19.7650142246
-21.9648982754
-21.0693151339
-18.5293069164
-20.3744226186
-24.2901913032
-18.5200933423
