-26.5591385910
-25.1430672396
-27.8531757030
-30.4134809231
-30.0327471119
-27.4252477238
-28.5182187836
-28.9871695848
-31.7452589175
-32.9374792370
-35.5067619449
-35.1345439658
-34.4478180503
-33.8048529744
-35.2774947108
-29.9021143283
-23.5015643557
-23.0371004926
-26.7270049717
-30.0584045062
-31.7588404562
-32.9475835065
-25.6220369136
-27.2108150753
-30.4328777216
-31.2798747624
-33.9557072160
-30.2328266502
-27.3903689924
-26.0181517854
-28.0775533649
-28.5222112920
-26.9804473854
-29.2612774490
-29.7107136726
-30.5336767611
-32.6407498466
-29.9097730998
-30.4148687362
-31.8460075109
-32.9414769518
-34.3771298048
-30.3786358492
-25.9376854872
-26.8500372556
-28.9785088186
-25.2143147930
-23.4664901404
-25.6732196783
-29.1589378534
-30.6568812133
-32.1822878296
-25.7889401349
-26.3700500548
-29.7737276528
-31.4339615474
-32.8541532508
-30.0232888601
-23.9959991838
-25.1731521313
-28.2868866228
-29.0786838891
-27.9640142952
-29.3615975125
-33.6817430883
-28.7116208614
-30.0650185427
-25.8661647950
-28.3015076754
-30.9772640293
-33.6788484043
-28.5320320089
-28.1301523960
-26.5801057139
-28.5896074316
-29.1842172338
-28.8438964845
-29.4355701612
-32.0118297124
-35.3875578357
-31.1395973221
-30.8493226927
-26.5560147542
-28.1770384096
-30.5111509748
-27.1035210936
-30.0658328385
-28.8597836372
-23.9884025587
-25.4575960000
-25.6696738115
-25.5964338987
-27.4896844538
-26.6673517511
-28.9493793401
-28.9128254215
-30.9446352827
-25.3543877110
-26.8277367107
-24.5126374594
-27.3778969386
-29.9917022504
-26.4930849131
-25.4763196064
-28.8766883428
-32.4050963972
-30.8777518014
-30.4234842086
-32.6436380746
-32.0568450474
-30.4317320134
-31.4439777619
-25.9135039142
-25.4681093379
-28.0088665210
-28.4876070047
-29.9692191920
-28.4411909230
-27.5400606813
-25.6116556414
-23.2871549947
-21.1607867195
-23.8769063166
-22.6880450882
-23.1252061438
-25.0789489893
-23.3779339674
-21.2562585660
-23.3984647995
-26.6059793047
-27.1239988370
-25.2910720842
-25.4500446759
-25.5194927609
-27.1794822158
-24.6417892569
-21.2673350538
-21.3807887139
-21.3815136776
-22.9760089628
-24.1069840678
-25.5033570294
-20.5495969718
-21.6258422290
-25.0354366439
-26.1910087978
-27.4513698557
-24.2249998093
-24.6570757257
-23.5808590589
-23.9738578844
-22.7975437809
-24.3866327950
-21.2563906163
-23.0085393201
-26.0834960146
-28.7567669560
-26.1879807636
-26.4946410177
-26.7905380842
-29.0119389092
-22.3517555839
-23.3117262297
-23.2849982157
-23.3392582082
-24.0685141428
-23.6830394579
-24.9815792810
-23.4796586592
-24.6372957382
-27.2454193695
-26.5299197704
-20.6898420932
-22.2329876495
-26.2499590681
-25.8101532113
-25.6613029820
-27.6913627862
-23.0860500856
-23.1322150363
-23.8285729533
-25.3881298146
-23.3962484783
-25.8463757338
-28.4917988614
-28.9566846923
-27.7111505539
-23.5016109572
-24.7377258511
-25.3356226956
-27.0447468794
-28.7723602476
-24.0777924317
-21.2626680717
-23.9526978648
-25.3224878264
-24.8425886333
-25.7588565416
-30.6247935845
-28.4745912070
-27.9894425425
-27.2061532736
-27.5837956442
-24.1778729875
-24.6477818909
-23.5550903204
-25.3236451784
-24.3563200659
-21.2491409381
-21.3663100608
-24.7701992517
-26.9693204099
-29.1287843536
-32.6349979837
-30.6979946248
-27.7704827430
-29.4057169981
-22.4217176126
-23.3338778942
-23.2781602115
-23.3465726203
-25.7486150783
-25.8016814591
-23.1810869542
-24.5588580642
-26.8563496598
-28.2737155120
-26.7609153503
-29.5812602358
-29.7775803267
-29.7934946853
-26.5834107659
-25.6970452076
-26.8963626923
-22.9853390463
-23.1166204507
-26.2543697293
-25.8784232289
-24.1208879216
-25.1394838349
