-31.5319474412
-35.6182504096
-37.1279495728
-31.3532208193
-32.0412388202
-34.3318620472
-35.9412132891
-27.4244800318
-29.6471197346
-32.8136612047
-36.0280592715
-33.7900792155
-29.3824921375
-30.6884043762
-34.5584559669
-32.9957524640
-36.9426801231
-38.1725105302
-30.9270431514
-32.0099771615
-34.7088855347
-36.5867092140
-29.8282581976
-31.7784844974
-35.2166052149
-34.9404506677
-33.1675711787
-31.5148369214
-33.8125959396
-33.7757792136
-38.3468381252
-37.6974209383
-38.6314436975
-31.8475066375
-32.1297134064
-34.9235757414
-37.8638567440
-30.9295663008
-32.7844436961
-35.0399460497
-34.7154037785
-34.9947831394
-35.2278771762
-36.4988172071
-36.6482887751
-35.1362580488
-37.4475944037
-40.6921907411
-33.8642110654
-32.9274527063
-35.6616358654
-37.2229812191
-31.4789147460
-32.4394236396
-35.3080003751
-33.6702523584
-32.4985383109
-34.1043398955
-38.5813976029
-41.5063438703
-33.3954299191
-34.5391653476
-32.3868297938
-32.6565243840
-32.6203122293
-35.6766025587
-37.6412190748
-29.6993588703
-30.9450482594
-34.9988429464
-35.8316317840
-31.7603240524
-34.5359081666
-38.4591032881
-37.3360852690
-36.1199502531
-35.3062669211
-33.5588377194
-34.0161928492
-35.4361656345
-35.1307482721
-34.6695378785
-29.0508684103
-29.4655708966
-33.4863176050
-33.4856793830
-30.5620864525
-32.7411812277
-36.2793370497
-31.7057378406
-32.6344711123
-32.6030489263
-31.4586544848
-32.1890248535
-36.0313009000
-36.9775756787
-37.1700184060
-29.1571487347
-31.1593306951
-32.7673098537
-34.9088200598
-31.6033179780
-33.4755596033
-33.7235711687
-36.9628911959
-36.5301746583
-32.7006296101
-31.5225655967
-32.3794571320
-34.1867415551
-36.1887522919
-37.6829940710
-27.8147187424
-28.3744161653
-32.6228405529
-34.9884668524
-31.2777270445
-30.7248521497
-32.8855184811
-33.8500120604
-36.0449717318
-36.5754126460
-29.8415691292
-30.1312353229
-31.2426295279
-33.1505654909
-31.4051557142
-23.5953894961
-26.6028502846
-30.8396689666
-30.2120938652
-29.5779836780
-29.3171427362
-28.6495144004
-30.5997213576
-33.0076186215
-32.5971339247
-29.0507117611
-29.9963510987
-31.9499174409
-34.7645475268
-31.9320974678
-27.0663910662
-29.2425357395
-32.3720611625
-29.7627741619
-29.7463329233
-28.0658179445
-27.9484857274
-30.5122371225
-34.8800038696
-34.8523165535
-30.4601455668
-28.6966942912
-30.9440786122
-30.0286821136
-31.3133281616
-26.0036576001
-28.3508547058
-31.5046627625
-32.4460933435
-29.9095025299
-28.5406060506
-30.5010609505
-34.9410034417
-35.1032461130
-33.9933006651
-32.3757830491
-28.2447504318
-30.3374965058
-32.8582765182
-32.2807902762
-27.4073384222
-29.1498770439
-30.6856391411
-33.5355817762
-30.3057908023
-29.4203406434
-30.6017331263
-33.8414599939
-32.3991749624
-32.7102173011
-30.1923190375
-28.1936634914
-30.6922376423
-32.9641710440
-31.1584413198
-24.6730315012
-27.1093324752
-30.9826469113
-32.4799687373
-30.0640048863
-30.4993961155
-32.9417578310
-36.3059161411
-31.8457343453
-27.4692028040
-24.5710543665
-26.5845629696
-28.4857544559
-30.8206437347
-28.9877495805
-24.7675518247
-27.0527733089
-30.1575710832
-31.5338815663
-30.9303767140
-29.4938834825
-31.3729127418
-31.3513566164
-29.9496515148
-28.2833006261
-30.8304178547
-33.0982487035
-31.3255490508
-34.8189097716
-33.3999480081
-33.6901436671
-33.3608398474
-30.3681419508
-30.7515736777
-33.2130434577
-36.5706627854
-32.5596285171
-32.0995210757
-25.8056312393
-27.0872520275
-28.7597302740
-30.9389675888
-29.0378112193
-33.0667773031
-33.0002834930
-32.1509601442
-32.0726014481
-31.2109057021
-29.6105541552
-31.4393120497
-31.4231582313
-31.7118133363
-31.0709078852
