-26.6872689537
-27.5507112348
-26.0791358533
-23.3499268906
-25.1363807141
-24.9272985831
-27.5927425614
-31.6322454933
-31.9238211841
-34.4918961427
-35.3118155182
-29.1541711887
-29.8210525293
-31.4885218736
-33.8239636995
-27.2157927683
-26.7066527925
-28.5433259858
-22.5731337297
-24.6504112018
-24.1062202614
-26.3840976127
-30.5980746418
-31.9590559257
-35.9679335329
-34.3236711941
-29.2478746102
-31.9094434995
-28.9098401035
-26.4212755386
-25.6310576023
-23.3023016569
-26.3100110397
-23.4650039548
-23.4529021642
-27.8837020487
-30.0465007930
-32.7266857542
-32.1618993986
-35.1684142588
-33.3727112342
-29.4250218675
-32.1965179027
-28.1948816944
-26.3482039178
-24.5471433604
-26.9146785316
-28.3733054226
-28.6719275690
-32.2539418495
-34.2932678557
-32.3561662354
-34.3089582383
-32.1916904074
-35.4903142809
-34.5159780202
-29.8933473916
-25.6127003695
-25.9473884181
-25.0502506045
-26.5365157057
-21.5886436041
-23.1582659949
-26.0127637212
-30.2342494011
-33.7608189828
-32.5755260320
-33.0421206273
-31.5035882615
-35.0544984810
-33.3862927340
-23.8959548623
-25.9829973036
-22.2755355427
-22.8310269641
-23.8416003739
-23.5367822875
-27.6974991542
-28.5756867537
-31.2349513410
-35.0777673702
-32.1575690076
-34.5343184213
-31.5470695160
-35.3401177394
-26.7922922497
-21.4376585935
-23.7530946921
-25.7737054549
-26.7380244988
-23.4936932800
-26.0853861157
-30.5413018725
-29.1378296356
-31.6525912076
-35.1892027174
-30.3735856838
-32.6453184481
-31.4023141090
-24.9338336487
-24.6090129285
-22.1151453683
-24.3659880355
-21.3433285652
-23.3104627273
-27.8520830842
-30.9326836712
-33.7620333075
-31.3958126961
-32.6211006308
-36.1633305219
-33.7105385739
-36.0307274164
-28.3257539877
-23.5825860406
-22.4290255734
-25.2122085039
-24.5185822023
-23.6679873027
-22.5481650512
-26.9129787294
-29.9171988482
-33.1257677121
-29.9103621368
-30.7959054920
-34.1807269295
-33.6901009503
-34.0391769292
-30.1686825123
-33.4964140793
-36.8678414232
-30.0455324366
-32.6936751072
-29.7157302090
-31.2675477220
-32.5919387954
-32.4645515542
-35.0917255937
-32.6392584885
-32.6272680355
-35.1983166039
-31.0281852711
-33.1376636619
-32.4101621183
-34.7159979846
-36.9324554861
-29.9757995670
-31.7984845585
-32.1210241477
-34.2807647498
-35.4361915459
-32.8959541436
-31.8340507198
-31.9880106305
-32.8437072443
-34.9408934135
-32.6915066825
-34.4265765281
-31.2258504053
-34.1846469309
-35.0258713098
-29.6078549477
-32.8095845497
-32.1104111326
-33.0289883671
-33.7838703789
-30.2083978231
-32.3007540825
-32.1395237775
-32.5562302317
-36.6278472650
-32.1240651268
-34.5864889321
-32.0897560149
-35.5484126936
-36.5914189218
-30.7216855886
-33.1544660847
-32.6014876603
-34.3401603435
-34.2711265561
-32.0706129747
-33.4254203024
-29.5300594009
-32.1626062369
-36.4364712561
-33.8597538208
-33.6883001664
-31.8756807131
-35.3016840834
-36.1435518510
-30.9719393926
-34.4523530145
-33.8981926624
-34.3916162407
-32.3625640742
-30.6082928143
-30.4056383355
-28.2683196708
-31.0971815051
-35.4387185674
-32.4260169084
-34.3881273294
-32.7007603707
-36.0145994547
-33.0522028681
-32.0563802910
-31.9966830610
-30.5078601380
-32.1152062739
-34.3378922193
-32.9236971166
-35.3049969371
-30.5647494146
-32.8730775074
-36.1548173268
-33.7863754032
-34.0882986904
-31.9092920454
-34.4648587198
-33.3938194596
-33.1710147742
-34.0422153226
-31.2818749036
-31.4945261608
-32.5843020265
-28.9698079146
-32.3927279237
-29.9005996637
-30.8117861758
-34.9783250611
-33.3322204839
-34.2137608791
-33.7897918202
-36.1965690164
-34.8803301114
-33.2657409136
-33.5463721534
-31.2359960759
-33.7725077972
