-25.4732268311
-30.1128107552
-26.2176345441
-26.7747544933
-26.1409601050
-29.1890227313
-28.0794913550
-22.4933367263
-22.5101029186
-26.0860813024
-22.1412092621
-22.8631016311
-23.0773582388
-25.4912863119
-23.9992900094
-26.3719673243
-30.7255007203
-33.7150786787
-35.2963465124
-36.9881006498
-32.4381186966
-30.4796290946
-29.4941152143
-29.6765042439
-31.5383491800
-31.1127333690
-30.0090277051
-28.3303458738
-31.6883372984
-35.1477940909
-23.9773403128
-26.0726771615
-27.5490955884
-28.3764512672
-25.5913642976
-27.8001378261
-23.0130380070
-21.7933332294
-20.6459659877
-23.7574923914
-22.0265529390
-21.4144337158
-20.0859900805
-23.9393338432
-25.1133021241
-22.9006912325
-26.3473909083
-25.7338425536
-23.7202057323
-20.3841812065
-23.0488889813
-20.7222313576
-18.7929792142
-18.8713974909
-22.2956935361
-19.3719156557
-19.0135366053
-21.0321889871
-25.4383623327
-22.5292679706
-23.2395737734
-26.4554888503
-26.1681334695
-23.5160223017
-22.6922460140
-25.8858903845
-22.4786315186
-23.0143455511
-22.0250835833
-24.8844283484
-22.3811983701
-24.6951158453
-27.0109193511
-28.4930002529
-23.8451229353
-22.7430727704
-26.5607218592
-23.3609968895
-23.2713688134
-21.7430696188
-24.6065790964
-24.1058551796
-22.5715349174
-20.7254937177
-23.9790064397
-25.9983018938
-27.9721093388
-28.8590418394
-29.9515791624
-26.6501078520
-28.1157319916
-29.9253379047
-22.8235442393
-22.3957560002
-21.2274617919
-24.3051567157
-21.9749054190
-20.6425858244
-19.9012590770
-23.7960024329
-27.1233593092
-28.8041708172
-26.1696973257
-28.6208561447
-23.1304569811
-22.8920524580
-26.4266972548
-23.9492646271
-24.1737691765
-25.4590394714
-27.9811248327
-23.6312598876
-23.1349854499
-24.7703856780
-27.3296723254
-27.1071459330
-25.1780767423
-25.9017439051
-28.6580042950
-28.6498289794
-21.6913146398
-21.8952495331
-21.9084944456
-24.7407590675
-25.9814774439
-27.2375922995
-21.1103185629
-23.7103746376
-26.2891099512
-30.7169629283
-26.8567716857
-27.9298592303
-28.3554103558
-32.1734768626
-29.4103283206
-20.6408225860
-20.9438490046
-24.1757744756
-27.3884284040
-22.0956890147
-24.2825338199
-26.7801011263
-27.0064620948
-26.8787835421
-30.3932271316
-29.0173567386
-29.5078676040
-27.3234997284
-30.3288978638
-21.9011062275
-19.4195175989
-21.9308221697
-23.3155297323
-22.3070341198
-22.3267183008
-26.4437016280
-27.6519530341
-28.5240081774
-27.3699468937
-30.6806549708
-28.6032005789
-29.2032049329
-29.6441111265
-28.2660722773
-21.1971076220
-19.5008228007
-23.1477953658
-21.0521152542
-22.7556017781
-24.9573303879
-28.7833007876
-27.6183831217
-26.0056590335
-25.6686925159
-29.4205076448
-27.5186197347
-29.3108225642
-24.7575291352
-23.0127713332
-19.3506507826
-22.8737482947
-25.4707412388
-25.5784443306
-29.5885681965
-35.1156974294
-39.4805726844
-42.4272199994
-44.4908796075
-47.8714881819
-46.8508126660
-45.1800274767
-32.5866685279
-29.4318378725
-27.1805489629
-25.6436772293
-24.2315323109
-25.0551803849
-27.2723830080
-28.9123554860
-27.7264085663
-30.0937350511
-28.8510607166
-29.0655891510
-27.9093620468
-31.6897885251
-27.4058366802
-27.2997945721
-24.4874098515
-26.9469292517
-26.3088510898
-25.1631669749
-28.3365585728
-28.3970196385
-29.5200082353
-27.5587182479
-30.1314074972
-28.3584590994
-28.0532967135
-29.1560379893
-30.7217710346
-22.9637388659
-22.7320765596
-21.9362736766
-24.5290100858
-24.5733263544
-27.0502592090
-31.2987718091
-28.0882712243
-27.3698717985
-26.7991224751
-29.8984182712
-27.5547321879
-28.4425049073
-23.8653068262
-26.5737117427
-24.0411375126
-24.6090310498
-23.1332843590
-25.1650195402
-24.1443419177
