-24.2725564529
-26.5871676745
-24.5265024784
-26.6591272393
-24.2399056998
-21.5148185280
-24.9834512455
-30.3190654848
-30.4829574838
-30.9156158517
-34.5199200361
-30.2099150771
-30.9570400104
-34.8651834509
-29.2818458455
-25.6256540003
-26.8719584871
-25.4683333076
-27.2762460551
-26.3494635550
-23.9286483483
-25.9825027707
-30.7609426044
-31.3977545778
-29.4138301816
-32.7592743539
-31.3072966844
-30.7779275829
-34.1103791379
-25.5142535626
-22.7812967271
-25.6467855232
-23.0444382069
-25.5506728635
-26.6209330753
-28.2895198177
-29.2344782467
-33.2740767428
-31.9321168878
-30.2869299943
-33.5394940163
-32.0731425946
-31.5429035437
-29.7822499186
-26.0495908114
-22.9810099559
-25.1532271617
-22.9000763089
-25.3675523644
-30.0365091677
-30.9163265793
-29.3687785918
-33.0579676589
-28.2171175060
-28.3225006927
-31.8086677681
-31.4518682667
-24.6168671757
-25.8388619732
-22.9361201770
-20.4267498038
-22.7778000470
-21.5728897847
-25.0310428183
-30.3476965494
-30.2524849463
-29.8042785923
-31.9660104288
-29.5894550012
-28.6123636704
-32.4498528148
-31.7557904122
-26.3875101405
-28.3933831533
-23.5243387220
-20.8728888487
-23.4732232799
-26.9510473352
-30.4599915261
-34.4761384420
-29.7793099099
-27.4922801005
-31.5389951748
-28.3235609558
-28.3494656231
-24.7824175618
-25.8792595324
-23.2807221986
-26.0305034316
-21.6396179369
-21.5279741148
-25.7440270552
-28.6069859599
-30.7976428278
-34.9086647013
-30.3015005560
-28.2712234354
-31.6712811383
-28.3621693934
-21.9345104485
-23.3038939966
-24.4988216385
-22.8260803496
-25.3566182901
-21.4984083501
-24.6880228030
-29.4357410421
-29.6120584746
-29.9030296050
-33.1777699238
-30.4945971026
-26.8148504126
-30.3869613384
-30.0157945070
-24.8647635942
-25.3515046792
-27.0641449637
-23.7564735614
-25.5927702173
-23.1073783997
-26.1490655074
-25.2177104982
-27.4253163398
-22.9444482478
-24.3852048728
-28.8185782577
-23.4126845462
-26.4346835563
-26.8708231364
-28.9107178329
-32.9524485646
-30.8298301191
-30.7333316878
-34.4189760069
-32.9956605492
-30.3811162961
-26.7781618437
-25.7891356293
-25.4093351366
-28.6883869293
-32.1474116866
-28.3028566429
-30.7833091713
-27.7578631240
-29.5126342732
-32.8729014495
-31.1855136996
-30.8242737569
-33.5620573539
-33.6214348268
-27.8116415199
-23.9317359355
-25.0913446526
-23.8125317361
-25.5318741832
-28.5649170882
-28.6475207414
-31.7536957696
-27.5269866535
-28.6100813125
-31.9711952548
-31.0559127101
-29.7170752844
-25.4012116049
-25.5068524241
-24.8511471425
-23.6563269670
-27.1280806765
-25.4934379216
-29.1978272078
-29.5034582496
-27.9344278272
-30.7313108347
-28.8929664725
-28.9822786639
-31.7164621904
-29.5840047963
-30.9148546312
-26.8076214426
-28.1668940434
-29.0740881094
-29.6542101926
-27.4494461319
-26.8762280339
-31.2510313822
-30.0374697622
-25.5163520935
-28.0141665434
-27.9670578677
-27.2778448720
-31.1666632258
-29.2970973673
-27.5619508348
-30.1244866444
-30.2357576010
-31.3526499024
-33.2536986813
-31.5575012925
-27.9455107759
-30.9728844372
-29.2591880071
-26.8025259548
-30.4766994442
-27.8296220266
-28.4832067113
-31.8515327993
-28.8571167963
-32.2623954947
-28.5214500730
-26.7049698340
-30.2131450596
-34.2888377732
-31.1961383630
-28.6001246541
-31.1694685997
-28.5112124901
-27.0789045405
-30.5740251179
-27.4267157881
-29.7026820706
-29.0466946708
-23.9560547353
-25.5934925968
-24.6347803713
-26.7582990101
-26.5576278155
-29.9622556090
-31.2574279451
-28.3135188532
-31.4577262583
-30.0439646998
-26.7074839188
-29.9132141040
-23.8330975251
-26.2329223208
-28.1773905486
-23.7236972290
-24.1067406854
-25.2140157508
-28.3614405374
