-17.5091404285
-20.8104341006
-20.2291273108
-20.8217578647
-23.9948651309
-22.4343553744
-21.8494587191
-21.3566174892
-20.2214750101
-19.6012568116
-21.1437797344
-22.3764122919
-17.0278455418
-17.3419432939
-18.4060596917
-18.4417967521
-19.3938420551
-19.0497863135
-20.8687617009
-24.0379411928
-21.9193948523
-19.3973141444
-18.7359410087
-18.3437357038
-17.4590205115
-19.3453416717
-21.7709511267
-15.9949376880
-16.2543702417
-17.9040941617
-18.6288295266
-20.5971937212
-19.9195321609
-21.4270145003
-24.7782658228
-22.1252910327
-19.8350552238
-19.3211808089
-19.9114034475
-19.5097088370
-20.7775632658
-22.0889235213
-18.6386722786
-19.9484881728
-20.6110458046
-20.2305228633
-21.8200625321
-20.9368802456
-22.4522983449
-23.8449857157
-19.4002153054
-18.9899103955
-19.2993722021
-19.5238780831
-17.5951721700
-19.2696472073
-21.9408396831
-20.5350587753
-19.5548251758
-19.4028459005
-20.0543685008
-22.8487071065
-21.7269675537
-21.1395101938
-23.0452330809
-21.2159956414
-20.5644756631
-19.8959564552
-19.3806295184
-18.7934154852
-20.6361141821
-21.9173934331
-19.2544656037
-20.7112105432
-21.2851058308
-20.9299956338
-23.4132204946
-20.3656427321
-20.2317035420
-22.4322607400
-21.6872017496
-20.7477010555
-20.3768965725
-19.0217585187
-19.0485215042
-21.0084061331
-22.7204162215
-19.9207853253
-21.0945090718
-21.7582680629
-22.2817599051
-23.1490537082
-19.1307484503
-19.6132977612
-22.4803442628
-22.3030480883
-20.0374417938
-20.3590662347
-20.5339480202
-20.7418534079
-22.5779249926
-24.3735005188
-21.4424382044
-22.3729013681
-22.7080632731
-21.9230805457
-22.5697496782
-20.1879840634
-20.7862408905
-22.7280969988
-20.7320831599
-19.3584079426
-19.6063859644
-20.2847259148
-20.5643487925
-23.0167910135
-25.1233002160
-22.6764947907
-23.2257773668
-23.3186328555
-19.8450261102
-19.6998019980
-18.5612249419
-19.6711191663
-21.7284136098
-18.0963609552
-17.8432990847
-18.9903725608
-18.9674583797
-19.1055609773
-21.7594215253
-23.8971432956
-21.8950242744
-22.1693315660
-22.1287372125
-19.5650407376
-19.4744740601
-18.2038906021
-18.7283275689
-21.4173620659
-18.1240495701
-18.2968703931
-18.0265956798
-18.6048278866
-17.9428980899
-19.9820839721
-23.3684135803
-20.9028416885
-21.1149622426
-20.2740261388
-18.2717903524
-19.2626072421
-17.6240000285
-18.7801174960
-21.4075529887
-21.7138158521
-19.3666363299
-18.8695824636
-19.5641850215
-20.1269235976
-22.2632563748
-24.7515261457
-22.5363506534
-21.6621696268
-18.9474557111
-18.8898906378
-19.0675544947
-17.5257409156
-19.3288370003
-22.2917359892
-19.4148001188
-19.3555067704
-19.2541561806
-20.1331764396
-20.2588626604
-22.4971039615
-24.9930286013
-20.1901227146
-19.2167530073
-18.4063224852
-17.7495541926
-18.7530554434
-17.9263597556
-19.6714894116
-23.7258786023
-21.2540914256
-20.3423479464
-20.6240473450
-21.5169830662
-21.3840161103
-23.5979566476
-24.0559450063
-18.8986045123
-19.1061577851
-19.5066833837
-17.2725236767
-17.8175031434
-18.0338414948
-19.5455572305
-23.0076098120
-19.4786141636
-18.9317873535
-19.0701812145
-19.5667586602
-19.2957318321
-20.6762165786
-21.9656827941
-18.2796019048
-18.1446801079
-18.3294538355
-16.9554574393
-18.3720185374
-16.7692764911
-18.6202554867
-22.9509587170
-21.8974878618
-19.9726205576
-20.5284369510
-20.6642766011
-18.4519721950
-19.8648514150
-21.8118574637
-18.6689694848
-19.1216280933
-17.2670553383
-17.5218545601
-18.7968953256
-19.0127080673
-21.4128452535
-24.2661599044
-22.2319286929
-21.5539706948
-21.2833788490
-20.5530923589
-18.2617016521
-19.7386201837
-22.5557953373
-19.6946081318
-18.6751161798
-17.3386589198
