-23.8898172351
-26.8125887655
-30.6306464234
-28.0386109270
-28.0647654485
-29.2698295039
-30.7047019213
-27.1896511910
-27.0787323587
-27.4691432592
-28.6442078950
-25.9385658154
-28.0272069114
-31.8809134267
-26.9518719786
-24.2976740187
-27.4080646800
-29.2004396910
-27.6294142973
-27.7201893754
-27.5867330960
-26.9490355528
-25.1775304266
-26.4838674748
-27.3504802095
-27.4053978379
-24.7540143374
-26.4993779037
-29.7598794719
-25.9795977235
-25.9959146863
-28.0786421089
-32.2277743920
-29.7675511832
-30.0739201202
-28.4904874620
-28.1672487621
-26.4263969185
-27.4174491398
-27.2613997445
-28.5835060521
-25.9451604330
-28.0127891021
-30.7766498234
-27.0933754153
-25.8121818456
-28.9887632358
-32.6212961105
-30.0025625425
-28.5250347834
-27.1708253264
-27.5884704296
-25.8436998386
-26.6385394375
-26.6471795110
-27.9429423154
-25.4020090661
-25.3638679616
-29.9486469232
-28.7352302321
-27.4910411770
-30.1880275101
-32.8451675386
-27.9282617072
-27.9164680338
-28.3364045460
-29.2572746095
-25.2369998313
-27.6780726048
-27.9459017425
-28.6130938145
-26.6553069223
-29.2732472025
-31.3336220897
-29.5420899853
-28.4130569751
-31.3284087891
-33.3406534060
-28.4967208845
-28.5586176360
-29.3480846360
-28.5898236310
-26.4529203935
-27.0680338957
-28.0544747871
-27.3633716945
-26.7801257302
-29.0279192777
-31.8595993688
-29.2081722581
-27.6326261674
-29.2451404454
-33.6013415538
-28.7640451203
-29.1286911523
-29.0373490553
-29.8687166052
-26.9383267291
-27.1174806107
-27.9639896975
-28.6025157540
-28.5539273521
-30.7906339349
-32.2209674640
-31.6371053754
-27.5815029634
-29.4275993866
-34.0130690092
-29.2423376674
-28.2366489222
-28.5406940962
-28.6886924589
-26.7771624204
-26.1088051759
-26.8808898382
-28.5392195585
-29.4198396480
-29.4122158273
-31.1677222056
-28.2523056467
-26.2654371497
-26.5733026632
-28.1191302941
-25.0917770383
-23.8475671186
-24.6922431654
-26.8389348911
-25.9654440134
-27.9089801472
-28.7464517073
-28.4291706931
-26.4537579966
-28.9058514743
-32.2829172789
-29.4615887461
-25.9772894752
-25.2556159791
-25.3073308085
-23.2173690293
-22.8793098500
-24.1307513743
-25.2822909185
-26.0167950643
-27.5847782643
-28.3280389308
-27.6796882547
-26.7419613337
-28.8345858124
-32.0028621195
-28.0404919601
-25.2378309533
-25.1982735817
-27.4525142972
-24.9946209364
-25.2390284432
-26.5998546205
-29.6582117524
-28.3284389536
-29.0565153955
-29.0028755260
-29.3197306143
-27.7544829592
-29.9131001771
-29.3630202706
-25.9718211411
-24.6482699549
-25.8409993326
-28.1694663788
-25.9554277932
-25.5565761746
-27.3321980657
-29.4534639269
-27.3655349440
-28.2766347946
-29.9476552770
-30.3381904164
-28.1998205409
-28.5820858870
-28.4793514290
-25.2798273251
-24.2523246628
-26.0743290589
-28.1531274134
-26.5332287525
-28.2897398935
-28.6724324596
-30.5454678534
-27.2940815685
-29.9452305102
-30.3469120418
-30.6158104763
-28.3947916634
-27.7465044278
-27.5802601626
-26.6446123430
-24.1877157518
-25.9683089288
-26.3697147527
-25.8975054262
-26.8992807217
-27.5217151022
-28.1938291920
-28.2205779337
-29.6170801649
-29.6068218738
-27.7958035563
-25.7299277287
-26.9351938336
-28.2824630291
-25.8852858293
-24.5153289034
-25.9822438456
-30.0536533770
-27.8155395159
-28.2334745989
-28.1195976406
-29.9942979097
-28.7638496449
-29.7211040318
-25.9717318112
-25.1263865102
-25.6137360385
-26.9130059262
-26.9140066421
-26.2077335650
-24.8898371396
-27.8651493469
-31.5531954920
-27.8957494719
-27.5954340001
-28.8058343647
-29.8674971052
-28.7400292634
-26.7005889550
-25.0994086282
-26.4487078133
-27.2684034528
-26.8511234162
-26.9405935538
-25.0475811657
