-36.7081775853
-32.2209778135
-33.1194384785
-33.0327361918
-34.3077866376
-37.1382700062
-37.4907986106
-35.4358471825
-32.9304263712
-35.0641133714
-37.5797651173
-33.8308081736
-35.0305473575
-30.4548649619
-30.7015094702
-32.9663019308
-29.6120688249
-31.5726531108
-32.5547997171
-32.3532314146
-34.6401080820
-32.9017681247
-33.2537815325
-31.5377847474
-33.5615226836
-34.7966092556
-30.3329033224
-32.4297530723
-29.1232474149
-30.7705548997
-33.6653601206
-31.1256002643
-33.3195866101
-35.3420958804
-36.8748088947
-37.8097573092
-33.7685308313
-33.1855465063
-32.7684206123
-34.9261532615
-35.3513948885
-32.3315988837
-34.3953485249
-32.1791445696
-32.7764418646
-34.7663301901
-31.1597941577
-32.8870603264
-33.3796955340
-34.2882487499
-35.9865199058
-33.6626052393
-33.7920560463
-32.5666529421
-34.6305423842
-35.3201992588
-32.0096742285
-33.4002820327
-29.5921101928
-30.4329605713
-34.3527579482
-33.5395341486
-35.5226957470
-34.6346099762
-33.8893778263
-35.0165800739
-34.2628671035
-33.6648759457
-31.4557895623
-33.7803698098
-35.2693971267
-33.7717323493
-36.3982266140
-32.0121611200
-32.7718253678
-35.6773676735
-32.7126835127
-34.4055097269
-34.4337744251
-33.9720190027
-35.4396183120
-33.9642463101
-35.3213177775
-33.2658263570
-34.4523789148
-35.1235840596
-33.1681602206
-35.3028168484
-31.3578308364
-32.6398332808
-34.1139276048
-31.3284398612
-33.7002090635
-34.4175144300
-34.7727461591
-36.7070124753
-34.4399508925
-34.9897161291
-34.4185798731
-35.6277979901
-34.3416983106
-34.3161108261
-36.8275021449
-33.2438883052
-34.6812733159
-37.2805100129
-32.7744533775
-34.5718626938
-35.3619354056
-35.9068912383
-38.4143520622
-35.2081800500
-35.6686434576
-33.9896732679
-35.8499009881
-37.8875994446
-34.2258315921
-35.7818510853
-33.5841753498
-32.5376995345
-32.2800290605
-31.3460747110
-33.6079374690
-35.7213369830
-35.2458900374
-37.1081592331
-35.7540239733
-35.7711552259
-35.1787942541
-35.7673737427
-36.3283824296
-34.3421527103
-36.3060805956
-35.9284434999
-36.5034570124
-34.0078751388
-29.9087956875
-31.0982314234
-29.4780079825
-31.9174569822
-34.8765473336
-34.2935280729
-35.9081456904
-35.6985962902
-35.8096562059
-36.4544918980
-34.6935576449
-36.5336027259
-34.3022885300
-35.4022410292
-36.5775060149
-29.6374621221
-31.0881077550
-29.1883495554
-31.5132109072
-36.5342616698
-34.6040448082
-34.7793718448
-35.2941418364
-36.3895969096
-37.6181741781
-35.2693777065
-37.3954303662
-31.5619999661
-30.9336209511
-32.9033086821
-31.8036797324
-33.2549013460
-29.9315570942
-31.1410770328
-35.1518836965
-35.3517055895
-35.9489587961
-34.5574591435
-35.8117624939
-38.2680716639
-37.4940816794
-36.3155090701
-31.1614266282
-31.9459016343
-31.4487366610
-31.4040294352
-33.2496518039
-34.8008425525
-35.6494033319
-36.9220301986
-36.0152959555
-35.2201226061
-34.6759046744
-36.2291809185
-38.0001740149
-37.6899951951
-36.3002575559
-29.9723572624
-31.1552838204
-34.0866364433
-30.6168603798
-32.3297320820
-31.3254467770
-32.6639086976
-36.3551000848
-34.9552697940
-37.2190663799
-36.5323275642
-37.8131970196
-33.1291621080
-30.7321885668
-33.2324674642
-32.3779088057
-31.0327577483
-32.9431806281
-31.6078179601
-33.8110540861
-33.8153637703
-34.4514455206
-37.0099157297
-36.1067428971
-37.5332377110
-35.7905882510
-35.1345750904
-35.9018915493
-31.0077087993
-32.8338101291
-34.2330877496
-34.8671201609
-33.3580863075
-29.9108191271
-31.9779413342
-32.9704355468
-33.6251606437
-35.8212155603
-36.1809938570
-37.3109172385
-37.4485083840
-35.6940199270
-37.5542345878
-32.0889546560
-32.9699086418
-31.2236703193
-32.2495778081
