-30.5948148501
-29.2267430912
-30.5041951603
-27.2847126457
-28.4859512274
-32.7285823092
-31.9292998655
-32.7174488812
-31.5584618717
-33.0638541425
-32.9863045759
-28.3382480325
-29.7184617789
-28.0923414237
-29.2604333948
-29.3837685990
-28.2208329690
-28.6650520155
-25.9514495290
-27.1157639845
-31.2879969921
-30.3469521715
-32.3276659249
-30.0698007460
-31.4563164560
-30.2109805211
-24.7802957277
-26.2635573999
-27.0157818182
-27.9791881256
-31.1279214575
-29.7412244885
-31.4697063589
-28.1686727978
-28.4615495783
-32.0886413638
-31.3449315873
-32.1993051576
-30.8756765795
-32.1624288779
-30.0573455352
-26.3202732245
-28.2170954889
-28.9277170432
-29.6207011295
-29.5866263312
-30.2072029214
-32.1218099559
-29.7686218055
-29.9145371755
-32.6384972738
-31.5216606800
-32.4211725686
-30.2228881194
-31.1242590732
-29.3710259882
-26.2902970840
-27.2155946873
-28.2847013694
-29.3862244282
-29.4702430569
-28.5677444694
-30.1080958925
-28.6150667629
-29.3188127503
-32.5622306319
-31.8372975369
-30.2517496105
-28.5648329418
-30.2491759743
-30.5972629425
-26.7198938188
-28.7181869999
-29.3286231240
-29.9139805067
-30.5202506136
-29.5590853103
-30.5299095187
-27.7556286635
-28.4919309209
-32.4097607884
-30.4181194416
-32.2356661853
-29.3151076401
-31.1406860627
-31.0611700223
-26.3099657247
-27.9200022402
-30.0800461045
-29.3438319193
-31.2356335893
-30.0346397961
-31.2295723377
-28.8475239117
-29.6138760696
-32.8951385468
-30.1891395572
-31.7005284209
-30.0198504438
-31.3503960272
-32.0894776772
-27.8054883492
-29.5314899053
-29.5300257389
-30.3497458876
-32.2854041759
-30.2241153868
-31.3505720972
-30.1659224570
-29.9842609850
-33.3118928917
-31.1932617918
-32.3137193552
-30.3769800930
-32.4807752960
-31.8549414466
-28.9610849934
-29.3955286143
-28.6163730011
-29.9319856035
-32.4372992254
-30.9011514412
-32.5679423453
-30.8353981297
-30.7163881473
-33.2119482842
-30.5369766623
-31.4821628545
-31.5125377347
-33.7190854160
-33.9732384988
-30.6908252537
-32.7394115282
-31.9486370948
-32.1393736048
-32.0068727479
-30.5038779911
-32.1307633058
-30.6474022480
-28.5821376762
-29.1710836671
-29.5887093225
-33.2031916987
-32.0339606568
-33.9680769764
-33.6106651681
-29.5212277297
-30.9164806258
-31.7718083250
-32.5347064492
-32.3664504296
-30.4826907986
-30.0489902835
-29.9012573177
-28.8430834862
-31.2232249714
-30.5039660192
-32.4189031504
-31.7335999163
-33.4175375569
-34.7130087954
-30.7410784841
-32.7454417028
-30.4728053340
-30.2392711079
-30.5057421956
-28.3394235174
-28.6923988565
-28.0842217831
-28.9634385441
-33.9510971892
-32.5314557416
-34.3236776677
-32.9729638682
-35.1479856892
-36.2018781114
-31.6092355258
-32.3193520989
-30.7884642129
-31.1488989282
-32.5085234524
-29.5413067592
-30.2732850538
-29.3266527653
-30.7987833577
-33.9351155282
-32.8906178567
-31.8938916429
-31.2376544378
-33.4030783291
-35.9569632224
-33.7234028713
-34.6569998375
-31.6569436033
-30.8522562296
-30.8660500405
-25.3083845945
-26.1460775943
-25.0702286519
-26.7946004862
-31.9701802879
-29.5465925528
-31.7521124822
-31.4930917608
-33.3651042495
-34.2651662886
-31.0386015024
-30.2385060077
-27.8496039611
-29.1804927081
-32.2553827333
-29.1836359696
-31.0462408507
-28.1256873661
-29.2360783457
-33.4070863643
-31.7809675152
-33.6704646589
-32.2975409162
-33.6923794104
-30.0368833069
-30.1478047282
-30.5531318055
-28.4227870866
-29.5853822316
-29.5479402216
-27.4665256029
-29.5739769217
-28.1671697868
-28.3685128617
-32.7830584790
-32.8255688032
-33.5860149555
-29.3062630293
-29.7231378284
-29.3627147508
-28.4518997392
-30.0366800598
-25.5370305100
-26.9951668185
