-26.3228507446
-19.7562537542
-20.4240492967
-21.4936895851
-20.1213763052
-22.5476497981
-21.7259293010
-21.8979358013
-24.2209426014
-25.3773523854
-24.3362488032
-23.6421395958
-23.5911095960
-22.3252722508
-24.8097100213
-22.7876777400
-20.5494468126
-20.7570311416
-21.1604087008
-20.2984394690
-22.0111370108
-23.4429946962
-22.2455114992
-23.5712920711
-25.1377736897
-22.9861416942
-23.7149613630
-24.1112186586
-22.2289835162
-23.0714639898
-27.4148962066
-29.0619578397
-30.2313702505
-29.2205303776
-28.2924520567
-31.3280696020
-32.1349318830
-31.2412650412
-31.3082909298
-32.0554624386
-29.3522765034
-30.9762736700
-31.5800685146
-28.0391870162
-29.0954267683
-30.6872418418
-30.3462932292
-31.5562610782
-29.4885472076
-30.1275522285
-32.5988635329
-32.7147665070
-32.3023632551
-31.4991128834
-32.3289579307
-30.5352328609
-31.6392349696
-30.4718227478
-28.0075123851
-31.0365612310
-25.8433166357
-21.5718800059
-22.3999698783
-23.8688941338
-24.0757301682
-25.6609560685
-25.2343083868
-22.8564655788
-22.6097834708
-23.6248245058
-21.9302875120
-21.2955285562
-20.5493303008
-18.7888132372
-21.0425586213
-24.5408154181
-20.9522832347
-23.1665021450
-25.9246101780
-26.3009657724
-26.0746125743
-24.4378543965
-22.7927356921
-23.2764824294
-25.1193737363
-20.7441370562
-20.4118594728
-20.7973316135
-20.0876419747
-21.8362267554
-24.8821887243
-24.7239708822
-24.9390598964
-25.8061063572
-25.5752208099
-24.4393030384
-23.3868018876
-22.3190439985
-22.8856960455
-24.0271326974
-20.2143366640
-19.5152276691
-21.0855958512
-20.3601601670
-23.1785702776
-27.5709326609
-26.3151712606
-25.4575273965
-25.6608473235
-23.5999943404
-23.6875407335
-24.2188958627
-22.2316658980
-20.7865736003
-22.1910391916
-18.9200622871
-18.8342894687
-20.9768829655
-20.1776739814
-22.8225124619
-25.9885640247
-27.3141437677
-27.3843219825
-26.3535997569
-25.2716105891
-26.1238871095
-25.8326945667
-21.9446470597
-21.9882992174
-24.8650717054
-22.6513707580
-23.0962397800
-24.9318943604
-24.2104473935
-27.2157966477
-28.0874802572
-28.1461832594
-26.7166884266
-26.7188387304
-25.5543261900
-26.1126501030
-24.4762790094
-20.8294619489
-21.0236822623
-23.3578640007
-22.6944869544
-24.2872694292
-24.1621049547
-23.6667289667
-25.3712950153
-28.9540294964
-25.6709839284
-25.4593216950
-25.7858642071
-25.8566444097
-24.9075043585
-23.5402647252
-21.1442742705
-21.6008839181
-23.9635775749
-24.2944038959
-25.0226461445
-24.7329721373
-25.9197399451
-27.5684341225
-27.5881972720
-24.4335240055
-24.6080096241
-24.5843898984
-22.3814469373
-23.1030065829
-21.9076542606
-21.0391460964
-22.3313917605
-23.4575717374
-23.4151196666
-23.7835252371
-25.3682954586
-26.8730265219
-29.6455882447
-29.3399688734
-24.7264189415
-23.9684206253
-22.6959252386
-21.0251723304
-21.6360164011
-21.7703465577
-21.1955593075
-21.6950689543
-22.1510740214
-22.0825179108
-24.4234987263
-25.2941143822
-24.2832109038
-26.4754034734
-28.4120562644
-26.3404325186
-23.4491815222
-23.0632226525
-19.6041165562
-20.9469547191
-21.7472627888
-20.7711473094
-21.2298451314
-22.1553202634
-23.7782705105
-25.1793557951
-26.0269653327
-24.5902466065
-25.9026423456
-24.7582333983
-22.8007336449
-21.0284825874
-21.6207855935
-21.7745656143
-25.7925869768
-23.8473224405
-22.5723893480
-22.2060991149
-24.5159645421
-25.3379154088
-24.2569929448
-26.4126056926
-29.9620368259
-29.7066745726
-24.3207694281
-23.2549754670
-19.6230809518
-20.9559611561
-21.7596921116
-26.0631515851
-23.4509201483
-22.6307648299
-23.7685378118
-25.2182852942
-26.1195722534
-24.5795753327
-25.9268640511
-30.0836424529
-30.5200538405
