-25.0092860113
-27.5428272039
-21.5043479095
-18.6304192930
-21.9531511889
-24.2063280189
-27.9763478080
-29.5233068399
-26.0406193299
-27.7640836093
-26.9365751611
-23.5270625323
-24.5872910657
-28.2353711638
-30.6727618922
-28.7850692003
-28.6811722081
-28.7197392106
-19.6203636106
-22.3088206410
-24.4319886280
-24.3558151756
-26.1921053176
-26.0320905962
-25.9993000280
-25.0990280160
-23.0110249335
-24.4309646048
-26.2149586482
-25.7798236642
-28.2447892781
-23.3684705428
-24.5099744933
-18.5077572281
-18.3768382965
-22.3502681108
-24.6072704134
-27.9654163234
-26.1081048038
-27.2276006892
-24.8584641403
-22.3361105270
-24.7877162996
-26.0242907115
-29.6071623370
-24.5040155118
-20.1255150959
-22.0647082829
-22.4391686552
-23.1629032019
-25.1157954989
-26.0006036756
-27.9965045161
-24.6233219834
-25.2509425244
-23.0267101413
-22.5648807456
-21.9698798439
-25.6333528950
-27.0721804607
-24.2018888850
-21.7137666631
-24.8524857339
-23.8239460999
-23.9669331451
-25.5299646677
-27.4162102239
-28.0643939015
-25.3727786096
-26.5531550208
-25.3872935108
-19.5619790572
-22.3371474808
-20.6992964729
-21.1545662313
-23.5964303414
-25.6408330214
-26.3379158460
-23.6133337576
-23.8257352200
-27.3375951868
-26.7329367757
-27.7673589118
-25.1344530731
-26.2798445990
-25.6026142479
-18.6668230597
-21.2817036589
-20.4084663591
-22.7329711119
-24.0491510175
-24.8753895613
-24.6987898867
-23.3514480329
-23.3309158955
-25.5487296923
-25.3462188828
-25.9810567183
-26.1982157683
-26.4248408254
-25.7281606187
-17.9138294525
-20.1871956580
-22.9062825529
-25.4073414714
-27.9793098257
-27.6788441837
-28.1533837441
-24.1353109019
-23.8280408783
-25.3547799821
-25.0848393538
-26.5442883969
-25.3930492357
-23.1287558996
-18.6018179944
-20.0018626791
-24.1096936186
-23.6028929195
-23.2131745750
-25.4060248744
-26.3599160385
-27.2160931155
-22.2365917943
-20.6521398730
-20.9831733626
-23.6839145944
-24.9038510350
-21.2002288768
-22.9053918776
-20.9020494043
-20.0561278584
-21.7898067753
-22.0529935777
-24.2409413688
-26.1296001139
-30.3825701017
-27.6249829287
-22.2386553634
-19.3008299231
-21.2240039551
-21.1434198440
-23.0518251131
-21.7914042946
-22.1529524647
-21.5684079271
-20.4228194410
-21.0504374768
-22.8311227611
-25.0824676702
-28.9310182269
-27.9301336859
-29.3366858042
-22.9819666487
-21.4419514436
-23.4551210818
-22.8348667054
-25.1054426909
-23.7380308880
-23.0643036331
-21.9484156040
-20.3031323446
-22.7049873392
-25.1389491698
-28.3582817424
-29.4058464692
-23.6630678724
-24.8227685154
-24.9259755105
-22.8878113981
-22.4282423484
-21.2590030963
-23.5038751946
-24.6876978730
-26.1440593499
-21.7940206535
-19.8063451872
-22.8726271869
-28.1372350656
-31.3197415316
-23.8583859685
-21.1730516304
-23.4558486396
-20.4492937268
-20.2905567332
-23.0349035769
-21.2655032139
-23.2526477959
-23.5893023558
-24.1657828769
-22.5723039054
-20.4147774685
-23.2682838086
-24.4083818501
-27.1340163590
-28.7909958147
-24.6360542403
-22.9654490294
-19.7267462479
-19.5322372384
-21.2304432293
-21.5207542067
-23.8126521286
-23.1146229034
-23.3510272929
-20.9755676660
-20.9335233870
-24.0123174465
-24.3376663758
-22.7138876224
-26.2578819351
-28.0007403997
-25.1391109903
-19.6943893550
-18.8524110869
-21.9421070770
-22.4696522788
-23.6615195494
-23.4298520531
-22.5221788201
-20.7859172453
-20.9664434224
-23.9966037588
-21.3955586479
-24.3698005838
-26.1425032500
-25.1255333754
-24.2377411532
-20.2958464079
-20.8276469386
-23.2201964082
-23.5584704914
-24.2557113034
-24.5621877445
-23.7465259632
-21.3192026552
-23.3726598241
-25.3743696560
-25.1021790439
-27.9848131069
