-19.0579266653
-20.3872441765
-18.7993576219
-19.1050042970
-20.7480363221
-21.1648141455
-18.9980533437
-19.6094230493
-18.9651242465
-21.3078750036
-23.2014196809
-22.7885088277
-21.6903242691
-21.6520265117
-20.1327699347
-18.9339065752
-18.8497403267
-19.6308626952
-20.5416184216
-21.0698523373
-24.0450950170
-20.2995722194
-19.4769557847
-19.1424282030
-20.7178168017
-21.3487735648
-23.1537452431
-20.8672288876
-20.7448904696
-20.2571149551
-16.4550168976
-17.0260499469
-20.2220691936
-18.6959046295
-19.8955512236
-21.6629075053
-18.7621007269
-18.9251551715
-18.0103097928
-19.9634613504
-21.1910385703
-21.2829619508
-19.7039563217
-19.5992644184
-18.7585690810
-18.6709385228
-17.1675482419
-19.5070885675
-22.2376973067
-22.5184671569
-22.6131777962
-18.5683529203
-19.2740332436
-18.6199240630
-20.8104806935
-21.2786483814
-21.5469798613
-18.7198959093
-19.1272167985
-16.0083159318
-17.0832383040
-19.1224475428
-21.5632955740
-23.0544854481
-21.8281575500
-23.9552662664
-19.3695452556
-20.2230142618
-20.1462478850
-21.7616054842
-22.5035613272
-21.2096184870
-20.5109354461
-18.8890763449
-19.3494856234
-19.3751158554
-20.4716084871
-20.2541089271
-21.0111079092
-22.2144750333
-24.1074125068
-20.8028102877
-21.1745144855
-19.9299341520
-21.5103185146
-21.3192919503
-21.5987775795
-21.6794380848
-18.8846397868
-18.6775383374
-19.7887607985
-20.4495176627
-20.1028326215
-20.4166895400
-21.7167299136
-23.7127087215
-21.4141579484
-20.3716948999
-19.5071546110
-21.1948304342
-21.7239407713
-18.8721004215
-20.3725506146
-19.9567618500
-19.6526674093
-21.1381469663
-20.6204742654
-21.3030306560
-21.6316911533
-22.5783211058
-25.5365152162
-21.2141042429
-21.4054660931
-19.6495513541
-22.7578387996
-20.8649128752
-22.2370189584
-22.5382678971
-22.4053915791
-20.3336547778
-21.8884593917
-23.6703744894
-24.0565288206
-25.1994710280
-27.4144585610
-26.2159450644
-21.1885491177
-21.7877367237
-22.0124406528
-23.6386882019
-24.8950516647
-25.1018333323
-23.3313586209
-22.6607603649
-23.9083750924
-23.5751252918
-21.0080669382
-21.4420886497
-21.0415734189
-23.7938676250
-25.4298374056
-22.9196116002
-21.8981856294
-21.1931513622
-22.8823456214
-22.9505625433
-23.6687989583
-22.5785386038
-22.6786230700
-22.7982713049
-23.6999195130
-24.5347696686
-24.8005262176
-22.5950821255
-24.6468743407
-25.4315398354
-23.0387860296
-21.9702785499
-20.7716237032
-23.3112511027
-25.1489174315
-23.2000396606
-23.5579008405
-23.7848392161
-24.5272960101
-23.2121103892
-22.1336799257
-21.8721657510
-22.3421626824
-22.9606797328
-23.7320925824
-21.3192453566
-21.6932577825
-20.4217216141
-23.4187367012
-24.6953954059
-24.3127248222
-23.0373024100
-21.5797627128
-22.0202832262
-22.3979800634
-20.2552144993
-21.5302331473
-22.2486120090
-22.2873045838
-22.4695642101
-19.4458688908
-20.3184175076
-20.0731581312
-22.3621912317
-23.5728999028
-24.1944747358
-20.7523667124
-22.6508580623
-20.9424132747
-20.7544626540
-21.7264263886
-21.9922735749
-23.1890563851
-22.3261615686
-23.1074534227
-20.9550898825
-21.8536881019
-20.7952900309
-23.6070847554
-25.0440015683
-20.2331042480
-20.8944890063
-20.4099447514
-21.1556808386
-19.1754349681
-19.9331045881
-20.2645808341
-20.4454215808
-21.1268982651
-22.4945147521
-20.0326349796
-19.9904223898
-20.1968325483
-21.9181377944
-23.0127130071
-20.2019759208
-19.7465313982
-19.9446561906
-20.7913441280
-20.3617990956
-20.7548846795
-19.8395642471
-20.8782250820
-21.2069684477
-22.8482138376
-20.4174805453
-20.9267267813
-19.8009118030
-21.1369093413
-24.0764239844
-21.7878156433
-22.6465289665
-23.3377629110
-19.5474926200
