-34.8702167984
-30.2818202614
-33.3030443969
-35.8936812866
-34.9258399773
-37.6499912023
-32.8698617621
-34.5233105568
-33.5126093587
-35.3754198065
-38.0959345041
-35.5373439933
-36.3918922127
-32.2740687846
-33.0477430307
-32.2526330345
-29.6794869815
-33.0573074163
-35.7165612567
-36.0566760914
-36.5644850736
-34.0109303641
-35.3577279981
-34.0015730994
-36.3754056592
-38.0554295155
-37.0345801749
-37.6666693555
-32.9802627446
-32.1625195065
-35.1748690642
-36.1301723100
-37.8287126312
-40.8693314727
-45.4598520643
-47.3691904507
-43.9366430544
-44.1808795184
-41.6488337142
-43.4356579597
-46.4817924535
-46.7468613588
-46.7402162534
-38.1040942757
-36.5652035694
-39.2393344474
-36.6690552247
-38.2549782249
-39.2980749753
-42.1484012632
-46.2130883495
-44.3656000045
-43.8239986032
-41.1637447969
-43.1105293308
-46.1821490602
-46.6365005638
-45.3129153582
-38.5864943919
-38.7246797497
-37.4131571340
-33.1034529382
-35.4981219285
-37.7079019056
-39.1308753720
-41.6921013441
-37.0122369183
-35.2820296940
-33.5695245270
-36.7409370823
-38.0915950584
-37.0710331185
-39.3463435920
-31.1264520979
-32.4520613858
-33.2524053895
-31.1009409925
-34.1437419009
-37.3751701100
-39.9217609381
-42.1857241591
-35.2510295410
-34.2020746497
-33.8524471796
-37.3943765734
-35.6328170978
-35.7236348723
-37.7989216259
-30.1559140105
-32.2589363656
-30.6647587660
-29.9459127613
-34.0259514253
-37.7896562775
-41.0739225577
-42.6641550039
-35.3356009369
-34.9829182601
-34.0644990281
-36.6629913793
-36.7464792115
-35.3149199378
-37.8605788502
-32.2881720005
-32.6940142951
-34.0157216256
-32.1824004550
-35.0518588163
-37.8608533056
-38.6616929854
-40.5947822661
-35.2998470730
-36.4133616186
-32.7789300586
-34.2935798538
-37.1597899055
-34.9464070594
-36.8011146061
-32.1681509461
-30.1297530240
-32.9607856979
-32.3492945760
-34.9358652414
-37.1763165802
-37.2631444409
-39.6521829399
-37.4117796933
-36.5182890797
-34.1716130504
-36.8669326285
-37.1713181920
-36.4470001343
-37.1833876126
-33.0702144415
-33.4643627354
-35.0584935830
-33.7219386932
-36.6386635201
-36.0229650768
-38.3276640194
-39.5354760609
-35.7153559957
-35.3741977215
-34.4628482318
-37.5159666417
-40.3884939586
-38.2495914504
-38.8887943550
-32.9966754959
-33.7553597184
-36.7896782360
-34.3568242493
-37.0376897633
-36.5604291353
-37.8369927984
-39.1162879830
-36.2126956675
-34.8688652611
-33.7434624763
-36.6461721207
-40.4501576467
-40.0484659002
-41.4758719251
-33.3771892072
-34.4901847008
-37.0086509185
-35.6934943252
-38.4242103206
-38.0639155203
-37.3492874567
-38.9860824550
-34.3813113364
-33.4440403299
-34.0610127064
-37.3750160463
-40.7235481993
-40.2183336324
-40.5736766403
-34.6967811553
-36.2333171192
-36.6304467964
-34.2800747363
-37.0353828137
-35.8290607487
-35.4555132353
-37.5214453290
-34.4469804937
-33.5775121217
-33.2988137000
-37.1624994607
-38.1766169635
-38.6490630029
-40.8534093560
-35.2486112547
-36.8311852373
-38.9530303898
-34.0320411714
-36.1863236589
-36.5110601140
-35.8830592125
-37.9777207192
-35.7163916648
-34.2239350265
-34.5129577615
-38.1856661075
-39.3158302156
-36.1352380184
-38.1854900485
-36.9604276050
-36.1423621219
-38.6565444144
-36.0862185352
-35.5362694889
-37.5405676524
-34.4425426539
-37.8866789769
-34.9751403881
-37.9456551199
-38.4469406644
-38.6814807185
-40.8522092745
-35.2701764629
-36.8310039952
-39.7045346826
-37.5229910624
-38.7443199011
-37.0606945569
-35.9779316269
-38.0334914651
-35.7347747812
-39.3066308760
-36.4155792422
-38.9130613539
-39.6729053742
-36.1905621353
-38.2006509398
-36.9692657410
-36.1607594786
-39.4757542327
-41.1190414640
