-16.7354670542
-17.3664795455
-16.2305821830
-17.5771942326
-19.9305814307
-16.1766756016
-16.7114472659
-17.5037186160
-17.1864737375
-17.9080710627
-20.3362179973
-23.0589400855
-19.9151849018
-19.2255665014
-17.5704752692
-17.1522008972
-16.3280464247
-16.7750917681
-18.5625933219
-18.1690040891
-18.1141524581
-17.6054240007
-16.6976806510
-15.3405617218
-15.8013931106
-18.4853194405
-20.5315504416
-17.8947666696
-17.2874023652
-16.7192976617
-15.7944760929
-17.3339815440
-16.6419098914
-17.4917580243
-18.7068672102
-18.0883798341
-16.9688098034
-19.2534635793
-17.5809239474
-17.3814281777
-19.2337819814
-20.5843514414
-17.4337372454
-18.5044676780
-18.5116059742
-18.7077435959
-18.9468355776
-16.2343895920
-17.7730703640
-19.9831080077
-17.4123959787
-15.7203105693
-16.0802664517
-16.2584196922
-16.6635320654
-18.7671146502
-19.8639594549
-17.3280924918
-15.5627671477
-15.6390350999
-17.5553597214
-20.4441399400
-18.5910043117
-19.3272110034
-22.0819573511
-21.4665175048
-20.2721075745
-19.9246237720
-19.9015775434
-19.9108092357
-21.2125274409
-20.5564466289
-16.8083121599
-18.2776082385
-19.3390460933
-17.7582227427
-18.8764269413
-18.1597568596
-19.2498659398
-22.1987380918
-21.6445244179
-20.3638976305
-20.0779196092
-19.7226721706
-18.1442256964
-19.3187314475
-18.3611763883
-15.3501352078
-17.2466798502
-19.1383114237
-18.8766431345
-18.9643306480
-16.3539563093
-16.8024502747
-19.7437156844
-19.7179896652
-17.9070574661
-18.1432107316
-16.6150252021
-15.7535801412
-15.8191069399
-16.6645366797
-14.8452723365
-16.6778372527
-17.4552014808
-18.2618569978
-20.0465854409
-17.9160833277
-19.3049635342
-21.9731020657
-21.0192508864
-19.9866228043
-19.7760997435
-20.2695222655
-19.0590490719
-18.2703326675
-18.5511970799
-18.0824894739
-18.6889902643
-19.2542390377
-17.2127720251
-17.5366141263
-17.7190356210
-19.6359038260
-19.4068591355
-19.0047929685
-16.8745923991
-15.9392782198
-15.5680050457
-15.4368958028
-17.5982636374
-20.5142185171
-19.6181019711
-17.4571485486
-16.4883797002
-18.6213144532
-17.6684716487
-17.5909647712
-19.6004269843
-19.7950473322
-18.1986462398
-17.5479806040
-14.7913126359
-14.3703571068
-14.3159624740
-17.1350476481
-20.7074911967
-17.2640946331
-17.5675910148
-17.4568171190
-18.5851734670
-19.1484894448
-16.5620714484
-18.2248046488
-21.5772175808
-19.9218352012
-15.3075653075
-16.1954652549
-15.0027691450
-15.5678315836
-18.9436328107
-20.1286946012
-17.7562744016
-17.6586366924
-19.2887009334
-19.0911612742
-18.2508542930
-17.7892630526
-19.1106370580
-20.9047835649
-17.0838234538
-14.9390923120
-14.2521833510
-15.9203643062
-17.2815689563
-19.8967629677
-22.7703134519
-19.3990838463
-17.1621886679
-19.0660683167
-19.6791663116
-19.1053098346
-16.9737201813
-19.6124886315
-17.7917706599
-15.9993625883
-17.8422426970
-20.5880241802
-19.6955506008
-17.5567436745
-16.5445738166
-19.5588422607
-18.1180025331
-17.9490227591
-17.8303273335
-18.5598850477
-17.9817395773
-17.5570737799
-20.0500575034
-17.0772016422
-15.0542690931
-17.5664880109
-20.9763534741
-17.4252525240
-17.7174368081
-17.5792733470
-20.6650080160
-23.3844211170
-18.5472485669
-17.8031241887
-20.1849016519
-19.6131074291
-15.3227663432
-17.8425948181
-15.7503307403
-15.8220573120
-19.1247221452
-20.1224611681
-17.8177180638
-17.7667553747
-19.4656657130
-23.3823381265
-22.4926130316
-20.3243454094
-16.7070806713
-18.2113590695
-16.7279131497
-14.9907294871
-18.0190223512
-19.7556724837
-18.4567880651
-20.4686930935
-23.0205996925
-19.7633001851
-17.3319685060
-19.2548824476
-23.8493458527
-20.9344036695
-18.6295751933
-17.8648448935
