-26.9414842278
-29.9080228164
-34.8060040552
-36.6899148780
-36.9030321484
-34.0324295474
-33.0461610466
-32.0764839146
-32.5513781165
-34.8490192583
-29.9784910146
-28.0681365525
-28.2971475193
-31.6060145956
-29.0466610023
-28.6668398430
-29.3116627492
-31.3338110831
-31.8538267909
-34.2045511848
-31.4602947189
-25.5533280443
-24.3683105220
-25.7303834184
-24.7083944217
-22.0806601759
-21.0186476131
-22.6308386190
-25.1959018971
-25.3344200260
-25.6297604240
-27.9516872351
-31.3861278918
-33.5361280857
-32.1654879866
-28.4933989844
-25.1072369667
-25.2931887490
-25.8193447761
-24.5264519877
-21.4753828356
-21.4183239501
-23.3981437479
-27.1097117872
-25.5343804991
-23.7256714724
-25.1728699184
-29.3133871311
-26.2682256878
-23.4216417864
-25.1016236622
-25.8411300806
-25.7129427613
-24.1770004590
-23.2525079875
-23.0568623487
-22.8336122504
-25.7059429302
-26.7308978018
-27.2995214119
-26.0103337774
-29.2354064509
-28.3128197692
-26.3091876828
-22.8416451473
-25.2133839808
-25.4278515853
-26.0647957238
-23.0532594965
-24.5890840580
-24.4011929969
-27.1567065548
-31.6452392396
-34.6319016970
-25.5687219772
-25.7675471066
-29.0944635905
-24.5687590437
-24.1594264578
-24.5494982076
-27.2362407514
-24.7971214635
-25.0824197706
-23.6373263152
-25.6257808641
-28.8387712091
-29.8178316022
-30.4205597242
-29.3203610776
-27.5639354234
-31.6174159911
-31.0133130628
-24.7973493127
-24.5994731226
-24.4701051245
-26.7697470282
-23.9720571097
-22.7072334492
-22.3755034890
-25.7240826666
-29.8625880298
-31.1159555934
-31.2886779512
-32.3528482137
-27.8686253085
-25.7680429151
-29.3004257266
-29.0746253459
-27.3865163050
-25.6751913335
-28.5482738807
-26.4456758823
-25.5572532479
-26.3966033122
-26.4308231099
-29.8590201486
-26.5954310216
-26.8099659400
-28.4552565990
-31.9398494408
-27.2085081199
-29.7272131739
-26.1114966081
-24.8477177814
-22.4787803942
-24.8916547259
-24.2270439694
-26.3161085375
-28.5629117692
-31.3465420480
-29.3946094531
-30.8129733033
-29.5989326457
-32.6726005301
-31.3866366493
-28.6916440968
-31.2492111818
-24.4227478560
-21.7997466105
-21.8244253070
-25.9616197936
-28.2465447375
-29.4706197828
-29.2169391823
-31.3823140430
-28.2021236007
-29.1509191950
-28.4520460251
-32.4850448342
-26.1782195706
-26.1787412967
-28.9364904380
-22.2558060378
-21.6524654146
-22.1363545728
-26.4741386479
-29.9927236798
-30.9160262339
-31.2952000679
-32.5213553824
-30.9233962986
-30.4243567593
-32.1217426384
-32.1395742626
-28.4851291627
-26.5577223125
-27.8620617618
-23.2775698744
-23.7085492778
-25.3147060680
-28.4270281490
-29.9898963001
-30.4511067868
-30.1124741783
-32.2211771851
-30.2105662458
-31.0885194452
-24.1155438545
-27.4799012466
-27.1258785819
-29.5332466531
-32.2110004389
-30.0628669352
-32.0775428825
-33.4677882018
-35.7730155389
-37.8012363230
-39.7524317303
-38.4751820176
-41.1345738754
-41.0603708165
-31.2808275628
-28.9677935311
-32.3138902288
-36.0087388575
-24.5567244963
-27.5246472686
-28.2330032985
-28.9672795214
-28.0071109884
-29.8729498231
-29.6168043227
-31.2152320958
-30.1975853409
-34.0193424818
-25.1440653071
-23.2742181321
-22.9751997857
-26.4410761554
-25.5901796374
-28.3177572584
-32.9927606119
-36.1013638526
-36.7081659190
-37.4468150429
-40.3826449941
-38.8398201321
-37.3427911880
-39.5113345738
-32.1082530325
-31.7852189300
-31.5642434736
-32.2125189720
-34.1235683637
-28.3473321180
-31.7243319431
-36.5736688193
-39.7086423472
-40.3020388895
-43.1500387018
-43.7331134738
-40.9277663561
-42.1963021180
-35.0499453846
-32.5038460888
-33.5038488469
-34.7550037719
-36.9288565075
-36.0289680525
-33.3861192054
