-23.8516023377
-23.9466068454
-25.6279777827
-21.4893980297
-23.3772193577
-21.0161633042
-22.2508542566
-24.8366503634
-29.7367477986
-25.6120116507
-29.2531837071
-24.0005975604
-26.5545143316
-26.2449969317
-30.6877518924
-28.5545358065
-23.8050878576
-25.9121769643
-17.9162334999
-20.7375178350
-16.5601179214
-20.4858631913
-22.4538091297
-27.0435247812
-22.4109285488
-26.3877004334
-22.1950446402
-24.4729726329
-22.5650102058
-21.6090812393
-22.8657671846
-19.1591141384
-21.4960690310
-20.2510161821
-22.9104096925
-23.8859062911
-28.5928620117
-26.3042760256
-30.0033858913
-26.0582360588
-29.6921260145
-23.8038062213
-25.5036081878
-24.2484732696
-27.2504617824
-26.9907574625
-21.0328958167
-24.4332055231
-23.1284594386
-27.1416699378
-23.3007546227
-27.0737986778
-24.1762275923
-28.2082275693
-22.8947193074
-26.6182403223
-22.4970508995
-23.4150173936
-23.3345782781
-23.4300656639
-24.6872823116
-19.6644624060
-19.6216452584
-20.6579202013
-25.1770786054
-25.9068821160
-30.3299788431
-28.7817602447
-31.6760037926
-25.9638956853
-30.0518758989
-20.4872108633
-23.2704470577
-19.0027281027
-22.4175296363
-22.0437036258
-19.0752119956
-22.9757590995
-21.5873179464
-25.7953327946
-24.7219060158
-28.4105959609
-26.5719316928
-30.6280857199
-24.6876991642
-23.2606794162
-16.7045083306
-19.3489885323
-20.2511779981
-22.4585240076
-20.8448804739
-24.3767525113
-28.9548878071
-24.7175212528
-28.2885980640
-26.9817199660
-31.1243393287
-28.2723095892
-31.7701421817
-22.2556739978
-23.1370347812
-19.5470667246
-22.7198569531
-19.2192386145
-20.1767224613
-24.9986561536
-25.5348193617
-29.7995598033
-23.7490529910
-27.3812667447
-25.1973958513
-29.1694654195
-26.7832689831
-23.2168848566
-16.2165061788
-19.1435532070
-20.8693585094
-20.2570334186
-18.6295480370
-19.2852741748
-23.8734148177
-26.7454308256
-30.3547365135
-26.2299913831
-29.8028571266
-25.5503932362
-28.5610216795
-27.2833869924
-31.0452945053
-23.2217861575
-26.7310842131
-22.5144902713
-24.7340090994
-26.5251466487
-30.4374903248
-33.5750938276
-26.7738819382
-29.5817185434
-25.3569328751
-28.6039203709
-23.3432804856
-27.2087683326
-24.2440173000
-28.1007652797
-21.5278718362
-25.2071971491
-21.8166306020
-24.7971926686
-24.5638292774
-27.9229202393
-31.6788182195
-28.5524579983
-30.9588071174
-26.0458119155
-30.0036965921
-23.7712913916
-27.4332482584
-26.0769738947
-29.7262448220
-24.8040785762
-28.5577230681
-24.4731901249
-27.7624977322
-27.7978011042
-31.2359727667
-33.4888653555
-25.7146283099
-28.8322128346
-24.0485516220
-27.5332265481
-20.9327414539
-24.8938128009
-23.1246546502
-27.2796831648
-22.8007556500
-26.7630112891
-22.0512834240
-25.4470244094
-25.6464165696
-29.1920287614
-32.9530919700
-26.6567607409
-28.3912483849
-22.7582103688
-26.8624096059
-22.3910903095
-26.2825437993
-24.8626236477
-28.5760647641
-25.2664801446
-29.3801411575
-25.4782291221
-28.6022620040
-27.5767518364
-31.3111014654
-33.5059098656
-25.5039719634
-27.1302529911
-20.4476457179
-24.3459400593
-21.6985863436
-25.4772025046
-25.0158871055
-28.6865667331
-23.6407414392
-26.8367703351
-24.8300984636
-28.1406838484
-24.8450755304
-28.2906706929
-33.7195087480
-25.0462969294
-26.2779791001
-21.9087119362
-25.9078090281
-22.5395935928
-26.5074755392
-25.1616303158
-29.2723422750
-24.1791857239
-27.7913877154
-25.2056708462
-28.0356268988
-25.8069840850
-29.2761302421
-31.6813297028
-21.6887254754
-24.1583467642
-20.2922163901
-24.1772451261
-21.4628771349
-25.5725759556
-23.7699942175
-27.0372835889
-23.4429260809
-27.4153531946
-23.6489167514
-26.4615928261
-24.6217322360
-28.8337093746
