-25.5171288475
-26.7363648405
-29.9600910630
-28.5468899829
-26.1907706027
-26.7803354550
-28.6249328052
-30.1433034554
-33.0433220162
-31.0941055809
-30.5222688791
-27.7702238306
-28.2070016125
-29.1966426746
-28.7286964604
-27.9074370045
-27.7410801139
-30.1311796489
-29.4794566240
-26.8031887809
-28.4456093421
-30.9624293675
-32.3474239034
-34.0836744311
-32.5274723056
-30.1129635405
-30.0221988274
-30.8075917217
-31.2341732997
-27.9347851323
-30.7040766284
-31.3447723587
-35.0881836005
-33.9921044985
-33.0320901939
-35.2447029013
-37.7199519094
-37.8380970829
-38.2143243579
-36.8128875716
-34.7909778083
-36.0071051127
-38.8456302825
-36.0926681640
-36.9006811888
-34.1079854575
-32.0990330170
-35.6617394219
-34.6076838915
-35.1337892777
-36.8177720434
-37.8190019461
-37.2765951864
-36.3464626142
-34.4987186126
-33.3005329100
-35.0438971302
-36.7317649498
-36.4748971596
-35.8225917046
-29.4359908987
-24.6200194964
-27.5688483777
-28.4407831283
-28.5359235470
-28.9731362969
-30.9957015202
-28.2460010164
-28.4420259323
-28.7989329248
-25.8273323893
-25.6685371638
-29.3550210188
-27.0429305815
-26.5393612069
-25.4466127425
-25.9030359017
-28.9303903553
-29.6710022653
-29.8131413267
-29.6573754551
-30.5255066306
-29.5529696872
-28.7687846097
-28.9271500149
-25.2903691415
-26.2873493131
-29.8801568529
-27.9419752620
-27.0658162751
-25.2824255610
-27.1508252632
-30.4111713983
-30.2202510482
-29.7498308967
-27.9638693014
-29.5806854779
-28.8906388068
-28.8284986816
-27.9544693139
-26.1655533622
-26.9627257975
-30.7689729200
-24.4744238592
-23.6482565161
-24.9457645571
-28.4832390692
-29.8217580900
-28.9885638764
-27.4146088208
-28.0926029324
-30.5224928390
-30.1161572815
-28.6590360818
-29.7886089235
-28.0316344044
-25.8064403582
-28.0293300336
-28.0962912081
-25.2482484873
-26.6757665568
-29.3864885253
-29.4964273526
-27.3310199908
-25.2475455291
-25.7596993293
-27.0941923071
-25.6764936923
-27.2384208418
-27.4283288458
-25.9011160303
-24.8237291013
-26.6354130175
-26.9229781244
-23.4728413779
-25.7355980114
-30.2591015679
-31.1478308865
-27.2618774347
-25.2052876472
-25.2279260780
-26.4294987432
-27.6245893806
-28.2096037317
-27.3118665914
-24.4359397041
-24.7601701004
-26.2072610404
-27.7160803581
-28.4715489606
-28.3732342220
-28.0934444149
-29.0595991025
-25.3706619553
-26.1721350344
-24.9178247989
-27.0375787616
-26.9089823545
-27.5104962192
-25.2452152735
-24.9606043991
-25.6820811214
-26.3068703744
-28.4229683273
-29.9215227658
-28.2731588399
-28.5658970961
-29.5985028629
-25.5448368678
-24.8085902116
-25.3916769819
-26.7365188956
-26.3401736053
-27.1386535679
-24.6068069503
-24.1178896614
-24.3069406660
-25.8749459685
-29.4770525741
-28.2117643934
-26.4435165247
-27.3550733982
-27.7537450484
-23.7424350679
-24.4005094696
-24.9054123086
-25.5790683210
-23.4266906769
-25.6156688501
-23.9809289156
-23.8660447496
-25.8567389092
-28.9235355221
-29.8720333349
-29.1373299260
-25.2427516744
-26.0371213597
-24.3048991052
-24.2337357028
-22.8777809447
-22.9181008339
-23.4499518012
-23.8994813221
-25.7163785923
-24.5220957068
-24.3411086805
-24.4660919101
-27.0567438077
-28.9717096631
-26.6922932420
-27.0164485268
-23.5912727112
-24.3481848861
-24.8984435515
-25.5369489621
-29.7776826009
-29.6727771336
-24.4947851154
-23.9156662380
-25.8423172204
-28.8875149626
-29.8626126332
-29.1910863129
-30.8826129710
-27.5842746678
-24.3901734959
-24.2179572868
-22.9231238272
-22.9225852806
-23.4558991302
-28.1586565758
-28.7204771316
-24.9909352542
-24.4893297335
-24.5229475448
-27.1549226237
-29.0784767556
-26.6942027562
-29.4579457747
-25.4880019507
