-20.1424754581
-20.1797945010
-22.2658805055
-22.9199715087
-26.5635116955
-24.0633616767
-19.1664855012
-20.6417404405
-22.1160450963
-25.4092121311
-30.5544237738
-29.6407218964
-24.3424058504
-22.4074461096
-22.4915825572
-17.9821810237
-19.8634040698
-22.6302120340
-25.1225610046
-29.3999340827
-25.8457491583
-22.9095332548
-25.1549800165
-23.9292011296
-26.4092255185
-30.8080823484
-30.2298491082
-28.0082865450
-25.5757399292
-19.6828701196
-20.3479172560
-23.4493161460
-27.7000326590
-30.3766680960
-33.6989766213
-31.0192189597
-27.9299097139
-29.4402306533
-28.0124693446
-29.0847205327
-33.7648451262
-35.2176680731
-32.8029031976
-28.5304435504
-23.3797787485
-22.9028052913
-25.9703336505
-29.7492677408
-32.0104056702
-35.4426644601
-33.7397625414
-28.7627388785
-29.8098323391
-27.5592865675
-29.5420563171
-33.9537860333
-34.5750292616
-30.3626218345
-28.8342582784
-23.5631504046
-21.4680943143
-22.4014910114
-26.1199347267
-30.6788503241
-35.7074149948
-30.4539121414
-24.3320232654
-25.0548269503
-23.2738634733
-25.2308841988
-30.1084920228
-25.5484630008
-24.4239298286
-22.8632906335
-19.6431949308
-20.8198444587
-22.0930351205
-24.2532192154
-27.7702134684
-32.7436163330
-32.9397227864
-25.6657615624
-26.5864439898
-23.7933446612
-24.9642253473
-28.4983934775
-27.9945652278
-27.8664271074
-26.3029477740
-21.8756326614
-21.8031798413
-23.2539268398
-24.0733054042
-26.8891816539
-31.7820109428
-29.9642427980
-25.5112941388
-26.4894536033
-23.1982182089
-22.9522196436
-27.2569282174
-26.7244365218
-27.7187031903
-25.2497191341
-23.4071993823
-22.7872142761
-23.9972471686
-25.8378107637
-28.5551727409
-32.4998484178
-29.5871816940
-24.6046851180
-25.4968815078
-20.0772839743
-21.5183941610
-26.4060964897
-27.9953303260
-28.8120975701
-24.5828972298
-23.2310748000
-25.4479202534
-28.3196176245
-29.8357124277
-31.9455948190
-35.2824517031
-32.1551364604
-27.0266589203
-24.0574402381
-22.8486592190
-24.1143308333
-28.7239854371
-32.6736854087
-28.8205253157
-25.2065615093
-23.3194186666
-25.2074651324
-27.8225522835
-30.2263886707
-33.1605622829
-36.9394112670
-33.8872417356
-25.0010563184
-26.1902786448
-23.0312657827
-24.9962792960
-29.4240832747
-31.0698916478
-26.8691388737
-25.5796327523
-25.7911991888
-27.7004650487
-28.7288246035
-29.6744264277
-31.9014947435
-36.4803758231
-32.9723036136
-25.2774931780
-25.7094408897
-23.3467253698
-25.2513373600
-30.3592895529
-30.8596042953
-28.6310587773
-28.9329859949
-28.9750574540
-27.2507129290
-27.4129387906
-28.8849749724
-31.2820302400
-33.4648313541
-33.1437468947
-23.8775303031
-24.8629874048
-23.6331189102
-26.8207601816
-31.5401693605
-31.6918326930
-31.2073067557
-30.1445384818
-29.7183090107
-27.1880627252
-27.2352348398
-27.8864362013
-27.6488421458
-31.3301655249
-27.1772930578
-21.6104884446
-22.2941283741
-22.7845603732
-24.8704325807
-29.5890096401
-31.5059457004
-31.2414851042
-28.8972269311
-26.3558730338
-26.1369857092
-25.2287015183
-23.4185283083
-25.3316250110
-29.8327089741
-28.2679442292
-22.8538595692
-23.9265705165
-22.7720520790
-24.2901809436
-28.1879180905
-31.3090495424
-30.1951710235
-27.5026846619
-26.1924768555
-27.3341243902
-27.6270646215
-31.3476812721
-27.1087667350
-21.6043067950
-24.8906786004
-23.7891476186
-25.1649146786
-29.7629320815
-31.5203596195
-31.2030190747
-28.8924978086
-26.3898093132
-29.1414207996
-27.4745442527
-23.9757389150
-25.5626102432
-30.0004665949
-28.2452682600
-22.8662604106
-26.1551927654
-23.5659104684
-24.4392784329
-28.1240768792
-31.3460746986
-30.2081854954
-27.4549804617
-26.1932743206
-29.4930549385
-28.5833144199
