-32.0328900349
-34.1505320019
-36.6973406244
-34.2237719074
-33.3754881306
-33.7075752681
-36.4849806788
-34.6993625630
-34.2927008308
-35.2891965194
-33.4678386967
-33.3533429455
-34.7470434532
-37.1834044385
-33.8424646219
-31.5229954015
-33.2246183958
-32.5660315437
-33.8132251139
-32.3868789904
-32.6755094851
-33.1618983087
-30.2073051877
-30.9882900132
-33.3379697388
-32.4502606196
-32.6662842682
-32.6805518973
-35.3514829102
-33.9031289104
-31.3252085736
-32.9337702808
-35.4717486343
-33.9136305934
-33.2017909699
-33.5528606200
-34.4150469496
-34.0725914822
-35.2530309716
-35.3859227843
-35.1132442032
-34.5257366171
-36.0228731638
-38.4495207695
-35.2586662958
-34.0349876450
-37.6090279175
-36.4244665714
-35.9127129903
-33.7372471717
-32.9525353083
-34.9260263932
-34.0788508006
-34.5543624916
-35.8270295451
-34.6234131077
-34.0468538247
-34.5917332999
-36.6229330220
-32.2969712939
-33.3491704816
-38.0215605630
-37.5978103488
-37.4756247734
-35.1781586095
-36.0164390730
-38.6540471598
-38.5504272419
-40.1591257811
-43.3056362824
-37.9263153078
-35.8007157970
-35.0729877650
-36.5790646914
-36.4000377426
-37.4055488417
-42.2660376423
-37.8275384317
-37.9078920718
-35.5199149860
-37.0401235857
-39.2947957807
-42.5100333294
-42.0767356107
-41.8916655690
-37.3002356105
-36.1208396406
-36.8633854710
-40.0026893624
-41.2204023166
-45.1742639748
-44.4990290205
-36.9752402451
-37.0035567263
-35.3754935998
-36.2893286590
-39.9040044131
-42.3244791163
-43.4331374047
-36.8079979120
-34.6362722274
-33.9078269672
-34.3966236997
-36.7796413121
-40.5417819367
-41.9428107495
-39.2957731944
-37.1603504629
-39.1689827872
-37.2551788562
-38.7421928992
-42.3356863388
-42.0454454804
-39.1028294734
-36.5706835463
-33.3641346110
-33.4045541703
-34.7123511439
-38.4791395869
-42.7955269368
-38.3092148764
-36.8479889651
-36.9244640211
-34.9775457293
-32.2029779002
-34.5002967005
-39.5913697816
-34.6254106378
-32.9744163972
-33.4149393363
-34.9472407731
-37.2633580424
-40.1143654891
-40.6760045599
-39.2986083429
-39.8618902499
-43.7694810122
-36.7493414990
-33.7391036098
-31.8343588291
-34.2691872588
-36.1352898025
-31.7355068392
-32.2338835458
-32.9370714810
-34.8567738255
-36.9440044944
-38.9203382214
-41.5500141242
-43.2254729722
-41.9600403835
-37.2997928647
-32.9981875763
-33.9371648654
-33.2318124118
-32.1382084799
-31.6873391903
-31.2041958697
-32.3775411455
-33.4787222833
-35.2541637368
-37.5350799095
-38.3218772287
-38.8195482687
-37.7909663952
-35.6058936025
-36.4296708107
-34.1287402531
-33.2242390883
-33.6846093161
-33.5100072419
-33.8204683218
-31.6173266893
-32.3151369284
-33.9243588277
-35.5147366451
-38.3246165684
-34.8825943370
-33.7519860320
-36.3571597663
-36.0073692107
-36.7289971303
-36.3855720468
-36.8588803125
-35.6886189182
-34.5316075638
-34.4331983364
-35.1065330712
-36.0134201034
-35.6906863741
-37.2041203993
-37.2885040800
-33.6322769779
-34.0233778056
-37.6927733697
-36.2162777888
-37.0551446698
-36.6509413852
-37.2223611122
-36.0704258865
-35.7605422158
-34.4984920614
-35.6188148621
-36.1445383266
-35.8168191491
-34.5042231925
-33.6470041906
-32.0821658593
-34.8382405298
-36.1188433910
-36.6468427277
-38.1569858656
-34.0199717416
-34.3570326747
-34.9961437497
-35.6101398415
-36.3932670639
-35.8387753217
-36.1489153204
-36.2861439871
-29.7032594533
-30.6919347078
-34.9134546704
-34.7877180427
-33.8416114981
-34.1237962327
-37.4188403578
-38.1988152219
-36.9016728397
-36.6532625717
-38.1130748223
-38.5089720266
-36.5367731723
-36.6194674177
-38.5795411757
-34.2411646623
-35.5710252230
-36.1015127725
-35.1740353577
-35.2053798668
