-26.9121696221
-16.9955482028
-20.6803333623
-20.9647280963
-21.9012913622
-17.0434090663
-19.6984219923
-21.6699695133
-26.4394476273
-23.7393902038
-27.6735493159
-23.2713765721
-26.7288859920
-23.9401106118
-26.7207430609
-27.8734359912
-18.5190796780
-20.8214834099
-23.4918005890
-24.0477295568
-18.9745423652
-23.0075994431
-22.8123033602
-27.0782947740
-23.6897311716
-27.0982119855
-23.2077826139
-26.6546130108
-23.7551077745
-23.5662561313
-26.5722152058
-19.8527457457
-21.7138042036
-23.4147545894
-25.8685545913
-23.3412117390
-27.1028634325
-23.8973944408
-28.0619484104
-24.2425375907
-27.8453978417
-22.6787758464
-26.3483398300
-18.6251891516
-21.8739704076
-25.3027971672
-17.4416225715
-19.6251496996
-19.4676218412
-23.7167789449
-22.7500350598
-26.7298776573
-22.9938574215
-26.8733799266
-24.1128951457
-28.1736258781
-23.2955477915
-24.8927667873
-18.2134614840
-21.4113966071
-22.9243135531
-23.9181142982
-26.5440100593
-23.9124090491
-27.6682725707
-23.2075146404
-26.7829867562
-25.3610729586
-29.5179459382
-22.5454127554
-26.3221814353
-22.6765815301
-23.2986056045
-18.5443370610
-22.1000517770
-21.3532438025
-24.9125312286
-28.0957371207
-24.5649620275
-28.0516914008
-24.4555966972
-28.1998334756
-27.3483039971
-31.1480043532
-25.2734683193
-22.3686823159
-23.7800609063
-23.2593317488
-17.2818693079
-19.5533571180
-20.2640021755
-22.2833276558
-26.8866442590
-24.4359578133
-27.9463224551
-24.4463442870
-28.0957526446
-25.2797807145
-29.4552271314
-18.3553999269
-20.0269737703
-22.9026732436
-22.8012061648
-22.9443705735
-21.5908055648
-25.3435274296
-25.8837245621
-29.1699107620
-25.4608648277
-29.2535733620
-26.0294625855
-29.6220177117
-27.7230853545
-24.2204105248
-18.6850301252
-21.5535473629
-20.4976193414
-23.1783217172
-27.0984398367
-22.2387679939
-26.4209492853
-25.5097199314
-29.0678417244
-27.1817037310
-31.4214843215
-26.9127262917
-30.8122444476
-21.0677642137
-24.9376630231
-22.0106101140
-25.9423990739
-23.5180755155
-26.5566995913
-23.7526674808
-27.4585820158
-30.9216615631
-25.1125888079
-28.5396208711
-27.8934606484
-32.1481871281
-26.5430184036
-28.9591845306
-20.3521220759
-24.1510647117
-21.6892044747
-25.3320832851
-23.7170430510
-26.9591449649
-23.6105245054
-27.2918134421
-32.2668475795
-25.6823426251
-28.4350015020
-26.4978761920
-30.6837852804
-23.3600039412
-27.0153079834
-19.8869720237
-23.6975776474
-22.9458360457
-26.7359117226
-24.9003077445
-28.7411037538
-26.4934500056
-29.4915739456
-32.6115893054
-26.0064577905
-29.0300229860
-26.7561370472
-29.4454763226
-21.9816605735
-26.0421663450
-19.9381884498
-23.7166417223
-23.2583556328
-27.1756838965
-24.7505228370
-28.0003986235
-24.7161489919
-28.5259759363
-32.1621298278
-25.5853522348
-28.6725101270
-23.6621797867
-27.2112578268
-23.7696873989
-28.0001668835
-22.0432129686
-25.7284531855
-24.3435191972
-28.7017535193
-28.1617299360
-32.2582321033
-25.4181836261
-29.0803202340
-32.7482535410
-26.4754513700
-26.5993484359
-25.6170605238
-29.1957325671
-22.5473714603
-26.1374880126
-20.3714890890
-24.2859670628
-24.2356012002
-28.0035936612
-28.7083235497
-30.0010297589
-26.1080996289
-29.0865316574
-34.3531527948
-23.1140312627
-24.8707510559
-24.7165671294
-28.9021010484
-22.7723718429
-26.8104475082
-19.7562705847
-23.6497232683
-26.0938022227
-30.6654474758
-27.6625971221
-29.4437208756
-25.9347286603
-30.0170269406
-32.0391648828
-20.9560323539
-23.7033463302
-24.4670913225
-28.1269482811
-23.8267980665
-27.9275406090
-21.2531916974
-24.8702370942
-26.0444085818
-30.3123310466
-28.1651981215
-29.6945598424
-26.1494461189
-30.2599352703
