-28.9460496740
-28.3056244699
-28.5844653435
-29.0010592226
-28.7829124264
-28.2638533587
-28.0590783361
-29.3327049523
-28.8426782794
-28.2351135495
-28.5607407610
-28.9906870000
-28.7784150348
-28.2503741294
-28.0496874092
-28.5160335290
-28.6481602678
-29.0008365539
-28.7714980620
-28.2382360911
-28.0226681050
-29.4695828164
-31.2639228837
-29.8191507935
-28.8856132251
-29.0680475727
-28.7948912304
-28.2464075180
-28.0316823072
-29.4654880413
-28.9788842570
-29.0204417616
-29.6786791615
-29.2511978248
-29.0537566383
-28.9247861016
-28.3286033708
-29.5330278851
-28.9428624029
-29.0143442617
-29.6802430214
-29.2509376130
-29.0516878899
-29.2734608188
-28.4044052637
-28.9640004030
-29.6937714442
-29.2502527770
-29.0651489947
-28.9323231810
-28.3171294552
-29.5067659146
-31.3859427782
-31.2344878853
-30.2298555852
-29.3681623697
-29.0890703538
-29.2671406501
-28.4033670057
-29.5415876870
-29.3867111945
-28.7981354630
-28.5590409698
-29.1471571295
-30.2272702977
-31.0906490390
-31.9273774120
-31.8708441443
-29.5588652305
-28.8018030251
-28.5558666450
-29.2410845180
-30.2586704787
-31.1044299055
-31.9278784167
-30.3399225719
-28.8176474622
-29.2059015560
-30.2534804838
-31.1093312076
-31.9320366264
-31.4918256601
-31.6325471412
-30.3388778413
-28.8321299953
-29.3040013949
-30.2808195488
-31.1146299474
-31.9389380634
-31.4883419296
-29.7674631571
-29.1874731260
-29.5914434890
-29.9529643743
-29.8467979726
-29.4848485786
-28.3791142315
-29.0305252917
-29.2574286666
-29.1942748805
-29.6122164147
-29.9665122158
-29.8526857494
-29.4913771755
-28.3829643303
-28.4259860115
-29.3658217582
-29.8819097319
-29.8280510741
-29.4728231698
-28.3517428001
-28.6267931260
-30.0912093194
-30.1079237179
-29.8132927947
-30.0107999998
-29.8627783412
-29.4890275019
-28.3606599084
-28.6359341975
-28.5358627014
-28.2365453616
-28.5680616446
-28.9927816401
-28.7811000061
-28.2623464606
-28.0679242422
-29.4820885171
-28.9881638487
-28.2694032485
-28.5832549056
-29.0004883103
-28.7847364981
-28.2601961532
-28.0616882215
-28.2069601881
-28.5564906352
-28.9826087837
-28.7723511941
-28.2360715434
-28.0262825890
-29.4639617245
-28.8706853520
-28.2433393489
-28.5636924170
-28.9886260192
-28.7727136782
-28.2465447440
-28.0423496958
-29.4785115757
-28.9774498557
-29.0195251946
-29.6856738093
-29.2466706577
-29.0546770889
-29.2847431352
-28.4113791982
-29.5366617878
-28.9302686709
-29.0082506456
-29.6759087477
-29.2499317197
-29.0583550076
-28.9249647544
-28.3280402259
-28.9434035404
-29.6878979079
-29.2582507290
-29.0685317478
-29.2879278166
-28.3998327859
-29.5304814344
-28.8943322596
-29.1196368209
-29.7163542011
-29.2580189980
-29.0670170822
-28.9350288656
-28.3138360284
-29.5078430102
-29.3572503022
-28.7793536099
-28.5483735814
-29.2371619227
-30.2581992494
-31.1032259406
-31.9255947673
-31.4195010331
-29.3037127008
-28.7547655386
-28.5415860672
-29.1356883926
-30.2226680448
-31.0998043502
-31.9302811680
-30.3292137572
-28.8126736629
-29.3099772038
-30.2755997785
-31.1224906729
-31.9427739212
-31.4845824523
-29.2439533193
-28.7187786380
-28.5265960562
-29.1326072780
-30.2204801946
-31.1055717302
-31.9298798463
-31.4938465086
-29.7726337333
-29.2977796157
-29.6257293027
-29.9655645790
-29.8579068144
-29.4895259175
-28.3783219450
-28.6306043872
-28.9174872264
-28.9958459247
-29.5371446715
-29.9343547018
-29.8424300398
-29.4909421946
-28.3703201091
-28.5578641903
-29.4161449027
-29.9003718216
-29.8335647154
-29.4894611883
-28.3623338081
-28.6148104382
-28.9161292059
-29.0813352025
-29.5535457806
-29.9360596715
-29.8498195361
-29.4869613428
-28.3615661186
-28.6234168458
