-22.5614021928
-22.4719980650
-21.7857896460
-20.4878723187
-19.2233463045
-22.9756373942
-21.1679250371
-20.3077268102
-23.1544430391
-27.7687246523
-26.6323668135
-23.9865551203
-22.9244895543
-26.3072522363
-25.7921623174
-25.0794046737
-22.5984001731
-19.8488943542
-22.2596910271
-21.3579741800
-25.0913653320
-25.4015390953
-22.2064551033
-24.7833742156
-28.7669954619
-25.4559259598
-22.8390921425
-23.9304490503
-27.0976941187
-22.8265981696
-22.9122764783
-26.5415580984
-20.3531409099
-21.4101265217
-24.2229789196
-28.2780173791
-27.7285277281
-21.4897566015
-23.5750152574
-27.4563656574
-24.7083762281
-22.7912079791
-22.5052119198
-21.8353244231
-23.6264517942
-23.4064251623
-26.8705408613
-18.9474958571
-18.8009266406
-22.1594421681
-27.2728153473
-26.3833259767
-22.2806206543
-24.1162985782
-28.2887676295
-25.5741812035
-23.3146350852
-22.6698755241
-21.8757828405
-22.7756743382
-20.6601649900
-20.2464851286
-19.9799194157
-21.1706708272
-24.2925396227
-28.9021786739
-26.6003827385
-22.6389789629
-24.1797099945
-28.2411928933
-25.2853422051
-20.9793969856
-18.8493752730
-23.1435452339
-23.6886643341
-19.5882643008
-19.4283557410
-20.8748216605
-23.0855593890
-25.1103659312
-29.7189549427
-27.1862865052
-20.6010735910
-22.7045005345
-27.4313697849
-20.5913810332
-21.5895108749
-18.6338654710
-22.5451732452
-19.9149311872
-19.8532609932
-24.0160186596
-24.2215147878
-23.5970464843
-25.0729976976
-29.3519463165
-25.1437727315
-20.4596270962
-22.4976476716
-24.5280248993
-20.7436412223
-20.8140562587
-17.1557649188
-18.5336178886
-18.4436466983
-21.6814239685
-26.4691091587
-25.7274408009
-24.8122654587
-26.4321875315
-30.6330983115
-27.5064363142
-22.0462435848
-20.8048686787
-24.2433609295
-26.1140586093
-20.0681829885
-19.6940462446
-19.9392823743
-20.4469453511
-22.3657073521
-26.7169835762
-25.5894651008
-21.9752277415
-21.5730347420
-25.4093933602
-24.8817834714
-22.7572315651
-20.3894255134
-24.1535062559
-25.1814840476
-20.4927361229
-20.4715903267
-23.7876212569
-23.2154465433
-24.0830432414
-27.0779814790
-25.4571104993
-20.2784341745
-21.2341547671
-25.6120193829
-22.8968877163
-22.3427309246
-21.1280905801
-24.9243624010
-24.7436899855
-20.3175099732
-20.7696170501
-25.2929634348
-25.3142296073
-24.5076467789
-27.0757418374
-23.5352183493
-20.5951301219
-21.3983691497
-24.8129399930
-22.3310693758
-21.7335517071
-20.9438670607
-24.1060195457
-23.1335497142
-19.9053421618
-21.0854326754
-25.3266602275
-24.9651548133
-24.7276150955
-27.8327044075
-25.7543888830
-21.1023827114
-22.4573886330
-27.0934116401
-22.8991855971
-22.9258203460
-22.7884751402
-26.3655461466
-24.2033387865
-21.1655779483
-22.8322593697
-26.4287582226
-25.2314511932
-23.1355407740
-25.8696303745
-24.6419924626
-19.8975565358
-20.3374336560
-24.5600943456
-23.4012921582
-22.2315972440
-22.5874725048
-26.4519843554
-25.6657485750
-22.6050426518
-23.7762017059
-27.2959755067
-25.9148852011
-21.6728486256
-24.9941406096
-21.0706290901
-16.8821514366
-18.2970088501
-23.2743838280
-22.4372681623
-20.3381650084
-19.5974635864
-23.5100153412
-22.9407353361
-20.1246321364
-21.2386132880
-25.3459469595
-23.1690330073
-22.0470617294
-25.3307472478
-23.7025927962
-18.5352787894
-19.8260435610
-24.3195058663
-22.4689557416
-21.5894435468
-22.6654816771
-26.3540787088
-24.2746187012
-21.2697766019
-23.0893991328
-26.1248968653
-21.5194984131
-22.2690677566
-23.7703308027
-22.6529617419
-18.9443435060
-19.9511135675
-24.6082827365
-23.2690048448
-22.7194956503
-23.9652759975
-28.1317757550
-24.6021217977
-21.4048537397
-22.7689851708
-26.6291588391
-23.4374175684
