-31.0640673060
-33.6394192064
-33.6396250443
-31.5124121585
-29.5747795765
-30.1263327272
-32.5077531724
-34.4615976617
-33.0734198435
-31.9536380851
-30.9758762346
-32.0781448728
-34.6179693707
-36.5205740171
-34.5124451021
-31.8916921530
-34.5137590986
-32.9914130092
-31.8165194320
-28.2229483208
-29.6280349532
-31.3788885796
-32.6314145999
-32.8740976520
-31.8970129006
-30.2952179326
-30.2078553930
-31.5379038500
-34.4634217282
-31.8164352833
-31.2440574633
-32.6500928741
-32.6973918659
-32.4457761743
-29.1765494050
-29.8459357733
-31.9594922015
-33.9058630797
-33.5981296941
-32.2340026507
-30.6587920202
-30.8556713474
-33.2609121077
-33.1970967932
-34.9239084548
-33.9511425105
-36.0087621781
-36.1721181710
-35.0320218935
-30.8513668459
-30.6858022618
-31.6892202236
-33.7724210654
-34.2506824643
-31.9211193806
-29.9176286507
-30.8368066412
-30.2406886767
-32.6754654642
-33.0049038922
-31.1724849883
-31.0747890678
-31.4860518063
-32.7032265670
-30.1393148326
-31.0841372681
-32.7779733632
-31.2441118217
-33.1818841249
-31.9362259051
-30.7749021351
-31.3512905966
-33.4908823233
-34.8012399863
-37.4091413215
-31.9013691722
-30.8951445657
-32.7552145383
-34.1378852095
-30.5728755317
-31.3387512372
-33.6270520316
-35.3507035816
-34.8891760182
-33.1139067194
-26.8910264369
-28.3064452258
-33.2847713162
-32.4066770904
-30.7551338085
-32.3383605023
-35.6231957221
-36.7170092640
-36.1203308682
-32.6065481915
-32.1129666419
-33.8064738513
-34.8101091964
-34.4402149905
-32.4192436351
-29.2305893044
-30.5759139204
-34.6835906189
-33.9385448965
-30.9266263008
-32.3630767313
-35.7277296446
-37.7424984101
-37.6635817684
-32.6085936400
-32.2691584234
-33.3871834181
-34.9767262582
-33.6142278671
-33.4579648902
-29.1544780090
-30.8180636194
-32.7599928551
-31.6028519267
-33.0176102462
-36.2686618984
-35.1203566539
-36.3825478886
-37.1261229109
-31.8638559579
-30.8640460237
-31.3805456496
-31.7772844215
-31.9949742095
-31.8723186767
-29.3677519824
-30.0543149128
-32.9963699780
-36.0881409892
-35.7256194713
-33.4493973258
-34.6694019689
-33.3587711437
-33.7363448431
-28.8740914030
-29.7277633815
-30.3482454657
-31.5342026312
-31.7798451165
-30.6641088861
-27.7187303799
-29.0725786196
-31.7730394742
-34.3809682726
-34.5245145290
-33.3506760988
-32.9386223939
-34.0452239388
-32.7874872694
-30.9376755941
-29.5012833453
-31.0289555494
-33.0956867177
-32.7215384832
-31.3436227659
-28.7898164495
-29.9443812644
-33.2931796589
-35.3344824202
-34.9413076885
-34.5260926249
-37.6523602966
-35.9874481192
-33.4601359128
-29.0483413847
-29.7606872949
-30.8594372982
-33.0169318865
-32.5352695959
-32.2093783349
-29.7361044009
-30.6376721463
-33.0620067695
-35.5203214868
-35.0435152274
-29.6957340213
-30.3089224118
-33.5706948302
-34.1642688660
-30.5435596341
-30.8758409941
-32.4728783291
-31.2825558451
-34.0128334070
-34.1622324838
-31.5601267109
-33.0301987970
-34.1187512269
-34.5302378874
-35.3425463954
-30.2993088144
-31.0662551526
-31.1614693542
-30.5138631312
-28.7151356721
-28.8845956801
-30.3086622059
-32.5738482512
-33.3509725614
-32.3331277908
-30.2096380372
-31.6578433444
-32.7596329660
-35.4823215068
-29.8441000360
-28.9941655513
-30.3760233851
-32.4818523951
-31.6657830410
-28.9971197947
-28.5532192152
-30.6737936817
-32.7046596736
-33.6115623166
-32.3085966848
-28.2008717444
-28.6212225198
-30.5046741614
-31.5333197209
-29.6964900700
-29.5174242418
-32.6288500178
-34.5187212527
-33.0144631105
-29.1137309197
-29.6032967163
-30.8929929634
-33.0444288883
-32.7288697235
-33.6206852611
-31.3033805611
-30.6681907164
-31.0081282498
-32.0915891489
-30.7967521547
