-23.4721720734
-25.1280578174
-29.0385659540
-22.5744878648
-20.9142107504
-20.4539011619
-19.7803783765
-23.5798220882
-25.8024413844
-23.3793580156
-27.2702171548
-25.6646559938
-28.1529280461
-31.0333092388
-26.3400985148
-21.3275320171
-21.7448186084
-24.5753044882
-19.4811593292
-21.1221705003
-17.6001511566
-19.6570379492
-24.5865026496
-25.7508741338
-21.4669188319
-24.7986594289
-23.8707104372
-25.9761113961
-29.8060922896
-28.1150523405
-19.6546947454
-20.9903350113
-25.7883692185
-19.2213578495
-22.4103848128
-20.5176776622
-22.2933801172
-26.5668323135
-24.8900339175
-21.3088174816
-24.1894129481
-23.4147804838
-26.1541338135
-24.3555122434
-20.7320041943
-20.8418433729
-22.0395648318
-25.3911280679
-19.9817383339
-23.0598139960
-20.4538649119
-21.6720110762
-25.7066083456
-22.7748522757
-19.4288606317
-22.7754309465
-22.5620171227
-26.0627282595
-23.3212971160
-18.5824600427
-20.9146081800
-23.5554178528
-23.2115459843
-22.9015896804
-26.9326240723
-23.1864206524
-24.2091579833
-27.5795714415
-25.8246461239
-21.3556284283
-24.8248955121
-21.5823635629
-23.6583439246
-23.9909554851
-22.1592661609
-23.8964325663
-22.5554134379
-26.0201791015
-25.6098613446
-28.3990521436
-22.7197067845
-23.9627011425
-27.6068574297
-25.8309624091
-22.3519976901
-22.0703876382
-20.2834947634
-23.7779455589
-23.9255491084
-23.5879352710
-22.5909808982
-24.9061463334
-28.2700440633
-25.2367383232
-27.4056230962
-22.2151987559
-22.5910844673
-26.0308607371
-24.9241786292
-20.8821736177
-22.2319390532
-19.1158037516
-22.1817129846
-24.2719997867
-26.4143495006
-27.3270041845
-28.3654175108
-29.4274129778
-24.8877645069
-27.4498111994
-22.6134600929
-23.0807668859
-27.2333499374
-21.1231271962
-17.7854181312
-21.5301878409
-20.0210458615
-22.3167279789
-23.5933582930
-23.5719186492
-26.8869213059
-30.2825762976
-28.0016349573
-23.4355689467
-24.0597705082
-20.2926034718
-22.1310208770
-26.1479249760
-22.7050883179
-17.7576518403
-21.1630625893
-21.5647028204
-24.6717679841
-24.7798024991
-24.1048557664
-25.4030822828
-27.9549703163
-25.2306939005
-22.2307247348
-23.7240273499
-24.3340726051
-24.6314558736
-28.1116812401
-24.4650873084
-18.2776444904
-21.7572479166
-23.1130888208
-25.3021045655
-26.2619016373
-28.5550562273
-23.6887382201
-23.3681637302
-22.6050025648
-25.0845118223
-25.8276858119
-21.7154405600
-22.6488553761
-26.3763287969
-23.1258417865
-20.1731286870
-23.5004859628
-22.5979884958
-24.7770294938
-27.8716145078
-25.6256695326
-23.0930188491
-25.8524874873
-23.1398155515
-22.8040180115
-26.9642132630
-19.4857887677
-20.3533040362
-24.5472029023
-24.4924755770
-19.5507278139
-22.6242025625
-22.2782658257
-24.1749045261
-27.7119182638
-25.0239873324
-24.3962904146
-25.4087240893
-27.8946788566
-23.8749035977
-26.2022315687
-19.1371450027
-18.6309746720
-22.5006653754
-23.1319056307
-18.7739863353
-22.0766586011
-21.6128937933
-24.3121682010
-28.2108076903
-26.8628355358
-23.2001225536
-26.7742379414
-29.1900597076
-22.5113975019
-24.4185508195
-17.3452315445
-19.2007104936
-23.6691006384
-21.6450953336
-18.4367323361
-21.4494315540
-21.9687496700
-23.8336218374
-28.2384470967
-24.3527016932
-21.7972079277
-24.7861640879
-26.2327786217
-21.7061234227
-24.3336143126
-19.3923765926
-20.2351044202
-23.6718736468
-22.2715935273
-19.1968293247
-21.7850815314
-24.7524103451
-21.8256007917
-21.6402678235
-20.5830762831
-21.3035925338
-24.9699189381
-26.2537897587
-21.2257024516
-24.4003579934
-19.6342843001
-20.1705395167
-24.5699565465
-26.1800294216
-23.9118213162
-24.8031607168
-23.0010786292
-23.4965193630
-26.1114396625
-22.0865518401
