-32.1364944482
-33.6805792688
-35.5844423158
-35.3828067171
-36.5964121438
-35.8839097548
-34.8723438147
-35.1085345005
-34.1096658290
-34.2132676396
-35.7508755425
-35.4165190224
-36.6415388092
-35.8952088983
-34.8614641163
-33.7389456666
-35.5250273063
-35.3900835830
-36.6652413771
-35.8841324233
-34.8246020831
-34.7166698849
-35.6229821340
-35.5771796915
-36.1377495173
-35.5118070006
-36.6936018642
-35.8918442700
-34.8228686329
-34.7809603053
-33.7733324565
-33.1968767223
-34.7076440331
-35.1550437861
-35.3532927534
-34.4461687905
-33.3259508059
-33.5715168956
-33.3917999125
-33.1078726559
-34.6818753047
-35.1433484992
-35.3505663561
-33.7336676439
-33.1911585365
-32.9229255420
-34.5825546888
-35.0959355928
-35.3418693295
-34.4249971358
-33.2821976910
-33.5843436507
-34.6043917628
-34.4889444925
-35.0924622192
-35.2386041132
-35.3756696668
-33.7353790861
-33.1704658775
-33.5641273996
-32.9314762841
-32.3346424580
-32.2152984765
-33.2425820716
-35.0276526701
-35.1469668660
-34.1224550425
-33.8467251128
-33.3706088387
-32.4205472879
-32.2363264338
-32.3440372634
-34.6618195824
-35.0556351408
-34.1045211465
-32.3101281810
-32.2133630707
-33.2641705838
-35.0520426646
-35.1265874981
-34.1094897664
-33.8133532814
-34.2869826491
-32.9930105335
-32.3745506549
-32.3673954751
-34.6862678333
-35.0395758053
-34.0955134189
-33.8050536922
-32.7127158824
-32.8166452282
-34.9385308016
-35.6500687492
-35.0042620972
-33.0681457037
-32.4399699589
-32.6773723969
-32.2800976742
-32.1152360519
-34.6327250622
-35.5632693698
-34.9773463662
-33.0670284762
-32.4434718135
-32.8300882069
-34.8942611487
-35.6124157250
-34.9803912317
-33.0514118879
-32.4134218878
-32.3122823723
-33.0101534399
-33.0340657325
-34.9769981208
-35.6507911279
-35.0004430695
-33.0602772113
-32.4239054437
-32.3108000716
-32.7738060917
-33.9057362100
-35.6706202938
-35.4087592759
-36.6148133837
-35.8854749088
-34.8648624039
-34.7731979700
-33.8909145003
-34.1608395071
-35.7308521862
-35.4171339506
-36.6304040783
-35.8865222286
-34.8565446908
-34.5532866944
-35.7766779292
-35.4198292779
-36.6845281136
-35.8883566562
-34.8197577434
-34.7652427404
-33.8065346969
-34.0792754281
-35.6841267060
-35.3999768067
-36.6566906391
-35.8808066328
-34.8216271252
-34.7162737417
-33.7610209461
-33.2007371769
-34.7114552934
-35.1450249876
-35.3435095696
-33.7253589925
-33.1983137119
-33.5736011784
-33.4026899678
-33.1100928704
-34.6781456033
-35.1392433680
-35.3454695722
-34.4437336749
-33.3286759090
-32.9501196109
-34.5983952396
-35.0933360647
-35.3406899619
-33.7059803384
-33.1679893349
-33.5613077918
-33.3838395049
-33.5036378804
-34.7965367599
-35.1589508456
-35.3516939402
-34.4310299053
-33.2987023649
-33.5889627326
-32.9258370684
-32.3294667039
-32.2101382575
-32.3120907692
-34.6474315568
-35.0530848070
-34.1087945740
-33.8417241281
-33.3453812461
-32.4129869068
-32.2379446660
-33.2581792408
-35.0396884332
-35.1431193574
-34.1194049985
-32.3175189714
-32.2172351768
-32.3097786390
-34.6594129475
-35.0411513160
-34.0960273696
-33.8050239167
-33.3625927638
-32.3870848341
-32.2244369577
-33.2637019439
-35.0404108121
-35.1297048605
-34.1132634838
-33.8062757812
-32.7121242567
-32.2187627848
-34.6825174176
-35.5685810548
-34.9890973205
-33.0703594454
-32.4470345136
-32.3214350941
-31.9747942073
-32.5925148848
-34.8403351820
-35.6187074116
-34.9935985950
-33.0662064143
-32.4450434407
-32.2455037490
-34.6705554453
-35.5559264798
-34.9747934433
-33.0551907840
-32.4246809006
-32.3181973349
-31.9955982016
-32.3583463214
-34.7252892349
-35.5728997924
-34.9763831944
-33.0577670097
-32.4235507271
-32.3226727180
