-21.7612766739
-25.3952396756
-28.8691033595
-25.6520985081
-24.6734483647
-22.2565336055
-24.3917515903
-23.3404142731
-23.8247785184
-26.0404743353
-30.8581414004
-31.4092233135
-30.7748386966
-30.0702460822
-25.5061675816
-25.2484090168
-26.9396355534
-29.3472535063
-25.2156443359
-24.0813603237
-26.9411165618
-27.8181895283
-26.9636863489
-26.8764377207
-28.9372076105
-33.2192626521
-31.8332985318
-32.7519702563
-34.4320836417
-29.7620699075
-22.3639557791
-23.6486500677
-25.0981127462
-22.2067373456
-24.2011859220
-26.0463918917
-24.9502917253
-22.7987024405
-22.9049776130
-25.5099205897
-30.1606819659
-30.4959124054
-28.9274620105
-29.0922498517
-25.1350097410
-22.0158441276
-23.2197031685
-24.1486516117
-26.3423769893
-30.4030918810
-27.4903317451
-23.2719384301
-21.4467880183
-21.7073545785
-23.8983032466
-28.6146615451
-29.5626480137
-29.8029166825
-29.5229417619
-22.9893108366
-19.7462336576
-19.7384130651
-21.7576440758
-25.4490944572
-30.4021364746
-28.6562112959
-24.6759650374
-23.1915109698
-23.2483018776
-25.5130560773
-30.2720021096
-25.6901632198
-27.5418536779
-26.4930564447
-23.7093726271
-20.0134582890
-22.4575297672
-26.1245447551
-29.6758802623
-34.1467129789
-31.0797317929
-27.0614884723
-23.9746501728
-24.0201846533
-26.5477993153
-27.9823262134
-26.7421335148
-27.1559518262
-27.8399165677
-22.0633399044
-22.0662009459
-25.7806534898
-28.1890081607
-29.7166027604
-33.8899733264
-30.4602374983
-26.4675686401
-23.5979022905
-23.6894385971
-24.6031419793
-27.8767578990
-25.4613334792
-26.4343107244
-25.3593045600
-21.0171536619
-22.8066615521
-26.5599852498
-26.8463774677
-28.7328223039
-31.8375460936
-30.5006971872
-25.6788071130
-23.3433685188
-24.1861959070
-28.0468069396
-29.4918263954
-30.5905893498
-28.2876944507
-29.0040458289
-23.3186289738
-22.2384029235
-24.5251328023
-23.2297569271
-23.1652865373
-25.7998276117
-25.9890404190
-21.7605102874
-19.0178501642
-18.4684911283
-20.3534800965
-24.9887719878
-25.6213922237
-23.9014542704
-24.4086381751
-22.1481741408
-19.7821260641
-21.0496464815
-22.3306732667
-25.1597725871
-27.8116221027
-25.9118533245
-20.9708113501
-18.7587865974
-18.6547186811
-19.9265928419
-24.2152088654
-27.2859981723
-23.2781977523
-24.3818713102
-22.1199987677
-19.2962626179
-20.9657339869
-24.4235349762
-28.5112590868
-30.1916549434
-25.7637073634
-20.2322640948
-17.8668722182
-17.3689988633
-19.4687338913
-24.3892167801
-26.1268543009
-23.3238021437
-24.8950051280
-21.8884749592
-19.0370618265
-22.6863970687
-22.9317703689
-24.0568978209
-28.0771287309
-24.3830403188
-19.2456507645
-16.4807727145
-16.8861077487
-19.9109309319
-24.7822945626
-24.7436356458
-22.8516303025
-23.1442287949
-19.1470990807
-21.5349454503
-26.1613821942
-22.6500994741
-24.9225176692
-28.4546856835
-25.6481487257
-19.7772881944
-18.2447257516
-19.0819438463
-21.2597060558
-25.7402740508
-25.0609529449
-24.1919451681
-26.1716495652
-21.9579515228
-19.9321673302
-23.1324454620
-25.4203934856
-24.3160105382
-27.7961220157
-23.4613506287
-20.3343072759
-18.8618227315
-19.4444448637
-22.2728712792
-25.8476547949
-28.3098642360
-24.2064717166
-26.9212640856
-25.1243332886
-21.5767217518
-23.5906797845
-25.5007950482
-25.8930158058
-29.8404609625
-25.9394435421
-21.9265189695
-19.4832928108
-20.1282829224
-23.2620011769
-27.9608438415
-32.0446409825
-26.9242921247
-27.5310335262
-21.7955379067
-20.1694404107
-23.1835194790
-23.6706670961
-24.2553747116
-27.7745179632
-25.7945599395
-20.2302005240
-18.4915451245
-20.1358407153
-23.5687883351
-26.6345831873
-27.2685743376
-26.3294207732
-27.2370925955
-20.1015199309
