-26.7996493828
-27.5647044197
-29.5650611187
-25.2977275533
-23.1457395724
-23.4599796671
-24.3292023719
-27.6814178092
-32.2381802719
-28.6077626710
-30.1692197205
-30.4448383549
-31.8127521453
-35.3351866333
-35.3680988901
-31.9052619969
-31.9084557439
-31.4482020005
-25.4817659269
-25.3863044487
-24.1350817644
-26.7303721880
-31.9817124607
-28.7605523303
-27.0855263480
-28.8968877690
-27.2601349318
-28.5149900867
-32.4579646859
-30.7214227895
-31.1686012297
-31.9498397636
-31.0815222043
-25.0926133402
-26.4281070635
-27.6333653781
-30.2551233032
-32.0365200457
-32.6513395634
-29.1467001374
-29.9478624082
-27.4525919725
-28.8043235771
-28.8644143793
-29.8173487308
-31.0989460359
-30.2366055551
-28.7334242879
-26.7179881910
-28.3182751580
-27.3586205641
-27.5438874755
-30.8309991184
-33.2007125769
-28.6877228092
-29.5347108464
-27.0849230678
-27.3406517053
-30.9328325451
-31.1083421423
-27.5578133384
-25.2106744202
-24.8723356334
-25.4069764002
-28.5089042349
-24.7401972177
-26.7431860017
-30.3408986794
-33.8149028938
-29.5386593302
-30.8087426053
-26.1685412529
-27.9104080557
-30.9243297036
-34.3511112325
-26.6718193638
-23.2991208577
-25.2350553560
-25.9897951783
-28.3300843692
-28.0979702862
-30.3441131359
-34.7802469784
-35.6590143330
-29.7616944759
-24.6927907685
-21.7133679305
-23.7565939543
-25.6015475132
-25.1138769242
-22.8998898865
-25.1493213856
-27.6215911182
-23.8066335968
-26.1153518919
-26.5957197164
-29.2390753106
-32.9485751638
-35.1651622595
-25.3278486901
-23.9024433356
-22.1792882330
-23.4399718360
-23.4525642780
-23.7052623233
-26.8829326804
-31.6622384557
-30.5630133752
-26.5705037648
-28.5651617590
-28.0837518476
-29.9565840277
-33.9475008329
-27.8010932226
-24.4802223186
-26.0791863436
-26.5410156873
-25.9684319187
-23.9674509794
-22.7339174623
-23.4979356406
-23.7490944235
-23.2125544685
-24.7067981884
-26.0144298576
-21.9230611288
-21.3400027749
-24.6496849279
-30.1418690411
-30.4178359283
-31.8873280997
-29.3593112836
-30.5057499612
-33.9845984842
-37.2509313181
-27.2738989594
-25.7196655494
-25.1933114344
-27.9849089031
-29.8924256523
-23.3192438993
-25.1872359282
-30.6347489599
-35.2841722230
-30.2686413701
-31.2421777185
-28.3474188782
-28.5649209774
-32.0840883103
-26.7396245988
-24.7202735446
-26.0130368785
-28.8451069208
-26.6735566971
-28.3079417666
-28.5167986134
-27.1532513146
-29.3741200422
-29.9605894793
-25.5877122649
-27.1943142880
-23.6872326150
-25.1611746211
-25.6628668783
-25.1824589167
-25.7298604148
-25.7738970561
-25.5796715976
-27.5071807813
-30.8341566167
-29.4503400919
-30.7987354564
-34.5736841771
-37.5557893899
-31.2315401011
-31.8923562712
-28.1843774227
-25.3387879587
-26.6514464652
-26.8234619991
-25.6566321531
-21.9067661717
-21.3372414224
-24.7486560379
-30.2758392631
-30.4811826049
-31.9178207744
-28.9873158970
-30.3566046045
-33.8801914393
-37.1617058901
-30.8158304593
-25.9938964233
-24.2488253999
-23.2895668126
-25.0270593839
-22.6789234353
-24.9063107386
-30.5428488952
-35.3884135558
-30.2506194398
-31.2442412882
-28.2928145359
-28.5187430956
-32.0375608961
-26.7327723549
-27.4511303858
-25.7684895666
-25.3551269316
-25.0938406152
-27.5313015040
-28.2378412282
-27.0304494728
-30.1614146929
-30.4663673603
-25.6271129927
-27.2351118722
-23.7311902887
-25.1922912932
-25.6419360102
-25.1467089212
-27.8798351227
-26.1178504477
-26.4628589345
-29.0803435455
-31.9508883767
-29.6428268945
-30.8480980159
-35.2754777828
-37.9465056746
-31.2199962786
-31.8835181335
-28.1094623208
-25.4838204408
-26.6930169182
-26.8006617497
-28.9923052246
-28.1802684104
-26.4138368476
-25.7685439421
