-20.8629723034
-22.9360036510
-23.8990359660
-25.1324619546
-23.3523011322
-23.6721700951
-24.3191667195
-24.0650200260
-25.6876982934
-29.0253274853
-31.1392982371
-26.7922274571
-25.4862451475
-28.3663780328
-28.0845596189
-24.2311710932
-23.9867933636
-21.1896003048
-20.1483515398
-19.0235061500
-22.0412114703
-23.2733145191
-20.5618825812
-22.1968026622
-26.0626906999
-25.2179098218
-21.4999410532
-20.4604504194
-23.3255161357
-23.9022931455
-21.9004498480
-24.1939957395
-21.0327339701
-17.4985273399
-18.5435835480
-22.4483239031
-23.2384396566
-25.3419324517
-23.5055891879
-25.2962128606
-24.5178662330
-20.0991507663
-19.1371397857
-21.2023804577
-22.7250365502
-22.3091908447
-24.1050602787
-18.1937216028
-16.9172865251
-19.1503458491
-23.7233709322
-25.4277816667
-21.2535593475
-20.5333512001
-23.9310212851
-23.5509592582
-19.7052560503
-19.5362620732
-21.5089721538
-21.0355017880
-21.0473511278
-23.9123559168
-23.8712204590
-21.0498380424
-21.7467746763
-23.9451737119
-24.6470659733
-21.9149595774
-20.6316361906
-24.0952563683
-24.2534522099
-22.1022939891
-19.3428210986
-21.3676913563
-21.4448046686
-19.4504490991
-20.9237453256
-22.0700251205
-20.9722275857
-22.8103277735
-26.5380199900
-25.0525614106
-20.6960004386
-20.7461734196
-23.8871645867
-22.8117427826
-19.1870046620
-17.9073810840
-20.3665178541
-21.6121429056
-18.0279109715
-19.6883047763
-20.5204389844
-20.1721305420
-19.6790717840
-22.2868592498
-21.0560261569
-17.6509830789
-17.5947967334
-20.0552268099
-18.7742931173
-15.3384709293
-14.5760086520
-17.6399518909
-18.9212467763
-20.5791510255
-24.9160912850
-27.1888394715
-23.3644922297
-22.5444223632
-24.7755497494
-24.2756595404
-19.7892229673
-20.1648420303
-23.9408834503
-21.3652212835
-18.3623349807
-19.7753436638
-22.6487025794
-18.9473637897
-20.3801304420
-20.9816962385
-19.0773933693
-18.9597051065
-18.1404260981
-19.1290124153
-20.4313429774
-20.9539713057
-18.6764443884
-20.7879186387
-19.7288991250
-17.0539909933
-17.5125671781
-20.6890083603
-21.1871250516
-21.4182773382
-21.4634234516
-19.0015228276
-17.7101145841
-17.2129455127
-18.8701145541
-20.6621340707
-18.5037193394
-17.6395363160
-20.5667346774
-21.2481453816
-16.3281720117
-16.5472160441
-19.8487558059
-23.1751499648
-26.4638466826
-26.6174868751
-26.9385105358
-28.9927932769
-29.6484932959
-32.6805674159
-37.3232028378
-40.5589390298
-42.7432359915
-35.0392350814
-35.7829290898
-38.0404894453
-41.2762192723
-32.4546854791
-30.1605188534
-25.4887424512
-22.9478206489
-19.8571072070
-18.6042621486
-20.7478175259
-23.8829325862
-19.8579551378
-18.9212273592
-19.4178643740
-22.7161207456
-19.7317005978
-17.2472119111
-17.7189967707
-19.4542319288
-22.4468869683
-20.4627354090
-19.8620344083
-20.7308973071
-24.2440522134
-19.8513915875
-21.2852042006
-19.8759032921
-18.1044598716
-17.8983914850
-20.9018810726
-21.2697856816
-23.4284033890
-25.8405979635
-22.3088659506
-19.3481703517
-18.1069882251
-19.2170572375
-20.8245606390
-23.8615253116
-20.0333845347
-21.7173888857
-21.6530518422
-16.3883935869
-16.5691204480
-19.8705346316
-23.1974129636
-26.1081423380
-23.9340946688
-22.0678839079
-19.1380343735
-20.3475120360
-24.7098210261
-28.0471680865
-32.0610989594
-30.1901674402
-29.9656370653
-32.7536376791
-35.4761292338
-39.4117172850
-32.0749200222
-29.9950435839
-30.7088614215
-30.4798012791
-27.3689410017
-26.9067323379
-25.9515297657
-26.0731108220
-20.1329667047
-22.1710365024
-22.1007288378
-24.1729367360
-19.9778726676
-17.3088937784
-17.9230106501
-19.5482888075
-22.4941315988
-26.2984076594
-24.9149935357
-22.8524420091
-19.8114613864
