-34.0325641843
-28.7978131044
-30.9675352084
-29.0308618808
-31.9345869488
-35.9683400347
-31.7274778192
-34.3074357939
-33.4808259834
-36.3450696296
-37.6766428430
-31.9176926110
-33.9486517226
-32.4986962508
-32.8301516419
-30.7930871824
-28.8656714208
-31.7592404741
-30.5254807413
-32.4473840444
-36.1667805943
-32.6994023588
-35.2495873689
-33.9930249490
-37.0678238296
-37.2543800975
-32.9921224428
-34.7162413706
-31.5556111947
-30.9362243596
-35.1452748341
-37.9609869094
-41.7233370973
-39.8858828063
-39.1788164651
-41.4813570838
-41.5454183519
-43.9974251281
-41.7213900476
-43.8222237203
-44.8170257742
-42.3940708488
-44.5187196644
-40.9477833515
-38.9306159411
-37.8986422604
-38.8128565595
-41.8179609350
-41.2759322704
-42.2407984142
-45.7291361519
-43.5380298863
-45.0790420588
-42.0172817773
-44.0961825675
-45.5601979652
-42.2788423948
-42.0298327790
-42.0802970143
-40.8858050750
-34.6514991388
-29.4639177067
-32.2563458951
-31.6559726670
-34.1940728115
-38.3849002352
-34.6108025459
-34.8369265275
-33.5518987411
-36.0790219277
-35.4892009441
-29.4094104638
-32.5676782445
-30.2091680965
-29.7967855280
-30.8002255269
-29.0911598073
-32.4538556636
-33.1438660217
-36.1131666203
-39.9458894297
-35.0035474819
-36.7173989335
-35.9219964639
-38.1402805318
-34.5327053729
-30.8709940610
-33.8711487505
-31.6986551596
-31.2974643049
-30.6093051786
-30.1070692851
-33.7509594091
-33.8843069315
-36.1508584826
-39.5203772978
-34.4701781703
-36.3040610441
-33.5791717780
-35.5581738734
-35.3018407382
-30.0498576491
-32.9348810290
-29.9316503061
-30.0941868645
-31.0369638552
-31.4399153513
-34.5382837320
-34.0530756002
-34.7359255492
-38.4094015628
-33.9200297288
-36.5339729742
-31.0693310907
-33.9689055126
-33.8112664071
-29.8767003100
-32.2758760146
-29.6098770867
-29.2347164458
-31.2786992792
-32.4135914733
-36.0414944750
-35.3111617526
-35.8891165738
-38.2447794777
-32.0370081103
-33.7682020055
-31.2951172195
-32.7091842494
-32.4817565983
-31.6834153010
-34.9744451908
-31.1919076528
-30.5497089184
-31.7869731016
-33.6753840920
-37.1547837293
-35.0972198180
-34.8503708109
-36.9529850351
-31.1800375966
-33.5512501461
-32.7407384847
-35.3922766030
-34.9060108099
-34.0555029514
-35.8612726269
-32.5124499281
-32.3676453296
-34.2500675278
-34.1186295413
-37.2753769737
-34.4534728395
-35.1966880154
-38.2249024039
-32.7748844730
-34.3907838171
-32.4765394148
-34.2671042791
-36.2687473399
-35.3189422085
-35.6904947718
-33.9274904302
-33.3908393269
-34.6808668206
-35.0156894021
-37.5261757452
-33.5421336783
-32.8115419688
-36.2380928429
-31.7116178475
-33.2007099868
-32.2689551723
-34.4259603024
-35.3495928247
-34.3739153657
-36.7998407290
-35.7969744396
-35.4463190824
-36.2529469250
-35.8612350871
-37.5067776796
-31.4279119530
-32.3385508110
-35.1537673204
-31.8113954634
-33.2244759876
-33.4627626289
-35.8165615176
-35.7029823474
-34.2431143135
-37.2047340256
-35.1147044930
-35.7671148241
-36.5850133169
-33.3094241224
-34.0216288132
-32.8888831119
-33.3388293452
-36.0827969440
-32.6318987715
-34.3051042542
-32.8369546883
-35.1794078802
-35.4408183944
-34.5711778700
-37.0979825014
-35.4965515987
-36.3843240630
-38.2252597209
-31.4915499092
-32.3572718164
-35.1312971969
-31.7726355637
-34.9448108210
-34.0812470817
-36.0117164206
-35.7062680057
-34.1752611919
-37.1492571489
-35.1317282946
-35.7407052769
-38.3683450786
-37.8904941369
-36.6896404295
-33.3382105292
-33.4434603557
-36.1305956349
-32.6493976876
-35.9262077353
-33.3929482039
-35.3843019552
-35.4512514603
-34.5933359990
-37.1001444596
-35.5190709165
-36.4227383020
-39.6116080422
-38.6038832670
