-26.4261612964
-29.2276221183
-29.3744178071
-22.5971172337
-21.0653485237
-23.4767031290
-20.9299464453
-24.3236291657
-26.6118476697
-25.9522275840
-30.1382972753
-28.1005400386
-30.2518104640
-34.1665240280
-29.3249193050
-26.6623132203
-26.8739650936
-29.3847408261
-20.1780222194
-21.6741691507
-23.3791806557
-23.9468023291
-27.4801705342
-27.6651474648
-24.0411012798
-27.7268758998
-25.9382486414
-27.9575918509
-32.0168591697
-31.5881156543
-24.3842391060
-25.7050457852
-26.2314102515
-19.8276553712
-22.5395107332
-23.1747642006
-24.3112257474
-28.1904930439
-26.8246581965
-24.4901440274
-28.1963575162
-27.0271392200
-29.1167343558
-27.8310758486
-27.5235961313
-28.1099076542
-28.1601285384
-27.9415156849
-19.6038149145
-22.9077337707
-23.3622047491
-23.9576147139
-27.4402817512
-26.0594762730
-23.2441540217
-26.8354084283
-24.8461202609
-26.2400114782
-26.6835068904
-23.9071737494
-25.3573859805
-28.0377435563
-29.8226345241
-26.4906394553
-29.8659591242
-26.0269653288
-25.9081365708
-29.0732906390
-26.8487426756
-24.1042602564
-27.7661471690
-21.8941724324
-25.2384536376
-27.9432918570
-29.3091965634
-24.3896647211
-24.8817110262
-28.2432551934
-27.4237667234
-30.1949276514
-25.5610243747
-26.6043131772
-30.1906451626
-28.6577984585
-25.0222849535
-22.9615600923
-20.0182482613
-23.5659751933
-26.8955885659
-27.8249783446
-31.5922816293
-33.0623200629
-31.2776920966
-27.5954378902
-30.2448261692
-25.9875723697
-25.5420289173
-28.8448091627
-26.3475760465
-26.2592024179
-25.3667238327
-19.6953214587
-23.1998882224
-27.3681849605
-24.7896672434
-27.3941271691
-30.5844387752
-30.4137541004
-26.8925488770
-29.9177606890
-26.5407010997
-26.2580567158
-29.7422368485
-22.0913249734
-23.0750901211
-25.9413491726
-20.7618055716
-24.0060024464
-28.4112820983
-30.2324641748
-26.2248557586
-26.7634475792
-22.5695412561
-25.0671190504
-28.5172374920
-22.1955521167
-25.4286529387
-28.9143620927
-24.2437247270
-21.2625010672
-25.0822216868
-24.1523722549
-26.4906278042
-28.7196447129
-29.1742851745
-24.3009389625
-25.3732433681
-24.2239395701
-25.5199510436
-28.4367323642
-23.6078097568
-24.2204454821
-27.9800567983
-25.0773799494
-21.0501837365
-24.7206502538
-25.1422529575
-25.9287813358
-27.6594176271
-26.1321051419
-20.8682645841
-21.5585004588
-21.8444499708
-24.5751452560
-27.2750705724
-24.3902874172
-24.5438486395
-27.8910824918
-24.0406106305
-22.3845707758
-26.1100751599
-24.5666087573
-26.2476119939
-25.6498446374
-22.5748425879
-22.5013994177
-23.5553078174
-22.9352631636
-26.4348570324
-31.6122195364
-22.3348224082
-22.7374244949
-26.3922146642
-25.3939179090
-22.0784684441
-25.5633403818
-24.2645041319
-22.6849044268
-24.7602684872
-21.8011810117
-23.2454317797
-24.8647972584
-28.6171821120
-25.4330027543
-28.4638060345
-23.3797632170
-22.1691438556
-25.4172851821
-25.3742311388
-22.8116029907
-26.1047375831
-26.2899475473
-26.5705879167
-27.5652170764
-25.6280179149
-23.4697395523
-26.9153258168
-30.0380225496
-23.9489345091
-27.1416673532
-21.5463196908
-22.0539658111
-25.8588374304
-23.3944101696
-22.3169869005
-25.9836070437
-26.2818965176
-25.4592103604
-26.8694871237
-25.3654059449
-23.7622707214
-27.3379537811
-29.3678749694
-24.4206635838
-27.3539134404
-22.7522565662
-23.3529186823
-26.2762016312
-24.1931983259
-21.5754219937
-25.1482792429
-27.6258774909
-23.0980211290
-22.4296909912
-21.9227025321
-23.2979919778
-27.2349798231
-28.6608031928
-22.9615756233
-26.3174820864
-22.4549535429
-21.8937193343
-25.6704324306
-27.2240444621
-22.2279698525
-24.8220098850
-29.3196361014
-27.8565209357
-26.5971670643
-23.9549129118
