-24.0693853940
-24.8645927070
-25.7300183537
-25.1040186475
-25.6918578298
-24.8854575579
-24.3141295051
-26.2281077558
-29.6092259060
-30.8295659948
-32.4936266230
-32.7406633664
-35.0973570038
-30.2971053989
-29.0446983731
-28.3713492995
-25.7109866416
-27.8825628153
-32.3275675401
-34.4336229590
-30.2683280814
-31.0820685173
-30.2228674081
-26.9389442518
-27.7368571715
-29.4322145952
-29.5361957382
-31.5029098984
-29.4981685697
-25.3261890344
-26.5797768788
-29.2363152627
-31.5603493808
-33.6625288591
-36.7541314988
-30.9173842476
-31.6318467648
-30.3308669424
-31.4392214549
-29.8646464275
-30.7757034807
-29.6874849335
-31.8182062770
-30.6127280648
-30.3740504455
-28.2352688966
-29.8259836132
-31.2668719488
-31.7908465040
-32.5439912127
-28.6305409471
-26.7124862003
-27.3975358219
-29.7248531531
-28.5300331780
-29.6476466366
-28.9541498987
-27.8623750538
-25.9491878959
-27.6059563994
-24.0392681367
-24.2683775325
-26.7023690086
-28.4304976434
-30.9180406081
-27.5374184237
-28.3464803021
-28.9039833993
-30.7156981319
-29.1092529459
-30.1567904497
-27.2247642506
-28.5018474486
-31.9064400684
-27.6241259120
-21.6661737798
-22.0976568008
-26.0608394583
-28.0166456904
-29.8537188254
-28.9919194432
-30.2416855070
-30.1116547142
-30.6461452131
-28.7414261223
-25.4855901398
-27.8292530599
-28.2644061454
-30.6207480193
-23.7951001147
-21.8486211278
-23.9190981820
-27.9737055583
-27.3772548337
-29.3040687040
-28.3376693557
-30.1515163044
-29.4005865676
-29.9025985083
-25.3484882850
-26.0826869037
-29.4115970158
-29.6227193893
-26.4821353234
-21.3001010305
-22.9978123815
-26.5149284818
-29.7621152160
-29.8459357777
-31.4111250550
-30.7088678972
-31.9708521882
-30.7928709857
-27.1700045553
-25.4786265623
-28.0862011959
-30.6532667291
-29.8461791603
-27.1911529104
-23.6329415599
-24.6115956254
-23.7036958716
-25.1770902651
-22.6646842787
-20.7442147348
-22.7567772584
-24.6661740854
-26.6184604105
-29.2547540455
-29.3205772730
-26.8861769250
-28.1202255086
-29.1999606986
-28.2934773684
-30.0730967623
-25.1781712390
-23.8781452455
-24.9337728067
-23.8257093279
-22.4584864701
-24.6544904379
-28.0163323940
-28.0884874414
-29.4818399531
-28.8561147883
-28.4046227533
-28.9011107116
-27.6653209347
-27.2672033738
-27.8960537091
-27.2432250500
-26.9538099864
-25.9662945568
-22.5094957574
-21.3496992252
-23.8419032941
-25.7410288082
-26.0905916488
-26.8842259822
-27.8390142467
-29.7490567308
-29.0787783942
-29.2983647678
-26.8665522929
-25.2350903142
-26.3560271021
-24.3001984589
-24.1291344305
-23.3587106613
-25.3021705880
-27.2717460743
-29.0099970406
-28.3268789794
-29.1959254735
-28.9055990420
-27.4503847048
-28.2457679891
-28.7312403199
-27.0746311036
-25.8234421585
-22.7253537659
-23.6113400915
-25.0095293991
-28.3842627850
-31.0636802261
-29.7967143252
-27.0150788571
-27.4213082979
-29.0041856446
-28.2981844830
-30.0995011365
-29.7382081056
-28.1599226989
-24.4457785528
-25.4717833754
-23.8739261853
-25.1728647356
-28.3276609065
-32.6954007782
-33.1982295601
-29.5758631436
-28.6087155264
-28.9251421109
-27.7653289987
-27.3311934666
-27.9267923592
-29.8922884258
-24.9136588155
-23.8015342252
-24.9062512002
-22.7227257608
-24.4747630378
-26.0088760815
-29.1905464573
-29.1619179937
-28.5908088124
-30.0914099754
-29.1550489253
-29.3378470498
-26.8842492842
-25.2408175631
-26.5301709376
-26.8098403652
-26.8318457403
-25.9067759613
-27.2844796211
-28.1514949436
-29.3561524933
-33.1889460763
-32.8822341179
-29.6098926290
-27.6393502470
-28.2967228937
-28.3992709344
-27.0288674878
-25.8242124372
-28.3510165296
-29.1998493671
-24.7639023864
-24.2456018749
