-22.5283889293
-23.1223955755
-20.3518230052
-19.8285110653
-19.6433800242
-22.2455697101
-20.7738594401
-21.2025448547
-22.9498996944
-26.0239967805
-27.1590367759
-23.4133654119
-22.4209718699
-25.3369508483
-24.1991805396
-21.4722317961
-22.0727748444
-20.7891821690
-16.4983764926
-16.2911222533
-19.9353493974
-20.8978445768
-19.8454921534
-21.5698927713
-24.9223118038
-22.6291452873
-17.0159923047
-17.6777383018
-21.3955638099
-23.2245397195
-20.1946757664
-22.4570908839
-20.8467342741
-15.1124024888
-16.4436892680
-20.8790199852
-21.6367348805
-23.3770186877
-22.2682042862
-24.4012408837
-22.8040503550
-17.9280504666
-18.3348846097
-20.9531000978
-20.3054975427
-19.0778464741
-21.3167002089
-18.8511928432
-15.2827908013
-16.8642797138
-21.4301693951
-24.2173798847
-22.2671439865
-20.6347729729
-23.4010487817
-22.7351861370
-17.1439777099
-17.2579479276
-19.8521320929
-19.1588099005
-18.3171863351
-20.9206124602
-21.4958890806
-19.7337939700
-20.1084084217
-23.0170564000
-24.3174708243
-22.6914381825
-20.8144369569
-23.5015746929
-22.6258091435
-20.1707284944
-18.4906544160
-21.4501344758
-20.0170183903
-17.6270668949
-19.0877280457
-20.8110179676
-19.5000822858
-21.4493279692
-25.8146635445
-23.9019436071
-21.2316691597
-21.1322617598
-23.8133615252
-23.3641608128
-17.3768984037
-17.2760591782
-20.5360025022
-19.9915719999
-18.5528813124
-21.1033329404
-20.5776480501
-20.4990990151
-19.5916923795
-22.0444039625
-20.6081187324
-19.1557390977
-18.8881183268
-21.2768761143
-18.7542037350
-14.4191565521
-14.9465452300
-18.7630094985
-17.3874091592
-18.6422466206
-23.0745787438
-27.2433195327
-21.5598895298
-21.3102777671
-24.4297891028
-23.7555103739
-21.4741671758
-20.9610177660
-23.2938557196
-22.2633482786
-16.4077800286
-17.3796118731
-20.3833682081
-19.7729888482
-21.8947329633
-22.0944941239
-21.8360079695
-21.1458743747
-19.5692403956
-20.2400393807
-24.0189133556
-26.9002619983
-24.1780011573
-26.0399577710
-25.7429538369
-22.0170001730
-23.3947933396
-25.4208401136
-26.6991053496
-24.4247842479
-23.8266155371
-23.2788282177
-25.8219287720
-21.1493697501
-20.9965179548
-22.7133814305
-25.3653101138
-23.5920080197
-25.4475331739
-25.4712888379
-21.2371996564
-22.1849183658
-24.7650416160
-25.5685769921
-28.2986880681
-28.8486605603
-29.4425389177
-29.8426760107
-29.8307878281
-32.7997301584
-37.1556446116
-39.8299281274
-41.8658035208
-35.5077625445
-37.1543641052
-40.5107970949
-43.5448988036
-32.8244010751
-30.1761600451
-25.5167534122
-22.7430313482
-21.6075329132
-23.5149206013
-26.1150114037
-29.4573075309
-24.5297803539
-25.8953253245
-25.5594838101
-27.8317062978
-25.4203960611
-22.7614481203
-22.5953980233
-23.4494249038
-25.9465119776
-21.7415627095
-20.8834306630
-24.4373611479
-29.6596098936
-24.7010890533
-26.2092456194
-25.7677710551
-22.2264694095
-23.4370589919
-25.4107216295
-26.6691667535
-28.1013154916
-28.0740087948
-23.3027793534
-22.1095967702
-20.2831348652
-20.7629461036
-22.6239850731
-26.7590524322
-24.2225245697
-25.7210377938
-25.5755017256
-21.2304250864
-22.1148954904
-24.7365425968
-25.5840602420
-27.2343649027
-24.6124513422
-23.8490766078
-23.2637385211
-25.4365486232
-29.3925562336
-30.4690665518
-34.0555831469
-32.2786101832
-31.4913505409
-34.3123474239
-38.0658274911
-41.6601793147
-32.4920265273
-30.0465551655
-31.3126226111
-32.6586966973
-29.8787600019
-29.4737099581
-28.8747024373
-30.8784974638
-24.7360118102
-26.7459848875
-26.0381285418
-28.0795107734
-25.4979275291
-22.7903173934
-22.6046323077
-23.4453637871
-25.9463773408
-29.0091672075
-25.5389944013
-22.7445304791
-21.6046783504
