-28.4193344293
-25.2636553568
-24.2295334775
-24.6753760010
-26.1794222633
-21.7982526569
-23.3797308565
-27.9130516104
-33.0044999722
-29.8271319089
-33.1664176966
-29.7105440957
-30.2721276982
-34.1268307311
-37.0019371938
-25.5066698791
-25.6022802472
-22.5281093173
-26.5239271375
-26.8613907821
-21.6499759206
-25.7543785622
-30.5078860207
-34.8993307367
-30.7999730757
-33.9859616753
-27.1869364415
-28.1531533069
-30.7645143731
-27.8223632857
-26.5621614541
-26.1901647373
-22.2033727159
-24.6541150106
-24.1877986079
-25.3947231419
-30.0757493606
-34.8774341153
-37.7071562176
-30.3848615269
-32.8258989217
-28.6893242134
-29.8773113608
-25.0260690255
-24.1158442149
-22.7144481787
-23.0482662999
-20.5290998002
-22.3410390167
-27.1297532751
-28.8130141352
-32.6239318815
-36.2836907225
-39.3400091630
-30.5149531638
-31.6171195562
-28.6363523448
-25.0164386027
-25.8293985490
-25.3437035018
-21.7650283955
-22.2060563943
-25.1831838831
-25.9458154996
-30.2577422488
-29.5982763095
-32.9456131494
-34.2641565032
-38.1513103881
-27.7074622949
-31.0429409486
-26.1098046014
-21.7888319527
-23.2030004200
-21.8964081902
-19.9590558911
-19.6457180926
-22.9286258135
-25.8711515405
-29.6717893682
-29.0170797206
-32.6548103432
-36.6018804650
-38.5666276786
-29.6305283236
-24.9130827321
-28.8263056418
-21.3115257560
-21.3221102973
-20.3909337798
-20.0833361813
-24.5897507650
-27.6632120578
-28.2873850464
-31.8761143944
-29.3310789478
-32.7787889367
-35.5633522066
-36.3130040356
-21.4874289559
-22.8584113445
-24.3424356293
-19.7385101571
-20.7675108176
-19.8761130383
-23.9978400827
-29.7161781220
-31.2989854457
-30.5050185189
-33.6809935300
-30.6276248571
-32.4244879969
-35.4705576084
-24.9407001339
-21.4791112467
-21.8189401482
-22.7035607084
-24.7216147323
-21.6170701303
-21.0719120764
-25.7869555316
-31.3998414351
-31.5267755913
-30.4809081527
-34.4284096528
-30.5345001211
-32.9115474241
-34.6356663525
-38.6793808909
-31.5443586491
-34.5191808215
-27.7275063749
-29.6518773453
-33.3960603863
-37.3267448335
-29.7918013666
-32.5304032411
-32.9920305316
-33.9413308423
-37.1869308856
-29.0896723282
-32.4304249607
-34.6435063666
-38.0363201210
-32.3602713597
-35.4052017338
-30.5903951584
-32.3183604412
-37.1152173008
-31.7975718764
-33.6700232168
-36.5555951468
-33.0103398547
-31.8853590346
-35.2149766190
-31.1950871605
-34.9179986601
-35.7195167874
-38.3999730927
-31.5402470465
-35.0391537574
-31.5951206577
-33.1480022196
-35.5469265121
-30.8544440767
-32.4496676985
-35.3174482604
-30.8358305208
-29.4186874655
-33.3559372792
-30.4050855487
-34.0468292133
-35.1787515285
-37.4550719191
-31.9259831358
-35.1515859374
-30.1659082147
-29.5837096314
-33.9454126624
-36.5201235064
-32.9247780913
-35.3013656145
-33.3016190647
-29.0817274604
-33.3439442399
-32.1746549467
-36.1847416649
-36.1086964185
-40.4138807745
-33.9540566170
-37.1164601158
-29.6267080021
-32.0095253487
-36.4196558819
-34.5156297833
-33.2236254546
-31.7669846987
-32.2506484337
-28.7810404499
-32.7687908479
-30.6334556785
-34.5045196368
-37.9614270676
-40.8922922365
-33.8791480029
-31.8496025782
-33.0348036427
-30.8958837729
-32.4991610072
-30.9860555609
-30.3216714975
-33.4939025823
-30.6949200274
-28.9983884879
-32.5637051634
-29.5230000227
-33.7520222646
-35.1691819430
-38.6076220183
-28.0741809675
-31.8000665320
-32.1538457744
-29.2358958154
-31.9031932461
-33.1589673679
-36.0437444673
-38.0086159805
-32.0251212221
-30.6486385792
-33.9162650655
-31.3886717583
-35.2370454142
-37.0987048734
-32.9933264094
-30.1718141172
-34.1535043709
-29.9069884422
-31.3615527764
-33.3583219193
-33.3254420310
