-25.3375917372
-25.2616797889
-26.5833978275
-28.4401992601
-25.9396921003
-25.3734388421
-25.9665132802
-21.6149573446
-24.2276096899
-25.6319612112
-26.3743985730
-28.1328373685
-30.7339453034
-29.2910503353
-27.3231579233
-26.3268729891
-26.4696839562
-27.2381321308
-27.5795222473
-25.6409650668
-24.0384538378
-26.2244401659
-24.4762272093
-27.2507504502
-27.1857972017
-26.1014726399
-27.8376652840
-30.4301603771
-29.6034882923
-26.2076299686
-29.3691371262
-29.7174234984
-31.0476752482
-30.1162699108
-25.7898424625
-27.5499124622
-31.4667935172
-27.0382441659
-29.6226947641
-29.4228689685
-28.3302656103
-31.1556747795
-31.3913826245
-29.8969838805
-31.6956102780
-32.4705765194
-32.1795471773
-33.0005346575
-31.7211576495
-27.2602630898
-28.0892175806
-31.8679299965
-27.3051955718
-29.4808094417
-29.2066977140
-28.4722622728
-30.7394227059
-30.0190478027
-29.7258240829
-31.1472935947
-30.7921006811
-34.6574529085
-35.0015589818
-33.9879786507
-29.1557143377
-29.1880919311
-32.1038669567
-25.5710612885
-28.8526517299
-31.7510742156
-31.2690597908
-31.3303247757
-31.4143006709
-28.2377933198
-29.2011904846
-30.1518644801
-28.3163008523
-29.8429284138
-33.5887413310
-31.2106713766
-29.9946357901
-30.8839593213
-26.6295278126
-29.3019766262
-29.8770614818
-27.0463689948
-27.6223588040
-30.4792057668
-30.1904289625
-29.8584129842
-27.6910494917
-26.8112553079
-30.0002697876
-32.5915568764
-34.1130666843
-32.0176190953
-33.9908331701
-26.3461584528
-28.0681870033
-27.0162064234
-26.1146994244
-27.5017590542
-31.1159167548
-32.7534072859
-34.7697814733
-26.7612376481
-24.9434251863
-27.5665051519
-30.8287970203
-28.5096978041
-26.8079929729
-28.6894432783
-23.4177800165
-23.4344063817
-24.6185785942
-22.1047446541
-24.9040827569
-28.4247898078
-27.7225442006
-27.1361523672
-27.9175256539
-29.5531495983
-28.4904809829
-30.0177389747
-27.0737391302
-25.4985398757
-28.5222656310
-20.9127569133
-23.1380548937
-26.1478498761
-23.1598712740
-25.7502320090
-27.7991500615
-26.6414172993
-24.3162642440
-27.0556537314
-30.2237153330
-28.8507836751
-29.8036429351
-29.2849049545
-27.8904002397
-28.0342611031
-23.5726410198
-25.8331424740
-26.9824073748
-25.8187686967
-28.8886114708
-29.6413562466
-26.0941556173
-26.4599913932
-29.0869834203
-30.2534286777
-29.7957226704
-30.9147238796
-29.4352724009
-27.2114649669
-29.8050863958
-23.3862024798
-25.8375803094
-27.7024613075
-27.7419798428
-29.8296330519
-27.7383783078
-28.8329183889
-31.5208127050
-32.1792985926
-31.7127959028
-29.8223626543
-31.1430214959
-27.8645344152
-26.8134393096
-29.5713825596
-24.0360925116
-26.6637191160
-27.6167713624
-29.2602392048
-29.9063282075
-27.8222868997
-28.7895225714
-31.3798271116
-30.2289493493
-29.3631976080
-28.2424706741
-28.1231797583
-25.4303863917
-24.2430191733
-27.3219358528
-22.4353560896
-25.4919853737
-28.0398498422
-26.2900847598
-28.3264142118
-28.0521056903
-29.1086457798
-32.2909255496
-28.5675722661
-26.8668875689
-24.8744121468
-26.6501091568
-24.5604827704
-23.9446792038
-26.6615157366
-23.5565868581
-26.3446347285
-25.0732463257
-24.6182497900
-27.6366808033
-28.8188540136
-29.7291731830
-29.1930346479
-28.4830837146
-28.1896774617
-25.4477817453
-24.2566731732
-27.3571757788
-32.8179436529
-34.0419330683
-30.2107953842
-26.6329286920
-28.4795546709
-28.1214592511
-29.1449472645
-32.3478200070
-33.0199353166
-31.6258696326
-26.1779787934
-27.2436522615
-24.7808744099
-24.0677814029
-26.7515075917
-32.8087456392
-35.0157761021
-26.4130277066
-25.2154488450
-28.0321146876
-29.0279024592
-29.8797645950
-29.3134518542
-31.9388772018
-28.8580605269
