-26.7899749391
-25.6429846201
-25.7710890756
-24.1378910096
-22.9742690421
-24.4703782842
-26.0181414333
-27.4303341502
-29.5785221963
-30.7658179807
-30.9341542497
-30.9110407227
-30.5905413831
-32.4376642145
-33.7409832839
-31.4432217235
-27.6128008706
-28.7317749724
-29.1390154786
-27.2669923517
-29.5177103244
-31.1856573865
-27.1803793608
-24.8037160910
-26.2959246451
-27.1356125729
-27.1710246910
-26.7788272543
-28.2351989561
-27.2173423815
-29.9803124823
-31.4052217293
-29.5961065583
-28.3343655717
-27.3942902934
-28.4084378926
-30.1040062933
-26.9694032624
-27.9061993684
-28.3178518208
-26.5654367413
-26.4671582564
-25.9528878207
-26.3206473595
-28.9056792912
-29.4201930718
-28.4347749474
-26.9700453541
-27.0769639497
-26.6325377321
-27.6622035557
-27.0582701177
-26.0236576571
-26.8933036104
-27.5694943628
-25.9868344209
-26.6227428949
-27.3788497562
-27.7409376878
-30.3940802606
-25.6802402142
-22.3118991729
-23.6554026229
-26.7919556506
-26.9681151593
-27.6360749459
-29.0891545005
-28.4300264010
-27.6958123219
-27.3206827180
-25.5360388649
-23.9613003993
-25.0136060479
-26.5902824524
-26.7594602525
-22.7406169414
-21.5126164355
-23.4028469825
-25.9781892115
-27.3083854474
-27.7136219367
-29.4098596807
-26.8249455855
-27.0165831613
-26.8768973287
-23.7221760837
-24.9007699148
-24.9664611050
-24.2814942794
-22.9410499626
-23.6908975956
-25.6503715283
-25.2553751858
-25.3783906433
-25.3231312345
-25.4035586883
-26.6633307611
-25.0152281615
-25.3660856011
-24.6357021162
-25.7351242008
-26.8034049755
-24.6086802151
-22.3424099800
-21.2252156903
-24.0707731855
-26.3416274212
-27.0333493501
-27.4978778902
-27.5786755905
-26.7596013599
-27.4989782828
-26.6094876346
-25.9426411738
-27.8728132956
-27.5045838449
-27.4933701413
-27.7021765089
-24.0095858678
-24.2652394560
-26.3340696306
-26.9614299186
-26.2693079644
-23.0402799928
-20.8375634726
-22.3821563694
-23.6720626613
-26.5249136155
-30.5700598071
-30.2624390168
-31.3365193718
-30.8165541415
-32.5732734559
-35.8995574061
-36.3972608597
-28.6250195336
-27.2762240499
-25.7419829188
-23.5277150063
-22.1319931149
-23.9767603464
-27.8170489982
-31.0177185395
-33.2164210806
-30.4064681678
-31.2019135119
-30.1062718251
-30.7426915436
-33.5496021440
-30.4312102944
-30.8421144441
-30.2883993486
-26.6371736526
-22.3024150349
-21.9011683838
-24.5159282917
-27.1787365417
-29.5554048015
-29.4965011439
-27.6289120014
-30.1307809178
-28.4834695087
-29.8278879517
-30.5601251579
-30.6544875202
-30.4899288269
-28.1931857901
-28.1662053259
-24.1942974270
-26.0247735892
-29.5720324650
-32.0467796474
-31.8030169066
-32.5698725794
-31.4504118563
-32.5529290385
-30.3726794768
-28.4968102214
-29.4742860507
-29.2984683342
-23.1989108107
-23.2530387660
-24.0073216445
-27.1993553991
-31.3071827600
-30.4759214079
-31.4159939970
-30.1393277827
-32.2839969637
-35.7604735963
-36.3417192527
-30.2870231977
-28.8960916043
-27.7879001098
-26.4715223081
-23.6238030728
-24.5056609355
-28.1496734522
-33.3919617182
-35.6145608526
-30.7273921219
-31.3139042503
-30.1234458017
-30.7013696572
-33.4808130355
-30.4211668973
-30.1848700204
-27.5635133982
-27.0270071761
-25.6947874882
-23.4373774865
-25.2064786622
-27.5032737240
-31.1133858351
-30.3189852289
-27.7328607848
-30.1943593256
-28.4178081081
-29.7687240807
-30.5766816168
-30.6930027447
-30.0245018951
-30.9576497576
-30.3352659465
-26.6078253864
-28.1921760042
-30.7372646397
-32.5220881223
-36.5519573555
-35.7547152848
-32.0228414589
-32.7571590085
-30.3474505868
-28.3414676717
-29.4242114668
-29.3112743783
-30.8858546147
-30.9813950534
-28.3012448820
-28.1978890234
