-35.2763140981
-36.7014328095
-39.2883746422
-32.6453326791
-31.9456064736
-31.3259348395
-31.9107704631
-33.6864618673
-34.8641244884
-33.8153223437
-35.4744206558
-33.6155535230
-33.8193899332
-37.1204992236
-34.6387901907
-34.0393361529
-34.1485072796
-33.0848562150
-30.2550016181
-30.1141545590
-28.2966439236
-30.0997846454
-32.3826159199
-33.8797422185
-34.0332321935
-35.2151708092
-33.1837030126
-33.4214627529
-37.1278149256
-36.4809674681
-35.2482617191
-36.1334877311
-34.9104641806
-33.4657777203
-35.9268420895
-35.2111821967
-34.8983649857
-34.4433465863
-35.9236146874
-35.3356928602
-37.6200461477
-34.4469610711
-34.6631555941
-34.7856725934
-34.5090468171
-32.0192839397
-34.3095252558
-32.7769933555
-32.6200364848
-34.6362579841
-33.7072490309
-34.6023217155
-34.5582164722
-35.9818580957
-33.7397560758
-34.9102505723
-33.3173547538
-32.2156997950
-35.5709825039
-33.9847732566
-33.6982413004
-37.0714331393
-32.7603631026
-31.1278593210
-32.9944656455
-34.8493429110
-36.9624160886
-35.2886230173
-37.2452183102
-34.7921312806
-35.1527679033
-31.8163239505
-31.3649109360
-34.4990163576
-36.0235800093
-35.4757061780
-34.2971710324
-35.3176812833
-33.3918672255
-34.0704502355
-35.9636963637
-37.3639835914
-35.4052755304
-35.5652513692
-35.5990530094
-32.2062156493
-29.2209562955
-30.7521523730
-32.7742449549
-34.3574663577
-31.0905765306
-32.3850549090
-36.1853320122
-33.7811750533
-34.1497474977
-35.3043638813
-36.5215721480
-37.0922798459
-38.9292022403
-33.8122787742
-31.6650943205
-29.2817267484
-30.2143412666
-32.4376500545
-36.3714131562
-37.4389219782
-38.2472870885
-39.5187577774
-33.8813578592
-33.6417727687
-34.9082918708
-36.6203542073
-37.6081709110
-34.1290561265
-29.6850019142
-31.4711549974
-33.3632478218
-32.1038061547
-33.4076559955
-31.2769891326
-32.7948003806
-33.9271292410
-32.4840946202
-31.9526839739
-31.5635237040
-30.9344507818
-31.0245811446
-32.2362681736
-33.7547331433
-32.8705763772
-33.5145098111
-32.9397797558
-34.2800203638
-37.3705212456
-35.7324134524
-30.9981353383
-31.3263724081
-31.1228182028
-29.9703532512
-29.4089495922
-28.8787117872
-30.9390853909
-33.1768261774
-34.1979190304
-33.1438323632
-33.0755921596
-32.8895783074
-33.7642910675
-37.1584940158
-35.4262258195
-32.8955372832
-33.3568810450
-33.8407544810
-32.4721896083
-31.4144961603
-31.2657611938
-33.6430492276
-34.1153904871
-35.3450177576
-33.6413597962
-34.4847487383
-34.6979734766
-35.0816744364
-35.7770792525
-32.5842631909
-32.8057020915
-34.6683339364
-33.3206934933
-34.0186706919
-34.1761492792
-32.4717610987
-33.4904512248
-34.1237806979
-34.3593020888
-33.2520636182
-34.5819488196
-35.0701681589
-35.0235164697
-36.6136042402
-33.4447873017
-33.7978078875
-35.4790384471
-33.1258440939
-31.9304119197
-34.3331553379
-33.8542880795
-35.6177973096
-34.4882013995
-34.7930167813
-33.8967880355
-35.8044196004
-37.3283410636
-34.0311013005
-34.2438923607
-33.1998969884
-33.9365421624
-32.8475029708
-32.8890811821
-31.8212718590
-32.9158079065
-33.0010020109
-34.3312561785
-33.7370245027
-33.7373882814
-32.3857760049
-32.1291088344
-31.8204536827
-31.4955126400
-31.9489516845
-33.1330445761
-35.2101737143
-35.6999219361
-37.8433725149
-33.6661782945
-33.4630694461
-31.7737631500
-33.0391806370
-34.4646723039
-34.5041856478
-31.8971151705
-31.0671781971
-31.1686996192
-30.0348184512
-30.7611911742
-34.5862753177
-34.8848546912
-37.5342371269
-39.0415800416
-32.8911136777
-32.5116343427
-32.3500195469
-33.6844824443
-34.4664212885
-34.1720078998
-33.0482427409
-32.9902245850
-35.0560545793
-34.4367221981
-33.5134844999
-35.5042492021
