-28.1182655003
-30.0722656380
-30.0898111637
-26.7653221353
-28.4347697712
-31.8822351965
-32.2762385012
-30.2860380173
-27.4153998126
-27.3485551593
-28.4695798970
-24.5769201326
-23.7748994086
-26.1922632558
-25.7707525005
-26.5013107293
-29.8287177780
-29.4535454889
-27.0165313841
-28.3990327286
-31.0579400296
-26.9510939367
-27.4851275070
-27.2439008242
-28.1499414413
-26.5117826394
-23.3806228260
-23.4689938709
-25.4680938088
-27.5207130902
-29.3088017160
-32.2538771244
-33.0978331397
-30.8208715829
-31.0552537654
-31.3549400345
-29.2649165458
-28.3133984572
-28.6555795378
-30.9015359307
-27.7044096604
-24.3346862366
-24.4779904520
-28.3565444020
-30.7133963584
-30.6309713676
-33.0884564532
-31.7461315070
-30.1499149048
-27.9578546496
-30.1802353920
-28.3153105517
-28.4830086368
-27.5152538205
-28.9930276076
-27.5332330296
-24.4798831352
-26.6020825990
-31.6370962984
-30.5446056576
-32.4423299778
-35.7591414664
-33.9301844551
-26.3855320040
-27.7214282876
-29.6452943735
-30.1140199164
-28.5957631878
-27.8940069635
-29.5924195971
-29.1012498093
-28.2732572239
-29.7981940317
-32.4026302115
-32.8985251810
-33.5878610298
-35.7186636604
-28.8330271315
-25.1784068612
-26.5559500299
-28.4431677556
-26.8388132006
-26.5324675344
-26.0309940814
-27.7494806766
-29.7485466626
-27.7141449546
-28.7088064388
-31.1249244914
-32.0030834950
-32.9283977549
-30.7488576544
-29.2861529373
-26.3579469751
-27.1841090739
-28.9189669333
-27.7482443502
-26.6836700068
-25.2354709186
-28.1317045923
-30.5564407640
-28.2953105014
-28.2339005212
-31.5214302367
-35.2120236734
-30.5374944878
-29.8533666996
-28.4667408717
-26.0793908902
-25.9480188838
-27.4022364617
-26.1682137352
-27.7667388031
-29.0660668486
-31.3710006630
-29.7437566981
-27.6970836066
-28.4456663052
-31.8787928924
-33.2800551501
-26.6938182588
-28.3758855237
-28.3632270635
-26.3193411244
-25.2859196488
-27.1770445099
-25.8136809743
-28.2376470425
-29.6269979915
-30.8801273669
-29.9274817373
-27.9213654516
-29.0273315447
-31.7379859713
-32.9486437723
-31.3152765047
-30.1232490245
-27.5584981720
-25.8296496965
-26.1751553037
-27.3091505468
-28.6800057833
-30.7002213563
-29.7529741488
-31.3092010196
-31.2198810695
-29.2145118448
-30.2810694005
-32.7171964381
-28.9576206786
-28.8708769446
-29.6134773390
-26.8362732190
-24.5281349524
-25.1698444690
-28.5306273829
-30.7597710138
-30.1244801766
-29.2798029911
-31.0259637577
-32.0915800857
-30.4071141685
-31.0712224831
-32.2054453789
-30.4324129616
-26.3410487406
-28.4108276978
-27.5427301128
-24.5764489065
-26.6571996009
-30.5610689066
-30.4958580295
-30.5536897728
-29.9935405775
-31.8985638122
-31.9790171416
-30.6600412971
-27.1772374051
-28.8826848643
-28.7307574341
-29.0134639373
-31.7012249105
-28.7969910424
-30.0018155696
-32.2507597669
-35.4403173822
-33.0707361619
-32.1807653975
-32.3518979900
-34.8441244296
-34.7623739326
-30.1867122117
-29.9364493403
-32.2583512169
-30.4681953168
-28.6034905698
-29.4821066396
-29.2752810003
-29.9399680249
-29.7411765864
-32.4020269353
-31.4542386500
-31.6092717794
-31.8056604509
-33.9704849145
-28.5002343865
-27.9015621709
-27.6072717007
-30.4816615955
-28.8969317851
-27.8019191782
-29.6775878204
-32.1310688352
-35.3790757122
-33.0710818164
-36.0971435261
-34.3521792730
-35.6927512325
-34.9952996740
-30.2213372060
-29.9354033149
-32.2405260650
-30.4845355800
-31.6691929787
-30.6760682643
-29.3112756661
-29.9096009231
-29.7019247413
-32.3876855133
-31.3576703133
-34.8494840021
-33.5018733552
-34.5777504790
-28.5174989848
-27.8543900462
-27.5731787781
-30.4762217456
-28.7923460690
-31.1915840059
-29.9060459762
