-34.3600399703
-33.3603583046
-34.6967578579
-32.6099464832
-34.2192460343
-37.6296493821
-35.5680256725
-35.4784403478
-32.4582132544
-34.1462961205
-35.2701026754
-32.6613376560
-34.3017111452
-31.0463016991
-31.5259159858
-31.9155966792
-31.8810739590
-33.6310069846
-31.1418628479
-32.1065208959
-35.2894217766
-32.4781369307
-33.4415637822
-31.0567593641
-32.4914879923
-32.4174959453
-30.2993230623
-31.6614332281
-30.5900106715
-31.2307607652
-32.7353374728
-31.6701043694
-34.4441802988
-33.3121375731
-33.3116482228
-35.9887090460
-31.7867089990
-31.3353089338
-30.8302793385
-33.0128733528
-32.1194305074
-31.4860660470
-33.8853827303
-32.7433237747
-32.9883293117
-32.6721202603
-32.7225158969
-34.9102958832
-33.7415620247
-33.9575235238
-36.0712259378
-32.3195903000
-32.2488010583
-30.9358178615
-33.1124088743
-32.9134012726
-31.4005327595
-32.6256627431
-32.8369093762
-32.2031021804
-33.5423705874
-31.5807585241
-33.5749061090
-33.4933355652
-31.9450743989
-33.9372451273
-32.1700630527
-32.4278694621
-29.8618216365
-31.5115046484
-33.1052394680
-30.7881185616
-33.7784512415
-32.4799053354
-31.7961918514
-33.8618083223
-35.0848617069
-36.5074430386
-33.6000871026
-32.3959760485
-34.8424854828
-32.1987031748
-32.9336576555
-30.1460777473
-32.0543141278
-33.2517580973
-31.2432353984
-33.1491039090
-32.9864909972
-33.4070436562
-32.7036252992
-30.9774219703
-32.6628212479
-32.5388801963
-32.8627130641
-35.5201726061
-31.0386545770
-31.6124059684
-31.2088511985
-33.3078175311
-35.5525489056
-33.2440048204
-34.8456999398
-31.8027100857
-33.2498097374
-36.4773245039
-33.3521726359
-34.6545025763
-34.7490707749
-34.2418378545
-36.9890806645
-32.3435025909
-32.7519314708
-32.0702349565
-34.0953308785
-34.7662848814
-33.0942095973
-34.7149325421
-35.3436830422
-32.6147442168
-30.9183603731
-32.5835796500
-36.9741398483
-33.7355965662
-33.9869481624
-36.3495372532
-30.5376951531
-31.7616160419
-33.3848661091
-35.2959322436
-34.0956338112
-32.9272313354
-35.4950084500
-34.7975322951
-35.1817951032
-32.9233216831
-31.2612715696
-33.2232293009
-29.8538845259
-30.2074294694
-30.4465135958
-30.8697693873
-33.8744253528
-33.9783508181
-34.7756136639
-33.9250799090
-32.5013838136
-34.2701905713
-34.5547715857
-34.1888193900
-33.6275025500
-30.7960142391
-31.6467396804
-28.9558134375
-30.1874086967
-34.2810404853
-33.1852811132
-33.7085500868
-34.0176738605
-35.7128134244
-35.0456940134
-32.9596438792
-35.2266330693
-31.6968647446
-30.7867942009
-30.8501538224
-32.1507400659
-33.2815931189
-29.3821348283
-29.8840354387
-33.2270910534
-34.6310796459
-35.0711533352
-31.9930465645
-33.7599037066
-36.0376547453
-34.1630907923
-34.8834500624
-33.1002048197
-32.2299467137
-31.5155075168
-33.0740917308
-34.4383236014
-34.1674302411
-31.5221513258
-32.7584704193
-33.3079521800
-33.2614157059
-31.7174383073
-33.6863971294
-35.6738593487
-35.9991278773
-37.0098510002
-33.5129847823
-32.1216326014
-34.2356678480
-28.8391802978
-30.1043040414
-31.0827857217
-31.4883587570
-34.9516747199
-33.0782499405
-34.2108519381
-32.7608900038
-34.0869445498
-34.5122457362
-32.0621528527
-32.9456312793
-33.0666142039
-32.5438669410
-35.0088591642
-32.0774716893
-33.4809191903
-32.8182660480
-32.5152488275
-34.4896461535
-33.0496149991
-33.9750845770
-31.7319907446
-33.3184473765
-32.0568476395
-30.8290015838
-32.8155409426
-33.1318509745
-35.8280988635
-33.6523935466
-30.7990785241
-32.1354147572
-32.2954398086
-31.5013576946
-33.6184572731
-33.7968045891
-33.4787158090
-31.2738950740
-30.7049155282
-31.0707603164
-30.3494895623
-32.1125950932
-28.6562384760
-30.2853492915
