-19.1623648410
-22.7648722930
-23.8341474219
-22.2433572967
-24.5145987522
-23.7763053201
-20.9825131159
-22.2125085996
-21.7617466149
-24.6819576644
-24.2754964567
-25.8168811811
-22.5654011569
-22.8433540009
-25.3693971274
-21.3404947049
-19.5039790003
-21.6237967927
-22.4954740844
-24.7075827080
-27.2739416883
-22.5404014120
-24.3190631639
-21.3945618133
-24.4529868025
-23.7799521766
-26.4373982935
-23.5249497649
-21.5303276640
-18.8282243262
-20.7313620744
-18.4978212754
-21.7450205474
-22.6622478622
-22.0060829390
-24.8804682007
-21.3890015612
-22.7522449026
-20.8133585833
-23.8059176754
-23.8233583549
-26.9262404586
-24.3906848411
-24.4539978646
-21.1461630612
-22.7309955585
-18.2709398233
-19.8668593280
-23.2032929882
-24.4703769800
-27.9891434795
-22.0421785916
-23.3115734683
-21.3799045068
-24.2362523644
-23.1270535174
-26.3793464653
-23.1370244123
-19.3120099648
-19.8615139801
-20.2130472524
-22.0863045649
-26.0439425133
-25.1955484519
-24.3970309089
-26.8653146481
-22.7492246423
-22.5662724208
-20.6422569948
-23.7296587832
-22.8714089811
-21.4106535173
-21.8407966429
-17.8027474625
-21.7035834275
-21.3021128135
-21.3898417472
-22.4347890534
-25.4967585040
-25.9117497352
-28.3758129985
-23.3225981703
-23.8930860549
-21.2727140552
-24.2306144398
-24.1926908385
-23.7683500863
-23.2320923487
-19.8751835125
-20.4800712182
-24.8775696250
-23.6150853239
-24.5650863142
-27.2030074066
-26.6669763099
-27.6765178012
-21.8459944037
-23.6145286548
-22.1490544618
-22.3082769193
-23.6209446281
-23.3809827166
-24.6435990844
-21.2131863881
-19.4606945073
-22.5025943015
-24.9812452661
-24.8631751260
-27.7208819458
-24.9295938753
-27.0783064231
-24.0232722347
-24.1847886896
-19.4460190745
-22.2184960665
-22.9043070104
-26.2207402620
-24.1455381272
-21.4051010361
-23.7270877432
-24.6423653427
-26.8822840852
-27.4759980614
-29.9691867840
-32.6609634789
-28.2121682811
-24.7674133036
-24.5982549101
-24.4480285480
-27.3462430111
-29.3827717459
-28.0001319215
-26.5618183644
-26.6847147210
-29.2760072357
-26.2939957008
-26.4890030850
-27.5403040474
-28.4798796030
-30.6386857861
-31.3263322379
-26.2898180847
-27.2170368609
-24.7586165904
-28.4734416267
-27.2539183209
-30.1044050010
-28.5250878430
-28.5713032700
-26.5436799259
-25.2386167551
-26.4002799243
-24.6477987179
-26.3310338115
-29.7987636200
-30.0763487392
-25.2318525500
-25.4972970713
-24.1386690564
-27.0534866159
-28.2119805691
-31.0715771500
-29.7463031238
-28.0712681261
-24.9615533166
-25.0216661350
-24.1885779393
-24.3549374441
-26.2570210367
-26.1530722487
-29.2955762085
-24.9878683741
-25.8223469281
-24.4400707241
-28.0856691118
-28.7993199966
-30.4295195398
-28.1791912856
-29.2303394174
-25.3176926598
-27.2681380369
-23.6455417580
-24.5523657115
-25.9042036018
-25.0040908372
-26.6934764832
-22.6449431333
-22.6223474241
-22.1062502610
-25.6411009867
-25.2282057031
-28.2701294783
-25.2820242303
-25.6830196801
-23.8657366266
-23.2688728440
-24.2042980938
-22.6358370095
-26.1664362415
-25.1652693924
-27.4267338947
-22.6016845300
-23.9648747395
-22.6648266823
-26.1612643793
-27.1852210981
-28.1532050550
-24.0769367028
-23.1206336542
-25.4937861425
-24.6351001200
-23.0532866961
-22.3125179854
-25.8068753199
-23.4681109581
-24.9173367305
-21.9908896776
-23.8967898678
-22.9920165248
-23.4700696636
-23.0755574686
-24.8522785938
-23.8204364671
-23.1234662155
-22.1034707809
-24.0146451008
-22.8330439170
-22.8223609926
-26.8867439218
-23.0732608633
-25.3144367759
-23.5945104675
-24.5398923762
-23.3034279419
-24.4831804390
-26.3760517495
-25.9640613738
-25.9879659078
-25.5815098848
-24.2538859242
