-35.3407689293
-36.6615233234
-37.6321142781
-31.7547728621
-29.3833167916
-31.8423865455
-33.8983091747
-31.9345312914
-33.1282779148
-34.5476435973
-34.0057326044
-34.1646468858
-36.2158479849
-39.4801532386
-35.9584118547
-33.9781851123
-34.6217314422
-36.0715897106
-32.0683746256
-28.7505788454
-28.8860766864
-31.8600421089
-30.0597819466
-31.7005763212
-33.8243546703
-31.7093096075
-31.6454826417
-34.2830613382
-38.2011584175
-36.6777082354
-34.2212241613
-33.1976521789
-35.1824074417
-34.8090916504
-33.1685395329
-33.9942923474
-35.3198315971
-32.5222175790
-33.6976872173
-34.8147295729
-32.1248366982
-32.2145748009
-35.8681740537
-38.3777696526
-34.2057085452
-33.8288714751
-35.8603534720
-37.6958234151
-30.8020690064
-30.1945172726
-32.2284915983
-34.3599001861
-32.4117557513
-33.3200177166
-34.4335698829
-31.8996888071
-31.7935521900
-33.6783836438
-38.3877884534
-34.6472541905
-34.3809255448
-34.6814014829
-35.4706171656
-34.2657915726
-30.5880778540
-31.6092989632
-34.6197157697
-31.8854884948
-33.2894331267
-34.1116957395
-32.1183598880
-30.4083038939
-33.6274986554
-37.6790999626
-35.8656625669
-32.7178100762
-34.4370561974
-37.7477867857
-35.0118820217
-31.4839442175
-32.3153790181
-35.2818445623
-31.1750728568
-32.5066890160
-34.6716752642
-30.3764130653
-30.4320453051
-32.2785221586
-35.1075933349
-34.9300642106
-33.5556815188
-34.8811262765
-38.9606956291
-36.0493901576
-32.7265524128
-33.0160748717
-36.0399759340
-31.9075443470
-33.0800934271
-33.7431038780
-29.4151778386
-29.9501771257
-34.1389467560
-33.5489509677
-34.8020698152
-37.0563395707
-38.1300843810
-38.9650169607
-35.2115291428
-32.3959268550
-33.1490301272
-35.9046179403
-32.4098656511
-31.4899303857
-30.8196313712
-32.4935204941
-29.3468172295
-29.3352022107
-32.2386333780
-30.2951221290
-31.5045216583
-35.8628403599
-36.4364673841
-35.1744664545
-31.9599983791
-31.8373286098
-34.9759870425
-32.0001525475
-33.2129658282
-35.0871919610
-31.7740130024
-30.4855129968
-33.3173456851
-36.3485197095
-36.6585380113
-31.4791594200
-32.7169142145
-36.5936404293
-34.6531859844
-29.2888223691
-30.1127343952
-32.2521592137
-29.0442491920
-30.1598055357
-32.0304911721
-28.4697779691
-28.5984326304
-32.0321663537
-35.7918880156
-33.6895442733
-31.7467438504
-33.1941645587
-34.1519042761
-35.0171380437
-30.2113624174
-30.1929469357
-33.7905349069
-31.5589525187
-32.3979101563
-32.7396976396
-29.8126921030
-29.7250719416
-32.7858638546
-37.2277193898
-34.3924085217
-33.6801546457
-37.2874399181
-37.6832737078
-37.0214504906
-32.0220401159
-32.0791093428
-33.7794454883
-31.2775043779
-32.1440043357
-33.1679789783
-30.7348994291
-30.2573008066
-33.0207483188
-35.3948282386
-33.7154230452
-30.3140891052
-31.4024616867
-35.6069318508
-35.3578613455
-32.1424094067
-32.6118948341
-34.5191316409
-30.6110878203
-31.9082007045
-33.3694864321
-31.6070230845
-32.3580304425
-35.2322554608
-37.9065094516
-36.7599493744
-35.3622629323
-37.7118918186
-36.9405194721
-32.9414588262
-30.1386494184
-30.9601431315
-33.3198830800
-29.3637970172
-30.8696425074
-32.7470224058
-31.8732650187
-32.6131945989
-35.1702033774
-36.1385871159
-31.0808761998
-32.3830586619
-35.3130039359
-38.2038304448
-34.6025107217
-30.7258645138
-30.3046334539
-33.6015616340
-30.1807325152
-31.7196455702
-33.9054669394
-29.7877493129
-30.8954423129
-35.4457416907
-34.3955194170
-35.3784659676
-33.2053303662
-35.3139153294
-39.2929264000
-33.9809063192
-29.7715152115
-31.1024038764
-33.9187247875
-30.2373602921
-31.5410263821
-32.7277680306
-30.7424986497
-32.0785267751
-35.1451777338
-36.8453208237
-37.6241305652
