-21.9982260975
-21.6189071237
-21.0987333113
-20.8743271328
-22.2283569326
-24.2988365568
-25.5656188479
-20.2218711383
-21.3535855533
-23.5591061121
-24.1170662871
-25.3673944227
-22.1258528896
-25.4828210123
-25.4412867936
-22.7541557106
-25.1149306791
-20.6921956632
-23.5277551306
-23.5152183601
-27.5687059701
-23.6888637862
-19.7542587892
-20.1467592489
-21.0757285114
-23.8124436947
-24.1496704572
-22.5259395926
-24.9496172399
-22.5645286075
-22.7937791198
-22.5170418898
-21.0459517364
-22.2151689869
-24.2894598649
-24.6797335742
-21.9038934761
-19.7691465275
-19.6546261315
-21.4613844723
-23.6958312594
-23.7970497787
-22.6377232287
-20.9168737070
-22.6364182727
-24.0498565382
-26.8715273370
-22.5492227252
-25.6585067069
-26.7582847645
-23.6661230957
-20.5545500663
-19.5133427417
-20.5389981991
-22.8159074856
-25.1733113692
-24.2714767740
-21.4527211082
-24.5287408056
-22.7581132629
-24.8629770362
-24.1861259763
-22.2765284892
-25.2017961409
-25.0946743088
-23.7302775716
-21.4037637160
-19.8959926929
-20.8735736667
-23.4012882917
-25.7613952269
-21.3105561069
-19.0056007898
-20.0598458979
-23.0143506871
-24.8560108654
-25.0531245707
-23.0508865420
-25.3479743400
-25.6375836052
-25.2356858200
-23.5773830928
-20.7425576493
-22.1951443084
-25.5982825513
-21.8463141709
-23.3259705713
-19.6657440470
-21.9247984556
-24.6871579990
-26.0063762166
-28.5133730991
-23.7810978848
-25.8593617400
-26.5878330934
-27.4455494165
-24.3558229281
-21.7439589874
-23.0039862568
-22.8605461183
-22.3509762605
-21.9206350776
-20.3069785600
-21.4998323929
-25.1879725430
-25.0053362039
-28.3869205382
-24.1589345106
-25.2256527809
-26.8039137484
-28.8855847396
-27.1741575782
-22.2313551882
-22.8140419758
-27.4821667643
-25.6503922271
-27.7293835124
-23.7090735836
-25.1216780967
-25.3339928062
-25.1119195009
-26.4971084902
-21.8317630226
-23.7502478975
-26.2782056510
-26.9842301655
-25.4442721260
-21.0172390996
-22.1623446843
-23.4659943138
-26.0797404243
-27.6365319310
-23.3568606959
-27.3168390818
-28.1817778886
-22.4022120950
-24.8047155059
-22.3750762789
-23.9633316042
-27.3459776330
-27.1732591366
-23.7505404743
-20.8919011382
-20.9231938789
-21.4738163894
-23.8150251033
-25.9751029188
-23.2342077154
-26.7858723907
-23.8741812145
-21.7845740565
-23.8042217804
-21.8173788728
-23.7839278466
-26.2018833276
-24.0039777276
-22.1171377339
-20.3214209561
-19.7165902189
-21.4698860220
-24.4388279224
-26.3642270118
-23.4113148747
-25.6975747247
-21.9271804999
-21.5551319424
-24.2487956181
-22.0511345479
-23.5554023182
-23.8207394103
-22.2761582378
-20.4389189135
-20.1452497683
-20.9980572173
-23.1616150859
-25.5528995532
-26.1956835588
-22.0588308639
-24.0408138797
-22.1014007430
-22.0280960927
-26.0627425027
-23.8066025280
-24.5673259580
-26.5079247705
-22.9831395438
-21.3262503817
-20.4755997250
-22.1397308541
-24.9434925545
-27.7359418982
-27.6193592482
-21.9352121130
-23.7256857104
-21.8694665533
-22.2448564366
-26.8939897389
-21.8844721022
-22.8050226103
-24.4712780229
-23.2800930273
-22.8966573071
-21.5513465720
-23.0039681436
-25.4639097048
-27.9788955549
-26.2453878948
-21.9684648569
-24.1157846582
-22.9177370542
-24.3081006139
-25.7673270221
-21.9804281308
-22.4539554199
-25.2747098279
-24.4504636673
-24.3362345623
-22.6500114415
-24.4213445377
-27.2838866966
-29.8702726936
-26.2919023698
-21.2644157607
-24.2116371059
-23.7381771758
-23.2136548626
-26.9447025560
-22.8627844561
-22.8479769813
-25.5365178560
-26.9953131179
-25.6548702181
-22.4859614719
-23.9907638769
-24.7446260015
-25.9915480433
-24.5915696730
-22.8980308621
-26.9227554423
-25.8119604707
