-25.5952027451
-27.7339585888
-29.0673510754
-29.4416844762
-29.5020005284
-25.7661010431
-27.0690462541
-29.8214991564
-32.2102689841
-29.4572738512
-30.8162498728
-30.2813049807
-32.7401973062
-33.7465668645
-30.2419068428
-26.5974220923
-28.7718074603
-31.5425773025
-30.2720021206
-28.7923900895
-26.4589169227
-27.6929862396
-29.6505555766
-25.2503185262
-25.4095435623
-27.5307888517
-28.3142438233
-30.9920792627
-30.6980309188
-25.7988411353
-25.6166436823
-27.8066534805
-29.9485019361
-30.3555029133
-30.7017942812
-28.6441431661
-29.9456266588
-31.0286150649
-31.4104272725
-28.0978900191
-28.7443337623
-28.1147028115
-30.6139410861
-31.5422834324
-28.3403711530
-28.0757655453
-28.8688470428
-29.0841030274
-28.8432103547
-30.0235529615
-28.1127052626
-23.8682533106
-25.6139690604
-28.8928900894
-27.6290155678
-28.7776421627
-27.8318603667
-27.1668457688
-29.0454169141
-28.9216001256
-27.4649565677
-26.3564646770
-26.6348925969
-27.1366016514
-29.6105684024
-26.6391362421
-27.7815333307
-28.3737701758
-30.5550866315
-28.9984389790
-30.3254672244
-28.7037937962
-30.8951070161
-29.3772930829
-30.8851167004
-25.4905755884
-24.5489933263
-27.6244275438
-28.4274618393
-28.3508003420
-28.1166977681
-29.3805813284
-31.1549912507
-31.7039772089
-29.1768238598
-26.5654755954
-25.6113319929
-26.0337386076
-26.3766317396
-25.7311420551
-25.3293672554
-26.9357077839
-30.8128800990
-26.1891407126
-27.5890982967
-27.3108904732
-29.1473914448
-30.3228120313
-29.7917236986
-25.1612665360
-24.5958715844
-26.2124600990
-27.3484321739
-26.1305205695
-24.6198149545
-26.1866732349
-29.5561116454
-31.2210397255
-29.1604162778
-30.0124997860
-29.6425615074
-30.8429947606
-31.7522950358
-29.4091230685
-26.9974608355
-27.6197437437
-28.3275185072
-28.3466188288
-27.1666839454
-25.3773925182
-23.4202941269
-25.5607512144
-24.8344728708
-25.1614995638
-27.2370149227
-22.0540383020
-21.0101201776
-23.3416687211
-27.4418922162
-28.3102189544
-30.3286143607
-29.3758677446
-32.1639836738
-30.8225545438
-30.7031950242
-28.5213659270
-30.9421872182
-29.3666166316
-30.6263574653
-29.5667673842
-23.2971375455
-24.4134656793
-26.9981845114
-29.9597052753
-28.4140305070
-28.9504137206
-28.5580040050
-29.6962622253
-30.6085957496
-25.0064948819
-25.3072013529
-28.1614166427
-30.0057718259
-29.3777876140
-30.5349338100
-28.4184036103
-24.7244848301
-26.0662391864
-25.9406617509
-25.1178305905
-26.9326616251
-25.8387830037
-27.7651607015
-30.2925834460
-30.0712584549
-24.7417649614
-26.0261782183
-25.9865354093
-28.0761228484
-29.9979227482
-28.3239532140
-29.2455055267
-30.3756156007
-31.6201100528
-28.9660380798
-30.0377222050
-28.5311348719
-25.2122991269
-27.1778523334
-28.5514145628
-27.0488209507
-22.0641114780
-21.0172649995
-24.2822917336
-28.7182219608
-28.6910965049
-30.4703624541
-28.8448221164
-31.9127938927
-30.8462364036
-30.6905443311
-30.4614582971
-24.7605235159
-26.0736144422
-24.9927619170
-25.3386533205
-22.8029512687
-24.2498558804
-29.3483694269
-33.1374539359
-28.9323516553
-29.1212149185
-28.5781257548
-29.7538531746
-30.6847873069
-25.0035173337
-26.4261535336
-27.5457866348
-30.3645663005
-29.2465528483
-30.1784268604
-28.3830549408
-24.6885522970
-27.1829840645
-26.7319308787
-25.3041383627
-26.9974504783
-25.8648054784
-27.7622401154
-30.2595119549
-30.0476775726
-32.6339817535
-29.4178213832
-29.9679919189
-30.6624518142
-30.5144094395
-28.4848029320
-29.3017695263
-33.3499459405
-33.1965245961
-29.1942839379
-30.1087846146
-28.5479256518
-25.3873802473
-27.2606268698
-28.5251461188
-30.9329684746
-25.2125269626
-26.1468142230
-26.0401273894
