-23.8399704856
-23.9939938812
-24.7334148901
-24.5353962878
-25.2076360304
-23.5670743110
-22.8936577519
-26.5435245874
-31.7828783186
-36.7870191503
-39.8810811875
-39.5681876477
-39.4239009127
-39.7009150165
-42.0745347975
-28.0541822015
-28.2472192212
-29.1226286065
-26.2068260599
-24.2464511294
-24.0549222850
-28.2460268951
-29.1090134476
-31.7135895032
-35.9849003719
-33.3410624985
-31.1108199690
-33.7543900678
-37.5161543514
-24.0747333285
-25.5300203345
-26.6552667904
-25.8976957337
-23.7215546915
-25.7771775344
-30.0905102309
-32.8313193571
-28.6099583277
-30.7181138284
-33.8730427356
-33.9072495802
-30.7264185941
-34.8719178779
-27.7209389401
-25.6220330430
-27.1522985004
-26.0383550957
-24.2283385731
-22.4573601822
-26.7732721787
-32.3977314947
-34.6217107243
-29.6258199206
-30.2997813477
-33.8090578393
-32.6088305434
-28.9277455153
-24.7854611337
-24.8718540471
-24.7605118718
-26.3963819416
-29.1054546292
-24.8662601388
-28.3254432752
-31.9104286896
-35.3528797721
-34.2613019470
-26.8502431011
-29.1107210046
-32.9862307800
-31.9604217050
-23.2306709027
-23.8869212467
-23.7672600572
-25.8305572018
-26.3979302677
-26.7565241345
-30.0817588346
-33.6886393562
-36.4864319093
-38.4110482782
-34.8058318834
-25.9744297306
-28.0538753895
-32.5046047332
-27.7074428821
-25.6480801157
-25.2702383313
-26.4422141715
-27.8387851042
-27.9563477573
-30.9882317560
-34.9114856066
-33.8449010353
-35.7267729413
-36.5007047217
-32.4841049686
-25.2550709557
-27.7227474758
-27.3990673172
-26.7222693866
-25.0906973594
-27.2593970167
-29.5551135178
-31.2831461860
-35.1211372752
-38.2701792486
-39.4369205609
-37.5608305068
-37.3958782990
-38.8566484977
-34.4013463433
-27.4886669063
-25.7894735160
-26.1090925806
-28.1594903034
-27.2489251140
-28.8442421391
-31.3931652698
-29.0381050916
-31.0033214498
-31.1659796937
-31.1415081376
-31.9556692881
-34.2607698680
-31.6465713780
-28.0822048168
-24.2641468272
-27.8597224387
-31.3416446346
-35.1650004330
-32.2340712529
-30.4367757154
-30.4910680620
-34.8978484312
-30.0451375917
-34.0568687245
-33.3504275368
-27.6445480095
-24.4688532607
-27.4448503442
-27.8773236374
-25.2613263952
-27.0071702280
-31.2486558209
-31.1327450867
-32.4081710364
-32.0425528194
-32.6332917465
-26.8388753389
-29.3504640781
-33.1417299429
-35.3013086586
-26.2777525430
-27.3067257882
-30.5711640830
-30.6205344177
-24.5803999808
-27.4202946375
-30.4702291090
-32.6348115880
-31.0300533501
-33.0577708870
-28.2650456702
-28.7503988982
-29.7332226507
-32.6370693448
-33.8127266957
-27.7459076200
-29.7162700471
-34.0853677387
-30.0566464568
-25.2757739782
-26.7727103418
-31.0819118687
-32.7049418899
-32.8022584918
-27.4165947140
-31.3729166403
-31.2254076545
-32.1777761902
-32.2255490010
-29.5471142730
-30.6573498506
-29.6038689179
-32.7153853076
-29.3364281790
-22.7188199962
-25.8279693216
-29.6616346367
-32.8713531241
-34.4793282993
-34.5998568245
-36.5931484874
-32.7138421604
-30.6921832717
-32.0409617799
-30.0173635488
-28.6498820616
-29.1083545029
-31.8538902413
-27.8774828690
-21.8696141347
-24.1436363866
-28.8292702432
-30.0911122244
-29.5799695732
-31.1969811405
-34.4710092942
-34.8444118236
-36.8380012306
-32.8901854546
-32.9343308313
-28.5430191656
-28.0905419480
-30.0216525033
-28.3431622706
-21.5772926701
-24.3758734916
-27.4889543039
-27.6328164691
-27.5924085591
-30.9460903956
-33.1448706159
-34.2579722680
-32.7558152245
-35.4372284968
-38.0269719224
-27.5038329700
-27.0938349935
-31.2041829064
-28.7742904739
-23.4303918966
-24.4022222087
-28.9515257623
-29.2049539169
-28.4173524156
-28.9778874256
-31.8486135095
-33.2982557305
