-19.8306030983
-20.9625298844
-21.1635312344
-22.6379368315
-19.1263986391
-19.3660175142
-18.4632065897
-18.7045356190
-21.7384219858
-23.7728150780
-24.9960902937
-26.4875764633
-25.8593992430
-22.6146536497
-21.6547476542
-18.6154175529
-20.1719129830
-21.9691560940
-25.4199714249
-20.3061487256
-22.7790622618
-24.7043254809
-19.4297732666
-20.7775942542
-22.9300148256
-22.6064058856
-24.7601377284
-27.8173467550
-27.0616087696
-21.5735680993
-17.1919886364
-18.6443606551
-19.6049346928
-22.8495731837
-20.0266993163
-21.1171358405
-21.3309211404
-17.0415719913
-19.1412642971
-21.0510704762
-23.1587152070
-25.6661331143
-26.1333349665
-23.9057030944
-18.5251965543
-17.4218179319
-18.7459481725
-19.9368718304
-24.3868062268
-24.7679440852
-21.7070891641
-21.2988865838
-17.9510953783
-18.9434152554
-21.2620686237
-22.3298848605
-24.5415287373
-22.8333559120
-22.3361454385
-17.5516247480
-18.1392854847
-18.4281673370
-22.0132989530
-26.5553674497
-26.3163053135
-24.7316257347
-24.6763882498
-20.7124960468
-21.9809290545
-23.5151250968
-24.2678972382
-23.8305562541
-22.6024651547
-22.1968609424
-18.3211878553
-19.6853466143
-20.3975840359
-24.2295127263
-28.0164514853
-26.3712035323
-25.4415573383
-23.3376334023
-20.6116684669
-21.9546968489
-23.3660547842
-22.1961320914
-25.0106919268
-22.5286530158
-22.8356279092
-20.8705365401
-22.5792660813
-23.3619121175
-26.6255507978
-28.3113089789
-26.1696041173
-24.8102433790
-23.9736920725
-19.3688215463
-20.6575511649
-21.3866634832
-22.4383491734
-25.0077985314
-23.5316893569
-21.8079374476
-22.2971628386
-23.1912247273
-21.9962957894
-25.3998263161
-27.4723486257
-26.1081332709
-25.6543652946
-23.2660064814
-19.4997572863
-19.8735315748
-23.5173569406
-21.9479378931
-25.7698799341
-28.4414899606
-22.8678294247
-23.1686407419
-20.9348619118
-23.1714059716
-24.0373948563
-23.3875048441
-25.7904936375
-23.8033013217
-25.6102134320
-21.5084271314
-22.9885715659
-23.5537542541
-23.7419379400
-26.3078490762
-29.3026925552
-24.9969654106
-23.1846637882
-20.2968858665
-22.2262635604
-22.5037879176
-23.3823782800
-23.1278703974
-21.6795895514
-23.5062468178
-20.2262662380
-20.6560947258
-21.2486088132
-22.6851775724
-25.5215304284
-27.6401554738
-23.7202276957
-22.4832544018
-18.8746585063
-20.1910276203
-22.6773815774
-26.0623373024
-24.2933850506
-24.5529431037
-23.2055985593
-17.8031539132
-19.1454600364
-21.7816598548
-23.4033311422
-25.1778424119
-28.4158196053
-26.3864860874
-19.5085824878
-17.9980565082
-20.5602630298
-24.4991374890
-26.6656170010
-26.2600076545
-25.6751097708
-23.6951722051
-19.0965428635
-21.4332815481
-23.8061856187
-23.9250196120
-24.6007689987
-26.6419299548
-26.0024134969
-21.4726628689
-17.9149505417
-19.6132096820
-22.7553454152
-24.8946827659
-23.0322729752
-21.4741452024
-20.7044022317
-18.4575078323
-20.3080568855
-21.7872991012
-22.8298385122
-24.2036546898
-24.5120419349
-22.6883091447
-20.3014117700
-22.2897306191
-23.7787650272
-25.3243054120
-26.7369461072
-24.3220290630
-23.6446718025
-23.2011089879
-19.7947624973
-21.4361438612
-22.8699926711
-22.7090665683
-24.8520714619
-26.9960523162
-26.4999720612
-17.6959207519
-18.7656905753
-20.5688474297
-24.4050650781
-26.3894105919
-23.4881977560
-23.2058342661
-23.3178974763
-18.0352214964
-19.9946685918
-22.1139245410
-23.2830938651
-25.7198273617
-26.3018214869
-24.9875887318
-23.2072647681
-22.9191273856
-24.3680230066
-25.9622437392
-26.6148290940
-23.8555974314
-22.9577345848
-22.7195669061
-18.1235951339
-20.6376029038
-20.9375055001
-22.0721974566
-23.8116695393
-23.3544035637
-23.9377841923
-22.7959422364
