-33.2154540269
-29.7740875528
-31.0934621716
-33.7475015837
-33.4024802450
-26.6845826900
-27.8625083969
-31.4527278686
-35.9460265559
-33.8379775946
-35.7342634192
-38.6132275850
-41.2429268084
-38.4102870537
-37.2917159453
-34.1208212732
-30.3783381027
-30.5706592004
-29.3410666853
-28.9633323979
-26.9479416275
-30.4821367052
-33.7542127120
-36.7906543507
-32.5620662230
-33.1157786881
-36.3783922658
-37.7697740122
-34.6585235498
-34.9800183767
-29.8541188516
-29.1549893757
-29.8669766821
-27.8412577660
-29.8817712076
-30.1924342845
-34.4562290034
-34.4589334023
-36.5858690348
-34.4550095148
-35.2997189104
-39.7010975463
-33.9311502193
-29.1941208221
-30.0911225799
-30.1090551722
-27.6287178118
-28.6260319082
-28.6440227697
-31.2357734025
-30.5406248115
-33.6873978466
-34.4722223241
-36.6009885004
-31.5699047174
-34.2362827792
-37.1341739385
-30.5206907732
-27.5972632515
-26.9149814666
-27.5854695810
-28.1556803425
-32.0305740181
-35.9287943287
-34.6499508196
-30.7049440079
-34.0022786415
-34.0617079016
-35.8741874116
-32.4254369320
-34.9106506004
-33.8915203668
-29.3831808572
-29.2541896121
-29.1222570549
-27.5758352697
-30.3538872673
-33.4503695567
-35.7908471700
-36.4259255747
-32.9633787569
-34.6676400335
-36.8999717514
-37.7304186314
-33.2430791894
-35.0389453335
-30.0093513546
-30.9464697139
-30.7330300492
-31.2447811373
-30.8694431529
-32.6039344270
-36.8435640634
-38.6610327430
-35.9226191573
-32.8526903797
-35.4477470125
-35.7953717478
-35.7025603044
-28.5156542102
-29.5777881953
-30.1943114344
-32.7560857986
-34.2485023808
-29.2976669846
-29.5591552206
-33.4487642671
-37.4185995698
-38.0492931802
-37.6346581375
-35.1821860674
-37.4190889244
-36.9902263800
-31.4153492929
-27.7440110556
-29.9885007545
-30.7657934281
-34.1653200573
-31.6984791011
-27.6942614096
-31.5374779227
-35.8585203353
-38.4467891974
-37.7327242910
-36.1860738119
-33.9908112052
-36.8473481367
-37.6849048885
-41.8183842581
-37.2396114605
-35.3198769067
-37.2538829733
-36.4010578805
-38.9408172729
-34.5476539519
-36.3350145898
-40.6210947094
-34.6997625918
-34.2405976395
-35.6310875337
-37.2046770684
-40.1894928559
-41.8914143758
-44.4225332629
-38.1967037443
-34.0094118163
-37.5799269373
-41.0595177220
-41.1754193626
-38.8218940564
-41.7500884085
-40.3848924231
-35.8868186862
-33.2451790115
-31.1152228681
-33.2005339241
-38.3492072107
-41.3794512028
-44.9394792842
-36.6367695544
-36.8088031553
-40.6677347388
-42.4370213083
-38.8434579711
-37.5744832114
-38.7791054077
-42.9124953148
-37.0474224630
-36.8689819655
-34.8669686955
-36.5666677433
-40.9560453835
-40.1769056111
-43.5748789414
-37.8974926627
-36.1059415493
-40.3160618938
-34.1413443389
-37.2901559619
-41.8267757637
-38.3365681786
-36.0609844734
-36.8787327827
-36.5400161116
-35.8599806342
-36.8311994850
-41.4114675857
-41.6039426712
-44.8601160355
-38.8549176318
-37.9366758890
-33.8563205796
-35.0378876642
-37.8149447119
-41.0148493459
-35.1085008378
-37.9377283807
-37.6533946691
-39.2405332311
-38.2778885013
-35.2678410340
-36.7153431292
-40.9287412860
-44.7455750139
-41.0371744687
-35.3145898174
-34.3501765540
-35.9036379420
-38.1460789830
-36.9239759606
-39.7640001684
-37.7503643091
-41.2395336926
-43.0222826146
-41.2614134917
-36.0486483555
-38.4389194064
-39.9588055067
-44.3209730459
-30.8677122791
-34.0020015969
-34.5505344062
-37.1715136693
-36.7191168508
-33.3222987794
-35.0899118829
-38.1387127864
-38.7576101195
-42.8414199802
-43.5421764350
-37.7499345034
-38.6285852486
-41.3188620085
-35.9684177123
-32.2481925976
-32.6185878446
-35.7043338910
-38.6591089901
-34.8512550109
-35.7074214813
