-27.3845355891
-28.2390801583
-27.3540467920
-25.6599048638
-26.1288997474
-25.8930844190
-27.6031354999
-29.3622448154
-33.3234147067
-32.7923989291
-27.1554404638
-29.5204509746
-31.9778649606
-28.1126521857
-31.3313863327
-27.5742442195
-25.1643618940
-26.3367481189
-25.1299621524
-24.7072655437
-24.3313837475
-28.3340121366
-31.5983700706
-35.1220797409
-32.7100930451
-26.6655445075
-29.3811664764
-33.6492697052
-31.5215687611
-26.6729922617
-27.4147512263
-24.8495392647
-28.1266570107
-27.8987050177
-28.6020276824
-29.0154355971
-33.0247783650
-31.6504137142
-34.1025805561
-30.3323065226
-25.5602282051
-27.8836904034
-32.4346983922
-28.5649727613
-25.7732795359
-25.8364915789
-21.4532026922
-24.3599060659
-27.9448401794
-26.8781194227
-28.5785646189
-32.9014833086
-32.0284767942
-33.5193360247
-29.3772141106
-25.4195908447
-27.5546260633
-25.8174119760
-23.4354356046
-25.4547414451
-26.7164709346
-23.2888457264
-26.3444573833
-29.8949306680
-26.5098278122
-27.1876795425
-30.7016557543
-28.2681358470
-31.9093321737
-29.6564795900
-23.8473366810
-24.7512762904
-26.1272219557
-24.4544963033
-26.5202582839
-26.8767225638
-30.3316229772
-33.1527960726
-33.4753887201
-27.1369939064
-27.4433175620
-30.2439445570
-30.1115343142
-32.0666631896
-29.4546122266
-24.0979051327
-25.7448439514
-30.2616583690
-24.7251631938
-26.7041257550
-25.7778041145
-25.5454077876
-30.0122059072
-31.2166627312
-27.8603956301
-28.9537731737
-33.0808611160
-30.5056075505
-32.0897741379
-28.0351984001
-24.8359305725
-26.3349175848
-29.1980447101
-22.2381996718
-22.4790639213
-25.7960305883
-29.6874137278
-33.7728754600
-34.3059819858
-27.4503950615
-27.9884314821
-31.0919229064
-29.4619797121
-23.0594515206
-20.4920552107
-23.0579446228
-23.7120731432
-22.6419811260
-24.0320456519
-21.8791940762
-24.9789357347
-30.2963079585
-33.1787188611
-31.3542785003
-30.4546746620
-27.3460048237
-29.3150998787
-28.8276805028
-32.0281350212
-29.9256848583
-27.2867632732
-29.7165082465
-33.4884239052
-29.8918754521
-31.0892780713
-34.5653819990
-35.0362590744
-35.1517969612
-28.7794053891
-29.0416470799
-27.3242777880
-30.1454382209
-31.1031404956
-33.7345777323
-30.8649483476
-26.7673054462
-30.1010352185
-34.2983037929
-33.6606918440
-31.3643218987
-32.1778176236
-32.9587972154
-36.9695583143
-29.9223564726
-29.2863665447
-29.9392430565
-33.4205177019
-30.8798296108
-33.7232358654
-30.4607553354
-26.9244228817
-29.8728838726
-34.9123788659
-37.0578011532
-35.8127567365
-32.5446812339
-27.9760863087
-30.6883331733
-28.6188042342
-26.9100257913
-29.1730346055
-32.4242653320
-31.6001617789
-34.1544274217
-31.4314539382
-27.6480032610
-30.4708466283
-33.6965997659
-36.8286064257
-32.8718722530
-32.7512039156
-30.0818106237
-34.0999525404
-32.8789963624
-27.7516724102
-28.3750479369
-30.9580290724
-28.9239381458
-32.4780709080
-31.8774413503
-27.9100300588
-30.4054557996
-35.7350828796
-34.9519854301
-35.7636349768
-31.7762539293
-28.3728199530
-30.0973145787
-32.3998740415
-26.0344506247
-27.3212316247
-30.5541156806
-29.9916802548
-32.9530945633
-31.7080201972
-27.0321440906
-29.8476782836
-33.6605688503
-32.6147584576
-32.8292493123
-32.7344377331
-28.4264378214
-32.4432232409
-32.0695695247
-25.2346902854
-26.6395660473
-30.3707492459
-29.4575457538
-32.3767229631
-30.2110271265
-25.7947049360
-28.1020909506
-33.2249692194
-30.5407853389
-27.9648764863
-29.9325953509
-30.6429229838
-34.3587052710
-31.4932121525
-24.7946280966
-26.6705027720
-30.0303158765
-30.0308997373
-31.4899821653
-30.1550142765
-27.9962714947
-27.7800523303
-30.3038398681
-30.9188665484
-29.6255377028
