-35.9679633170
-30.5129284381
-33.4221113320
-35.0730240153
-33.9461195196
-37.2532395570
-32.7674535526
-33.4649349423
-33.7676518141
-36.7684068963
-37.9871699018
-34.2098693494
-35.9852473262
-32.5930094154
-33.9111618198
-33.5095709674
-30.6604024849
-33.7945597646
-35.6502292769
-34.6754179108
-37.3474582072
-33.3874617512
-34.1733594460
-34.5124023844
-37.5933323710
-37.1088026526
-35.6861682695
-37.9202398260
-32.9452985711
-32.8845850905
-36.1414287265
-36.2387142531
-38.5859079462
-42.3253788518
-46.9269834547
-48.3765006594
-43.8261929209
-43.4698673777
-40.8316745731
-43.1433457693
-44.9168615983
-45.4430108151
-46.4687883475
-38.7910194854
-36.6043168843
-38.7328485823
-35.9352607881
-38.1263119544
-38.7825943287
-41.4739119208
-45.7459308055
-43.6408471435
-42.6833342948
-40.6396564845
-43.5895686140
-45.4497465423
-45.2311907800
-44.5984428214
-38.8193618480
-38.4203408165
-38.7905689740
-33.4588840472
-35.8312071662
-36.6206105385
-38.3591302205
-40.7376242349
-35.3126039187
-34.3190689538
-32.9648532926
-36.3630643690
-37.4702871980
-36.1031089958
-38.7274113206
-31.0263844952
-32.6540206524
-34.5599343926
-31.4225666060
-34.3132847302
-36.4826517272
-38.8125212488
-40.7459251156
-34.5890910480
-32.9241864689
-32.9787985708
-37.1052684208
-34.8676444637
-34.9874027071
-38.3864744519
-30.8350472924
-33.1909086697
-31.5496198511
-29.8402305342
-33.7999245212
-37.0652592662
-39.3496408853
-42.1367991655
-34.7508974279
-33.7205832656
-33.2525024839
-36.3379274007
-35.3318479389
-34.0110870103
-37.0279829620
-32.0045567300
-33.6696646156
-35.4380738712
-32.2421339384
-35.0836667869
-37.8771378970
-37.7383583269
-40.8908410042
-35.6485333638
-35.9548025594
-32.4354363140
-34.9612404153
-36.6262678775
-33.8656428906
-36.1760977273
-32.0815703420
-30.5873127560
-33.6261963059
-32.7267750807
-35.6932612932
-37.6277308072
-37.8760323210
-40.7552862598
-38.1148082674
-36.5652825370
-34.0847877753
-37.2235301126
-37.4398916226
-36.1216901836
-37.7008062817
-32.4283976460
-33.4141781162
-35.4174019270
-33.9657053032
-37.1818794026
-35.0556118314
-37.3204764522
-41.1929389895
-36.4718471141
-35.9452640517
-34.1625522453
-37.3352968658
-39.5765519611
-37.5027411583
-39.3247991001
-33.6135676213
-34.2957922994
-37.5833174590
-34.3487809886
-37.0664062606
-35.3972931261
-37.0870859769
-39.0452320682
-36.8599431669
-35.5204677757
-33.3112339536
-36.0116050848
-39.9938538169
-39.0300362125
-40.8432145047
-33.7723640986
-34.9955987248
-37.6525674307
-35.6599231300
-38.6759955540
-36.7598652255
-36.2339229881
-38.4123920582
-34.7715396021
-33.4792647125
-33.2342656528
-36.2892898221
-39.2091770745
-38.4032199077
-40.6209989111
-34.8905625102
-36.7755193516
-37.3979897701
-34.8053787793
-37.6179631562
-35.0122716947
-34.7125013184
-36.1644542299
-34.3087096789
-33.6341787291
-33.0402823319
-36.6457021823
-38.3136423709
-38.2879746189
-41.0780380433
-34.8459705097
-36.8564335402
-38.9284475090
-34.5122198444
-36.8504797384
-36.5470858425
-35.1311470287
-36.6998378801
-34.8812207876
-34.3318607553
-34.4662957139
-38.0324091853
-40.3819873756
-35.1588822271
-37.3562354959
-36.3624908757
-36.3759351477
-39.3351985040
-35.2096028001
-34.7761030192
-36.1573107064
-34.2834121794
-37.9428601030
-34.5751043442
-37.3258761621
-38.5658095088
-38.3000492179
-41.0666275668
-34.8650876568
-36.8368102118
-39.7609488361
-38.2301299489
-39.7033824995
-37.1004901173
-35.2039558219
-36.7628686645
-34.9086258721
-38.5435089598
-36.0524039554
-38.6600501477
-40.6374712246
-35.2035700302
-37.3648470792
-36.3739997419
-36.3968103410
-39.7244868300
-40.6839131803
