-35.3733691776
-33.0277986343
-34.9772803265
-35.4339674464
-35.3879759954
-36.4602100825
-33.9763545654
-31.4158218140
-30.4692516985
-32.6528788234
-36.1578401892
-34.5768662751
-36.1953171419
-30.3085197917
-30.9319405731
-33.5263099527
-30.7277300067
-32.6852538177
-35.2228282917
-35.3325767918
-35.3622745858
-32.8009677924
-32.3756847013
-31.0492041578
-33.0426798956
-35.6193831826
-32.2775059031
-33.9640249191
-30.5267080042
-31.7312800101
-33.6974321785
-31.2213698402
-33.6595435308
-36.7245942438
-38.8021024346
-37.7172617569
-33.2231283226
-32.3590699848
-31.8407579588
-33.8821397851
-36.7987235084
-33.3801408648
-35.4650724403
-32.5751816680
-33.3129686918
-34.6423231136
-31.5139255260
-33.4770004701
-35.8739815775
-37.9748687458
-37.3253907001
-32.9748656111
-32.5364152933
-31.2469909840
-32.5733524198
-34.8165847122
-33.6016483755
-35.6150786740
-30.8852137850
-31.0173793557
-34.0587860080
-34.2649060726
-36.2129856501
-36.2614497634
-37.2894607762
-36.7777408609
-32.9876625895
-31.6279785409
-30.9119185066
-32.8083029095
-35.2128975234
-35.2246484796
-37.8067422137
-32.7081537496
-33.1847088995
-34.1265925327
-31.4206622717
-33.5098984837
-35.6606493964
-37.6208876265
-37.1582286254
-32.9038161558
-32.4559024136
-31.0442187112
-32.6641365453
-35.4268407515
-34.9039757209
-37.1733739849
-32.4201407757
-33.0727453554
-34.7094810446
-31.6695010891
-33.9138584320
-35.0515973267
-37.2017254107
-37.7627224234
-32.8027400763
-31.6716656367
-31.8394232483
-33.7793574553
-35.5579537977
-36.0890795717
-37.9394139352
-34.3146751274
-34.3907915904
-34.6666794550
-32.1232081100
-34.4606733148
-36.7775194929
-38.4661807915
-36.8199430539
-32.9817709362
-32.2255904276
-31.7312243543
-33.2831103726
-36.6879911212
-36.6481463731
-37.8195974511
-32.4145533454
-31.8641783193
-33.0427951240
-30.7176283585
-33.0635525000
-35.9028469539
-35.8808674791
-36.4704877949
-38.2999857815
-36.9100047936
-35.3413553763
-35.8548864366
-38.6915590678
-38.2441865619
-39.4934473425
-36.6739772361
-37.1302953610
-38.8797426113
-33.9355854666
-34.4343492175
-33.8728809199
-35.0594476914
-35.8713535620
-35.0581997138
-36.4278700410
-36.3603742300
-37.7083964324
-39.5085253798
-37.7072196571
-37.5766956588
-34.4330960599
-36.1317283892
-39.2014548777
-32.1846646800
-33.3516314956
-33.0792584249
-33.7256541566
-36.1952148785
-35.2801214720
-36.2621682554
-35.7111511789
-36.7506361217
-39.7438628929
-37.6203011794
-37.9960416963
-34.4375960377
-35.8307191065
-38.6644426788
-30.4933413428
-30.6124057113
-32.9816298288
-35.5921658108
-37.6421434306
-35.9771794669
-36.2034691529
-34.9092239678
-36.4036729332
-39.4666727221
-39.9252770439
-39.1597718159
-33.2048876099
-34.0875931363
-33.7120571227
-29.5622997652
-29.9786890880
-33.3384318968
-36.7611908816
-38.3052068492
-35.6642794083
-34.4450412026
-34.6700466728
-35.7979311379
-39.0789249445
-34.4220674792
-35.2211349684
-31.5209240572
-33.2948483717
-35.4925137886
-35.0287207021
-36.6223879995
-36.6694202974
-37.2614821905
-38.3649985769
-35.1482459131
-36.4395407275
-34.7701712244
-35.2866008745
-34.4590732206
-31.8589391294
-34.2363941057
-31.4190401509
-31.1286360701
-32.5306647546
-31.3435515641
-33.6131054559
-36.1365390801
-37.3419497491
-37.5584018684
-35.1204226775
-35.6001068014
-34.6995489858
-34.2842691894
-35.3824908355
-32.0310970330
-32.7280994419
-31.1597825083
-32.6418929698
-33.8993318965
-32.3564225670
-34.0617363759
-36.4526419382
-37.6071689063
-37.0084411938
-34.7737403969
-34.5343507898
-35.2108999759
-33.5792572197
-35.2256556575
-35.9960648872
-35.0308269935
-33.7743098661
-33.4472366627
