-22.4581447009
-24.5177769671
-28.0863565507
-30.8946888665
-31.0761626210
-29.3528267026
-24.5474346394
-23.6124741530
-25.3380422751
-26.5070276246
-30.4532195383
-31.7819604675
-29.0032380075
-29.5608731334
-25.2807374204
-23.1193869815
-25.1447359702
-27.8674045197
-30.4982659598
-32.3934218286
-28.0045840251
-26.2416646661
-25.2441524186
-25.5333292977
-26.6419027786
-30.2345406795
-30.1238393561
-30.3546536658
-30.3142418721
-24.6728476674
-22.8226975962
-25.0412739420
-27.1202329040
-31.3561957688
-31.7377930828
-29.7753601310
-28.0798227803
-26.6701506463
-26.6308211220
-27.1768775164
-30.7046190552
-32.8055260309
-31.8981508410
-29.1547809416
-24.0628412641
-23.5188367342
-25.7759709790
-27.7488243254
-30.3869652313
-32.3897102531
-30.8715999301
-29.2376435084
-27.5135592088
-26.2997592166
-27.5604853627
-31.6584763864
-32.9055353722
-31.5465374441
-29.3050422416
-24.2205322159
-22.7850458494
-24.0490552182
-26.8790321026
-30.8760274051
-34.7055105526
-29.8181604310
-27.1917885579
-24.7611449197
-24.3711780335
-25.7659224046
-29.1750735749
-31.1594316786
-30.4004276332
-26.3134132140
-22.8693674283
-22.4757562530
-25.7435920807
-28.3920795093
-30.8243643745
-33.0504098763
-28.4484354220
-25.6147005037
-24.0042237006
-23.8553009796
-25.8251794930
-28.0861520084
-30.3558097293
-27.6155311597
-25.5986838888
-23.0742382857
-23.8453805642
-27.6184284333
-29.7139372074
-31.4291715856
-32.6161061233
-28.1333849755
-26.2850993252
-24.8250431066
-24.6480045686
-26.1243984705
-29.4780416389
-31.6889897874
-29.6376252505
-27.9018897029
-24.3782684787
-23.9780665862
-27.6341874287
-30.4178825317
-30.8557736197
-32.2044925620
-26.9530668878
-25.0869469423
-23.4323881511
-22.9614306339
-24.3769920186
-26.0663660607
-30.2364501929
-31.0282888359
-30.8842519186
-27.0390286961
-21.7310688048
-23.8808988253
-25.2866031918
-26.0370877019
-26.8295620890
-21.4269588364
-19.3907376537
-17.0648953194
-17.3603911578
-18.7978002555
-22.3422766355
-25.1193180683
-24.6394098106
-25.9005244033
-18.6503131969
-19.1807583294
-23.2584022284
-23.5606518645
-25.1092034616
-25.6450572501
-22.0709598431
-20.2976562416
-18.2928364663
-18.0219118912
-19.1626638973
-23.0272668023
-24.2204584263
-24.3701941453
-25.3184940250
-21.2579467119
-21.5591386889
-24.2985698692
-24.0515951967
-27.1866231470
-26.1456879351
-21.3841222674
-19.5808631984
-17.8423864098
-18.4455808359
-19.7866856006
-23.3279875315
-24.3336259698
-23.5102600960
-25.6937608768
-23.1844269908
-21.1931410192
-23.5725853577
-23.2964578905
-26.2925380043
-28.3951321419
-22.4691305555
-18.9539040720
-17.6924862450
-18.0546040825
-19.0728636178
-22.1925460848
-23.8027860886
-25.0053116319
-28.0925498476
-24.4343654844
-22.6056459721
-24.2948647629
-23.9589843833
-24.4979387296
-27.4512727855
-21.6772929838
-18.7962791160
-18.0879124955
-18.3310591307
-19.7878338981
-23.6009277290
-25.5313265723
-25.6310886681
-27.6222863083
-23.3271615922
-21.7674505657
-23.2913015555
-22.4767789743
-24.1680807636
-27.1457854401
-22.9215042961
-20.0975222548
-18.1645675483
-18.6998363135
-19.8194917139
-23.0456046226
-27.3860373002
-25.3806354494
-26.2801268146
-23.6005833747
-23.2278033968
-24.3279893424
-27.3525942603
-21.6490231034
-18.7853812876
-22.4290863998
-20.6120776007
-20.4355775888
-23.9741491586
-25.7275443985
-25.6696233180
-27.6027768971
-23.3634501381
-25.8427729101
-23.0526394082
-21.9900197224
-24.0689788974
-27.0679704629
-22.9127049936
-20.0766211583
-23.5778594899
-21.2066487306
-20.5190149729
-23.4247229004
-27.6285339751
-25.5279179218
-26.3396479987
-23.5828229466
-26.5756950457
-22.6459037149
