-21.1488066072
-22.8701765459
-22.5267422377
-20.9896605341
-19.7104008053
-18.4624984915
-18.2230504921
-20.0462864089
-23.1847700563
-23.5010879577
-22.6466235123
-20.9940388249
-19.6978834496
-18.4542014872
-18.2182281576
-19.8501902363
-21.6917224492
-20.8128109820
-19.6454785936
-18.4342078944
-18.1962732663
-19.9805084762
-22.3992772757
-22.8537948524
-22.5107074925
-20.9657805950
-19.6776400026
-18.4448623408
-18.2043424235
-19.9975167518
-22.6332413732
-21.7236430619
-20.4109196036
-19.2328537828
-18.8806032982
-20.3946311142
-23.1096957080
-23.9144441500
-24.0125880223
-21.9781393030
-20.4479279430
-19.2418110260
-18.8902609128
-20.3861645198
-23.1109216810
-21.9937856724
-20.4378767748
-19.2259639940
-18.8743569188
-20.3758777365
-23.1035995014
-23.6464583364
-23.7458437186
-21.9164160192
-20.4353717502
-19.2322518001
-18.8764528542
-20.3853010307
-23.1099546252
-23.6640595302
-19.2561356138
-17.2945057695
-17.1323562243
-18.3063001640
-20.4053774784
-21.1142126836
-21.3462918748
-21.8252318376
-18.7679017769
-17.1883872215
-17.0890264147
-18.3066924237
-20.3992722091
-21.1077112712
-21.3435577085
-18.8546092933
-17.4213338169
-18.3678240896
-20.4057542029
-21.0922655620
-21.3233401543
-21.3792857013
-21.9378543701
-19.0748495084
-17.4719741557
-18.4192321166
-20.4374508548
-21.1138010052
-21.3349163450
-21.3821053103
-18.7984333048
-18.0768981558
-19.1128417404
-19.5334735702
-19.8183667191
-18.6596394050
-16.6595085067
-17.7295593134
-17.9731966026
-17.9272258387
-19.0584289797
-19.5142839163
-19.8078792750
-18.6558605072
-16.6599033556
-17.0069263268
-18.7300144170
-19.3900864776
-19.7660214141
-18.6363523846
-16.6328814515
-17.3490596408
-19.6289273057
-19.6676147252
-19.5444659029
-19.6474437759
-19.8426790510
-18.6588872502
-16.6471063680
-17.3531997283
-20.7476052505
-22.7120195359
-22.4964191442
-20.9829481041
-19.7040715725
-18.4613877364
-18.2218115728
-20.0042861442
-23.1194918409
-23.4875297565
-22.6538757844
-21.0050233897
-19.7069339028
-18.4610006550
-18.2191058872
-19.8365388232
-21.6891526955
-20.8164746613
-19.6459485284
-18.4309545988
-18.1968182872
-19.9971801595
-23.0836059113
-23.4804211836
-22.6394256129
-20.9930238692
-19.6912059731
-18.4501869747
-18.2119610647
-19.9868234685
-22.6430129102
-21.7290855026
-20.4154674854
-19.2321987220
-18.8824571459
-20.3892754107
-23.1131198883
-23.6566389625
-23.8111957233
-21.9472815448
-20.4519566958
-19.2525923414
-18.8899981117
-20.3893427292
-23.1101876507
-21.9836412944
-20.4332512178
-19.2294516097
-18.8669428225
-20.3728652343
-23.1023489311
-23.6571153699
-23.7780840929
-21.9264568302
-20.4429062426
-19.2348306161
-18.8786096352
-20.3781070145
-23.0991823733
-23.6530361288
-19.2440182853
-17.2908161981
-17.1251272533
-18.3356820976
-20.4112911487
-21.1157144037
-21.3449921101
-21.3892760239
-18.5631590534
-17.1519562635
-17.0840849781
-18.2767939501
-20.3759243445
-21.1078497920
-21.3359287115
-18.8506478588
-17.4175367948
-18.4036983741
-20.4250383609
-21.1075416804
-21.3303762309
-21.3813311477
-18.5248794281
-17.1431362458
-17.0657406877
-18.2654883269
-20.3742711577
-21.0791345731
-21.3238359809
-21.3796611314
-18.7914037006
-18.1251694004
-19.1240101372
-19.5336781147
-19.8187330870
-18.6595190084
-16.6610102270
-17.3510727228
-17.6402846357
-17.7867502630
-19.0096114212
-19.4983682715
-19.8029443117
-18.6519366158
-16.6545593024
-17.0458920856
-18.7578506141
-19.4068927979
-19.7725241214
-18.6353633206
-16.6372869294
-17.3515944410
-17.6098372570
-17.8015435025
-19.0086404814
-19.4928028446
-19.7957502953
-18.6485965829
-16.6410412302
-17.3559817946
