-27.3084760674
-23.5683870206
-25.3499330512
-25.5606256480
-25.4455641287
-23.4384791798
-23.6208203517
-27.9295757074
-31.5206237174
-34.5652849098
-37.2666437008
-36.0058467754
-37.3571352385
-31.4138695773
-32.2620045302
-28.2919795317
-24.8492479828
-25.7154180125
-27.8353130277
-25.7183204727
-25.8611379182
-29.2916484492
-33.0513096083
-32.4189963697
-34.3477401398
-37.7406678596
-36.8232921544
-38.6718930236
-29.0666817747
-25.9356387573
-27.0386713959
-29.4349280446
-26.6157832109
-26.4167173026
-26.4489304864
-30.3959897826
-32.7162682241
-35.5408070069
-33.7290382032
-35.0717734439
-38.6600268486
-38.3989969832
-40.4495569653
-25.4986162594
-26.1495445109
-27.2827720660
-24.0071779449
-24.0437914331
-23.8712619332
-28.3822704168
-33.5599342285
-35.6350373138
-36.6279495425
-33.4005422470
-35.8405113546
-40.3574692079
-38.8886998455
-28.7277643538
-25.0941577869
-26.4169451481
-24.5252117779
-23.7327671030
-23.3879527761
-27.3489758904
-33.3346633519
-36.8225192872
-34.4746496752
-34.4858154743
-32.9927606755
-33.8843794299
-38.4232536201
-27.7345851701
-26.1690591023
-28.3739578923
-27.8913375329
-21.8139805860
-19.3250361010
-23.8131220478
-29.1271221099
-34.7247079517
-37.2147554222
-34.0993220895
-36.4281237764
-33.9935272445
-33.2359965115
-25.2795438125
-26.0037987156
-24.2747417210
-22.4388696071
-22.4899785783
-21.8509539722
-25.8659964887
-31.8110148414
-33.8944344792
-38.4854843472
-39.5043827046
-35.1720080329
-32.9868482969
-33.3757340953
-23.7096095404
-23.4423758842
-24.3361076947
-23.5491054547
-23.0448136388
-21.3477638194
-25.7037356512
-29.2314204329
-33.5574330872
-35.7790159522
-38.8380310643
-35.5464022089
-32.6082609264
-34.1988071098
-23.6240619907
-23.4541229595
-23.7947454159
-22.8153896575
-22.3842160604
-19.5096661259
-20.1936880159
-25.2500220580
-30.3815383226
-35.1825912663
-38.1141778067
-37.4838816394
-38.6644595082
-34.3692406189
-34.9498519533
-34.4803484394
-38.1518683599
-42.1242494782
-39.9327947021
-39.2601190224
-35.2796152917
-37.0907431841
-38.6056141231
-33.8701143876
-36.2971816186
-35.5860346589
-36.1182569384
-37.8483644351
-34.9754277873
-35.1498615570
-34.3147774011
-37.1175449852
-39.8155997594
-38.9097795857
-38.8674492298
-35.8429063412
-36.8266283022
-38.2307733603
-33.1615617161
-37.1185741731
-35.4794721329
-38.7288729014
-40.1012461609
-34.9135918964
-36.1187398181
-34.7101788248
-37.2276779701
-40.1336936509
-39.2969693901
-39.2524913237
-35.7723812000
-37.8490479734
-38.0684815229
-34.0905111374
-36.8774757356
-35.9819163602
-39.1359669680
-39.3673715432
-35.3683319517
-35.5160739513
-35.3324007238
-38.4234076835
-40.7329171192
-41.6407049969
-39.7093324187
-33.8370118305
-36.0073808566
-35.4888009177
-31.1918740003
-34.6331250817
-35.6673255762
-40.1929040961
-39.1711499240
-35.1740055799
-35.2984100866
-35.6354955965
-38.9018139975
-41.3542559837
-39.8368503832
-39.8343505387
-33.8937211611
-36.2704885589
-36.7601345013
-34.8668923131
-36.1163331873
-37.5830222957
-40.6312934553
-42.0507196196
-36.1001418016
-36.8193941576
-35.5856527553
-38.2055703654
-37.7902595567
-36.4376855908
-40.1504261615
-34.9864149338
-34.5960662814
-36.1126008963
-33.5009166587
-34.9369785927
-38.3078892291
-40.2957511421
-40.1629810544
-34.9724075173
-34.1355730756
-34.1075647130
-37.3088096482
-38.1421084852
-35.6175565234
-37.7628764806
-32.4914815236
-35.1310809993
-36.9496022804
-30.2957525901
-33.4682490755
-37.7057477103
-40.3444832287
-39.4787175430
-36.1880532274
-35.7717507352
-34.8838306723
-36.8688939312
-40.6257435652
-37.4206812653
-38.8264095742
-35.1058456414
-36.4046451742
