-19.8245457793
-19.9467780342
-20.6589325688
-21.1549623768
-20.5445351532
-19.7132734928
-18.9561670113
-20.4753485700
-20.5154160210
-20.1082867437
-20.7056270030
-21.1560666590
-20.5447073333
-19.7140347096
-18.9571612537
-19.4684400226
-20.5195716453
-21.1061681245
-20.5224313863
-19.7012610259
-18.9468731756
-20.3550336005
-22.8702671668
-21.8257613211
-21.0682147377
-21.2400969612
-20.5551546449
-19.7067759638
-18.9449662498
-20.3819842989
-19.9531758771
-19.8677862578
-20.0597656476
-19.4544779097
-18.8205888614
-19.3659579753
-19.5222533896
-20.8587584362
-20.0114257898
-19.8810454114
-20.0578677840
-19.4516233468
-18.8131954784
-19.4349413053
-19.5396487467
-19.9838200331
-20.0778976240
-19.4499792221
-18.8121662822
-19.3479891163
-19.5085631387
-20.6879934393
-22.7114719257
-22.0177070391
-20.4697210090
-19.5390894860
-18.8288793927
-19.4380004130
-19.5330334103
-20.7077876641
-21.2936837716
-20.0575350747
-18.6997521655
-19.5641992798
-21.1910722721
-21.2991339798
-20.6872736523
-21.4749258510
-21.6168604084
-20.1114105801
-18.7075067381
-19.5857295460
-21.1994352996
-21.3120228810
-20.6852139655
-19.6108108655
-18.6043191390
-19.5133647566
-21.1599064016
-21.2945550280
-20.6760845427
-21.1597393995
-22.4095239264
-20.6590620251
-18.7958221281
-19.6056778274
-21.1969717019
-21.3037569474
-20.6798129514
-21.1590636255
-17.9997304401
-17.8519339832
-19.6467149232
-19.9943670288
-19.5197082329
-19.2985100263
-19.4003693775
-20.2652436860
-17.7887011993
-17.8331352935
-19.6263355445
-19.9970261092
-19.5242263394
-19.3034462842
-19.3990320698
-19.5987168391
-20.2088786920
-20.1365488585
-19.5352018426
-19.2971196406
-19.3899971514
-19.7413155279
-20.8524447426
-20.7372265600
-20.4908693719
-20.2082728258
-19.5575722952
-19.3096913689
-19.3918988988
-19.7467890391
-19.8828332353
-19.9744226312
-20.6845291296
-21.1700080588
-20.5620509062
-19.7285017122
-18.9774513064
-20.3926685199
-20.4444429149
-20.1043343716
-20.7182466304
-21.1634121415
-20.5588649293
-19.7183314417
-18.9743352369
-19.3968079690
-20.5038475997
-21.1052826274
-20.5278324004
-19.7041777290
-18.9539364390
-20.3921183203
-20.4046874636
-20.0926144814
-20.7046275823
-21.1531344209
-20.5474648021
-19.7095140140
-18.9539001906
-20.3744536899
-19.9385069192
-19.8607411187
-20.0593837446
-19.4618699979
-18.8222873587
-19.4490859560
-19.5503031926
-20.7080996598
-19.8943149196
-19.8514498724
-20.0591144707
-19.4578567802
-18.8210406720
-19.3662764436
-19.5191800416
-19.9722800902
-20.0791960941
-19.4509579293
-18.8073361803
-19.4278676853
-19.5375903544
-20.7040411314
-19.8651996727
-19.8481719799
-20.0526674307
-19.4464100474
-18.8144564055
-19.3584700878
-19.5119924980
-20.6952172310
-21.2928125151
-20.0610835359
-18.7061021118
-19.5699899646
-21.2019804563
-21.3133006376
-20.6954476704
-21.1671716195
-21.3725253714
-20.0765460752
-18.7133569740
-19.5571670865
-21.1956020296
-21.3132721567
-20.6866781426
-19.6188800224
-18.6046958637
-19.5410779670
-21.1678357427
-21.3077520407
-20.6780872678
-21.1554077136
-21.3556879823
-20.0726441920
-18.6952961991
-19.5569133476
-21.1775542020
-21.2995094097
-20.6798427268
-21.1585690934
-17.9977419552
-17.8805055061
-19.6561097365
-19.9980786079
-19.5318268560
-19.3061066592
-19.4015772265
-19.7465145869
-17.5134630583
-17.7344903946
-19.5922827445
-19.9719201961
-19.5227867593
-19.3035394944
-19.3985957941
-19.6333431407
-20.2305073461
-20.1445817668
-19.5328469900
-19.3023678937
-19.3967587761
-19.7467825661
-17.4895572249
-17.7317368092
-19.5909998095
-19.9755528053
-19.4983423794
-19.2915335003
-19.3929358625
-19.7419563482
