-27.8728922663
-25.8654242899
-26.0238699775
-20.1052314940
-19.3771431928
-21.5564938233
-19.1036993526
-21.3596131409
-25.4360851425
-26.5536948210
-29.7605280004
-27.8327574455
-29.5638803841
-34.1757064601
-29.7478772737
-23.1052190182
-22.6682197981
-25.3646511925
-21.4658494996
-22.7278820924
-19.0472890567
-20.2165853580
-24.6453493615
-28.3502022354
-20.8774794408
-22.2204094623
-23.0816536779
-25.4532177134
-29.6474861060
-26.0840022061
-24.7489188517
-25.4301999786
-28.8895604062
-21.7108991439
-22.3561209437
-21.1605666378
-22.4820518219
-26.1841371389
-25.8910415605
-21.7888876139
-23.7201189834
-24.3249224693
-26.5471533139
-23.1163563493
-21.9527537614
-23.1660839955
-26.6677660124
-29.5664786855
-21.1393923734
-22.6019486223
-21.5542749259
-22.8065644581
-26.9212886801
-26.5174736386
-21.8159975490
-24.0386752150
-24.2086155525
-22.1674039314
-22.7647933429
-23.6858629493
-23.2776760371
-24.6767016540
-26.1634600122
-24.9408270060
-27.5744733559
-24.4710372241
-23.9917257657
-27.0206235629
-26.6585809292
-21.7880176555
-23.7421852079
-18.2687118257
-19.8400082974
-23.5635116045
-24.1437516076
-23.9453821689
-25.4294232253
-28.2732947641
-27.1058435783
-28.5690973063
-22.2426271522
-22.7295754174
-26.4865537383
-26.7446139416
-22.8009407774
-19.4678704005
-18.4961137210
-21.5674641605
-26.3507594272
-25.5148400186
-25.5941787272
-26.9910914724
-28.1707622682
-29.0912827955
-30.6119966214
-21.5544936916
-21.6361186701
-25.5977880260
-24.4969781459
-23.6363333658
-25.0899348443
-21.0292450947
-22.9884473435
-26.1524676823
-26.8573672076
-27.1302970155
-28.4487228240
-29.8637881157
-26.6048206522
-28.6486055925
-22.8415519405
-23.1069913172
-27.1400219357
-20.4877299696
-18.3405613941
-21.2611935274
-22.0684794174
-24.4343706555
-27.5548927505
-24.7859414217
-23.3777462573
-23.9192380019
-26.0086831874
-25.7886643973
-27.4972137586
-21.6745355133
-23.1249627574
-27.7030581077
-25.4307579402
-20.8491293025
-22.8235377731
-23.4959147907
-25.8687060601
-28.2217650724
-27.5994977134
-28.6345541647
-30.8790075493
-29.9626258668
-28.1137499942
-30.5268050960
-21.0306807811
-21.7463695163
-25.7796553621
-25.4991949455
-21.2494024425
-23.3576840426
-24.3904829010
-25.6405572749
-27.8934723039
-26.6140368130
-24.3098677252
-26.3826580286
-29.3577992067
-30.2113326481
-31.0826122490
-28.1440821187
-27.2229595952
-27.8586984241
-25.5569956217
-22.6591279159
-24.2545668834
-25.9570395572
-28.1666571279
-26.4462675183
-26.2947841222
-25.8362766858
-26.7861520292
-27.6410099093
-28.3553456293
-30.4709618358
-20.8677389695
-20.7600022151
-24.5097958364
-24.3194127095
-20.5112862889
-22.3090575516
-23.2838512149
-24.4632710076
-25.8482257165
-24.2443396580
-26.0306665498
-21.4664281804
-23.0114612054
-27.8638288580
-25.5362900103
-20.8605061270
-22.8401499035
-23.4636109816
-25.8560450085
-28.2005377459
-27.5204489965
-30.1288183214
-25.2949105438
-24.3185129740
-26.1695122055
-29.4244975592
-20.9052327798
-21.6906505228
-26.5734450491
-26.0086275188
-21.3195962059
-23.4071877241
-24.4330954990
-25.6504051916
-27.9313091687
-26.5994869602
-28.8892471175
-30.9465189090
-31.7517021105
-30.1786831916
-30.6756837786
-28.0508809901
-27.1139463892
-30.4288243523
-26.5136791966
-22.7835311793
-24.3169245099
-26.0228718488
-28.1707376631
-26.4832551367
-26.2782030638
-28.7939086319
-25.3035156583
-26.7256107061
-29.5800265335
-31.5090721257
-20.9104266579
-20.7444063337
-24.9760669225
-24.8886836633
-20.5710418043
-22.3464723889
-23.3338494288
-24.5710750805
-25.9113225480
-24.2427512007
-26.6817591909
-26.6436388163
-27.0086318198
-27.7524077408
