-19.4641445772
-18.3766699980
-19.0571525143
-20.5031847686
-21.1846588915
-20.9378965003
-18.4154130842
-19.3664913373
-19.0417883614
-18.3386221029
-19.0679894969
-20.4957240675
-21.1796579046
-20.9438231165
-18.4115953489
-17.9558232524
-18.9811874801
-20.4663162446
-21.1667392280
-20.9459475326
-18.4012049983
-19.3702275132
-22.5603691138
-20.6592859845
-19.6621645140
-20.7033640636
-21.2306969695
-20.9633377104
-18.4131216663
-19.3938330012
-19.0274637631
-18.5981361940
-19.0927769461
-19.6155063291
-18.4402147738
-18.1751922190
-17.8508698326
-19.4462041991
-18.9761826061
-18.5761787136
-19.0797780041
-19.6091058940
-18.4370236183
-18.2183097150
-17.8492593670
-18.2199473664
-18.9616936004
-19.5718269848
-18.4131786309
-18.1564983909
-17.8509203212
-19.4241560985
-22.3219904752
-20.8811470124
-19.6300173484
-19.7728801316
-18.4589785093
-18.2225624314
-17.8545192717
-19.4208782055
-22.3899070546
-23.9775798229
-19.9703563279
-20.0121895949
-21.1983012418
-20.2477667703
-18.7617576748
-19.8858353767
-23.0789350430
-24.2130676364
-20.0017461631
-20.0197668089
-21.2061308997
-20.2495623615
-18.7713039550
-19.7652524226
-19.2964969407
-19.8117410215
-21.1200007786
-20.2073446064
-18.7344833283
-19.7569204676
-22.0813307755
-23.2285348409
-19.8770153577
-19.9814884796
-21.1787180349
-20.2332130306
-18.7534451355
-19.7599446213
-16.6362227703
-17.0574889851
-19.9429059234
-20.8600426677
-20.2799825508
-21.1862602893
-24.4019490480
-23.8321317695
-17.0260836049
-17.1493903851
-19.9751696047
-20.8732578048
-20.2829678668
-21.1977419753
-24.4020047153
-23.2063080857
-21.8456241572
-21.3423964622
-20.3695316769
-21.2152926817
-24.4115199236
-23.2662784988
-22.4512186661
-21.8862521605
-21.5871807212
-21.2925833709
-20.3694902502
-21.2195920029
-24.4143460052
-23.2691680151
-19.3420378970
-18.3878461625
-19.0760405296
-20.5084239595
-21.1849838327
-20.9480835999
-18.4153574170
-19.3993647693
-19.0615981225
-18.3488040251
-19.0761078481
-20.5102583883
-21.1863560941
-20.9521990898
-18.4155606670
-17.9249318305
-18.9742536753
-20.4655718576
-21.1656323567
-20.9468550376
-18.3998003719
-19.3796197374
-19.0804757816
-18.3574246761
-19.0819762082
-20.5016480946
-21.1783568454
-20.9459760135
-18.4032478556
-19.3768622684
-19.0339211601
-18.5969878959
-19.0817794347
-19.6125715018
-18.4319345990
-18.2226737658
-17.8550448739
-19.4044809752
-18.9420210606
-18.5734911523
-19.0795501569
-19.6092055772
-18.4347477353
-18.1739869591
-17.8487014001
-18.2249444700
-18.9583768700
-19.5657333668
-18.4105519150
-18.1997466401
-17.8564003059
-19.4234272464
-18.9533124436
-18.4907036454
-19.0451918340
-19.5946777289
-18.4246939772
-18.1677884792
-17.8458817908
-19.4237573657
-22.3943099427
-23.9662638451
-19.9744148560
-20.0113649435
-21.2044000379
-20.2505281229
-18.7619725761
-19.7619861843
-22.8864404284
-24.1520524959
-19.9916302651
-20.0110451805
-21.1939669669
-20.2433056257
-18.7544587967
-19.7562175043
-19.3001567366
-19.8129359246
-21.1139680064
-20.2185854995
-18.7415841348
-19.7518935885
-22.9277700936
-24.1678580985
-19.9828879235
-20.0068779071
-21.1805032693
-20.2256772435
-18.7482887978
-19.7553216532
-16.6239319661
-17.0454635714
-19.9266109651
-20.8557821841
-20.2753401642
-21.1880364616
-24.3951265791
-23.2522102307
-16.8744978857
-17.1213535255
-19.9804010281
-20.8723295864
-20.2839077366
-21.1864764851
-24.3933296935
-23.1207954886
-21.8264824047
-21.3393956112
-20.3708016661
-21.2146725748
-24.4180420487
-23.2576733840
-16.8451353702
-17.1136442631
-19.9788915405
-20.8813127208
-20.2782594564
-21.1818871767
-24.4072749755
-23.2589045356
