-20.4873196137
-22.4186196774
-23.4045221760
-23.3854322103
-23.3786459819
-21.9071571197
-23.3418823135
-26.8730485021
-31.2518262416
-31.1192231121
-31.5413784920
-31.0773057066
-33.0666879607
-31.4832231077
-30.2725885445
-24.4932885699
-23.4561787632
-25.7571386289
-25.5073094093
-22.9476730660
-24.4747785811
-27.7775356461
-29.6642950171
-31.7720724189
-30.8977648063
-28.5169746931
-28.4514751148
-30.6140834937
-28.7257797559
-22.8173030411
-22.4852002528
-24.2740478179
-27.9763128556
-24.8956109886
-27.1018873104
-30.1584423405
-32.2772185131
-29.9074376679
-31.4423543505
-30.8615979600
-28.6993145362
-28.1989052731
-30.4884206314
-24.8820877435
-23.1739693234
-24.3584962559
-26.7062359366
-28.7983503580
-23.4360324045
-24.0634341845
-27.3471932517
-30.4699676048
-30.3689575453
-30.7233737321
-29.4804314497
-27.6893316266
-27.1382030539
-22.1428080806
-21.9809563221
-21.6707954618
-19.9316753875
-18.2640137957
-19.9994340367
-23.3352087375
-25.7350866590
-27.5070681549
-29.5483777920
-26.4817417715
-28.1997855891
-26.7996985768
-25.5412625231
-20.9099088329
-22.0491887814
-24.3241703109
-27.8943331889
-20.3924044099
-21.1666214133
-25.4898260166
-28.6016781571
-29.6601860002
-29.5173983517
-28.7101968267
-27.3622958952
-27.8831868183
-26.0364650041
-21.2863292138
-20.5244716476
-22.9691463586
-24.9155722186
-21.1337596344
-21.2624052704
-24.1140149588
-27.5040012782
-27.2533305868
-26.1882241528
-26.1879471134
-28.3768266958
-25.6164248935
-26.6230082935
-21.3972066362
-20.0336447728
-19.8702472669
-23.1646573540
-21.4008975179
-18.1776325146
-20.2361038338
-24.6724813013
-27.6928179446
-29.6876907718
-27.1989670368
-27.1083343653
-28.1518496618
-26.6319111636
-24.1127825139
-27.1564476393
-30.2096263780
-23.8961464585
-24.1579972318
-26.9942166022
-25.9705136069
-21.2964981919
-20.6703521079
-20.6932080343
-21.6779959456
-22.1963664127
-24.4437369850
-24.8246689708
-24.2089249555
-25.1455800421
-24.4574906811
-22.4580489014
-22.4567491367
-25.3961536556
-23.8453948041
-22.3136740547
-21.4419203745
-21.7970318631
-23.6047402909
-21.4788173741
-23.0713254629
-25.4497106858
-25.9134249442
-23.5969727751
-24.2591510179
-24.0263132243
-22.2229973504
-23.1121256480
-24.8308894570
-24.7491376383
-22.6709410186
-22.0815003650
-23.3460250013
-22.3808475440
-19.5343072814
-22.0382767091
-23.3787223695
-25.7007865896
-22.8675459427
-24.1195881525
-24.4005936192
-25.4830436888
-23.7985747985
-23.9498303674
-24.6517420376
-22.9717381270
-22.8223428696
-19.6531982037
-19.1861709971
-19.0478030146
-20.9075876403
-21.9774596464
-23.8328036562
-23.0329176838
-23.4569257372
-23.9067711371
-22.1762045292
-23.6107601194
-23.3674905460
-22.5182316249
-20.6400005334
-20.2780963396
-23.4873213183
-24.5182831522
-27.5254486733
-27.5252583805
-25.0026460829
-22.5876020300
-22.0697830648
-25.1175250636
-23.7408025974
-22.2993183879
-24.4627272755
-21.2486179182
-20.5482972151
-20.6357271071
-22.0251224217
-24.9432595325
-25.7302850284
-30.1383076227
-28.5347169885
-24.9247611910
-22.4213875146
-23.1729207113
-24.7360247740
-24.7025428939
-22.6851089704
-24.4334890496
-22.7510733161
-22.1854284559
-23.7753123782
-27.4884610651
-24.9249217041
-26.2831664939
-30.6072118162
-29.9567989328
-25.7778015239
-26.0126951096
-23.8658402016
-23.8927365278
-24.6035756653
-22.9529018974
-24.4501827381
-23.3392012452
-23.8252937569
-22.4963220475
-22.9328513434
-22.6434711932
-24.1876393704
-28.5614566506
-25.8533833474
-24.4682486920
-22.3109489500
-23.6605227180
-23.1698253565
-22.4830732518
-20.6463271769
-22.9059032317
-23.9012251216
-19.8005350767
-19.2321637678
