-27.0854538470
-30.4040421071
-28.3651896644
-27.5330077759
-26.0043269070
-26.0014878794
-27.0302319898
-31.1557887051
-31.6162353586
-35.0434271906
-36.5142163130
-32.0334247009
-34.3146039221
-34.3526220274
-37.4961258256
-28.5244418599
-31.2895116572
-30.0627167780
-25.5626853314
-25.2702810532
-25.1454337567
-27.5282838292
-31.7034658397
-31.9324470090
-35.4976196275
-36.5839750586
-32.6348219448
-35.1845771612
-30.5778920515
-26.5995478060
-26.4640719636
-23.0997338682
-24.8984862721
-25.2754943508
-24.9831470284
-29.4443241386
-31.3250415747
-34.7097943330
-32.4042393887
-36.0996912780
-36.0292425284
-32.5337756393
-35.5259348032
-33.2315405485
-28.0762082920
-26.8807409607
-24.8929570952
-25.8836158165
-28.5352231734
-33.1867478694
-38.5454366041
-32.7652048582
-34.9578615531
-32.5382277248
-35.7419273602
-38.1622845994
-33.5715660845
-27.1934093809
-30.3025543432
-27.4004356921
-26.6762623882
-24.3044809540
-24.7619061418
-28.6076164146
-33.1355845533
-37.3051356090
-33.1376054054
-34.7848129820
-32.0640986171
-35.0582476079
-35.1146565966
-27.4269190410
-27.4074394059
-22.2204496023
-23.9757958815
-24.0515913149
-25.7681646275
-30.3157642913
-32.5853312280
-35.4202008194
-39.6608398307
-34.3706102934
-37.3191559777
-32.2620136016
-35.5711236124
-25.1857393961
-23.1122745263
-23.6180344024
-22.6405286004
-24.3355963310
-21.3562951416
-24.6071901432
-29.5249677855
-31.8035813450
-34.5944946505
-38.1794158527
-31.9831766457
-34.3949006026
-33.2696505665
-25.8135502262
-23.7888459874
-23.3782925738
-24.2836471799
-23.3562548326
-24.0978572354
-28.1679853716
-32.1603187068
-35.5189854720
-33.8470914789
-36.1801795573
-40.3253622021
-33.8202456520
-35.7018301653
-26.8473976012
-23.8221634570
-23.0191264592
-25.3875420715
-25.0596376504
-26.3758290946
-21.6271782594
-25.8339930229
-30.7224519802
-35.2749690166
-31.8351252227
-33.0246113703
-33.2654884745
-29.9349463253
-32.4537922450
-31.1606356434
-33.7059738623
-35.9911027391
-33.8641217541
-36.0100981954
-33.8476947544
-34.2598338889
-34.2294033589
-35.0480216832
-38.5371111277
-34.7958972329
-34.5639463126
-33.9551583173
-31.3015668487
-32.9025435839
-31.6997089576
-35.3148681472
-36.3098763302
-34.3206017421
-35.0318963211
-34.9385631666
-36.4787433713
-37.4425248068
-35.2352744381
-35.3854865066
-34.1451620757
-34.0048833542
-36.1442936429
-32.4879382413
-34.2295548229
-31.6062437413
-33.9917174143
-35.8178108012
-33.3052853339
-36.2200709202
-35.7715384244
-35.1584019417
-35.0584068486
-32.2694380526
-34.2729312122
-33.7108311513
-33.7818262323
-36.3280846727
-32.7155173629
-33.7238896370
-30.7011961816
-33.9948736121
-36.5668774678
-32.9675809830
-36.1103884433
-35.9347196533
-37.0170890314
-36.7807909096
-35.4806230199
-37.2166377488
-32.8099289171
-34.1386192398
-37.2298114479
-33.6023474541
-34.9645454997
-32.9135501526
-36.2135928108
-38.6866215252
-33.4067044747
-37.2656520419
-36.0203849708
-36.6956654346
-37.1617563821
-31.2356038134
-32.2198567054
-31.0180758465
-32.9379660366
-36.4891427751
-32.8447817518
-35.9364996986
-33.0181242001
-35.9110831022
-35.7345585862
-34.3605332386
-35.2368887825
-32.6664926920
-34.4338559781
-37.2538816789
-34.0257805563
-36.2079031058
-34.3824984750
-35.1776226517
-36.2952242094
-32.8115342035
-34.3594910977
-31.8551330484
-33.1433909112
-34.5557917197
-35.2099432805
-36.6445008219
-34.6123055639
-36.3510195555
-36.7391596257
-30.5481657695
-33.3997421883
-32.8731254173
-33.3256491688
-36.0572224061
-34.2113866074
-34.7137441211
-31.5717210217
-33.7845966422
-34.8105920775
-34.9783186004
-36.5137360219
-31.4916767790
-34.5068007052
