-25.0833777592
-26.4741308987
-25.9830231983
-24.6874052971
-23.4589802473
-22.8376202924
-22.7735551037
-24.5933432519
-27.2361540219
-27.1081932552
-26.1186686335
-24.7149385551
-23.4645896892
-22.8295809119
-22.7684518448
-24.0017419759
-25.2931537999
-24.5275938157
-23.4147610665
-22.8070240415
-22.7452204949
-24.4561520743
-26.9359252796
-26.9877967537
-26.0959434695
-24.7116127633
-23.4502314337
-22.8173897934
-22.7498046248
-24.4603931385
-26.3216972737
-24.5526246371
-23.1565247776
-22.4008113610
-22.2343262750
-23.5819555759
-25.9954240368
-27.4172484839
-27.2354109303
-24.7023564703
-23.1841175880
-22.4062356774
-22.2310587393
-23.5495248971
-25.9804340245
-24.6568970778
-23.1588097223
-22.3921466953
-22.2174254514
-23.5641847913
-25.9839578877
-27.3049573863
-27.8798429044
-25.0101572682
-23.2241371315
-22.4088572146
-22.2225222375
-23.5429975936
-25.9743546482
-27.3054687478
-22.7850717303
-21.1111548710
-21.0011085621
-21.9622922730
-23.5969209949
-23.7454113262
-22.5949863504
-23.7234590239
-22.0418808435
-20.9816353948
-20.9676771653
-22.0218445356
-23.6095962884
-23.7517703334
-22.6018476574
-21.5355603902
-21.0682082649
-21.9727564137
-23.5933828909
-23.7374936370
-22.5765203722
-23.5077887332
-25.6063284200
-23.0694716165
-21.3140696218
-22.1169914476
-23.6528872506
-23.7561356781
-22.5882156644
-23.5105902176
-21.3966033761
-21.3105988339
-22.5840898188
-22.6750034319
-22.6451917001
-21.9163875402
-20.0751349751
-21.3393567695
-20.9425919632
-21.2660042196
-22.5671216770
-22.6722627929
-22.6472047816
-21.9157803792
-20.0777189694
-20.7067442276
-22.3795788516
-22.6103220199
-22.6325500654
-21.9019684383
-20.0642384417
-21.0971241398
-23.7296160787
-23.8787679427
-23.2212100722
-22.8231636476
-22.6751445417
-21.9185378479
-20.0676872198
-21.1050457133
-24.4390531790
-26.2407066743
-25.9275475954
-24.6678622246
-23.4427577876
-22.8166505847
-22.7507561457
-24.4419439917
-27.0158167728
-27.0469567466
-26.1053615832
-24.7135662938
-23.4558344028
-22.8198287938
-22.7494654431
-24.0296325405
-25.2952691536
-24.5361238439
-23.4060187258
-22.7953585250
-22.7368315762
-24.4574816144
-26.9992862039
-27.0410094183
-26.1080025388
-24.7111182314
-23.4479231865
-22.8116677223
-22.7419930915
-24.4466601686
-26.3261169906
-24.5447703830
-23.1491055040
-22.3954698982
-22.2250350294
-23.5409663878
-25.9773852742
-27.2929889388
-27.1450164607
-24.6823214551
-23.1728818743
-22.3979490309
-22.2268668690
-23.5792667204
-25.9931623949
-24.6502843317
-23.1502499181
-22.3835907748
-22.2069030544
-23.5277188873
-25.9599342538
-27.2997272588
-27.1369214145
-24.6531000567
-23.1603800553
-22.3937959982
-22.2097602062
-23.5555240095
-25.9788274433
-27.2971160788
-22.7962828467
-21.1019400057
-20.9944310859
-22.0428168334
-23.6123692920
-23.7520900963
-22.5983587475
-23.5167615105
-21.8965143420
-20.9616741685
-20.9561669984
-21.9482007014
-23.5854341316
-23.7346144773
-22.5790215129
-21.5296803793
-21.0568806347
-22.0432608764
-23.6135499546
-23.7366508614
-22.5820430772
-23.4950383539
-21.8676373010
-20.9587380467
-20.9457831216
-21.9367034807
-23.5812642695
-23.7307812076
-22.5771547195
-23.4966760055
-21.3999744788
-21.3747637091
-22.5984687881
-22.6774877429
-22.6452486618
-21.9153583441
-20.0770380169
-21.1001819527
-20.7548989562
-21.1523498993
-22.5250968185
-22.6563549172
-22.6444032971
-21.9135679312
-20.0741756865
-20.7580745754
-22.3952808882
-22.6121745727
-22.6370759390
-21.9000420939
-20.0632998666
-21.0989728090
-20.7298629517
-21.1805019730
-22.5288187539
-22.6510406407
-22.6418866213
-21.9032358382
-20.0570560767
-21.0982970350
