-20.3772991851
-20.3336055957
-22.9304304402
-23.7145341338
-22.2858715125
-21.4419786198
-22.1487670597
-20.9377346554
-23.3918429689
-23.4119957969
-25.3593485384
-27.7027642179
-26.5799399666
-26.4688981354
-24.4866822535
-19.9158982533
-19.8176456328
-19.5549183935
-19.9239324692
-20.6356675581
-20.3492429213
-22.1134378044
-18.5829791707
-19.6096819805
-21.5423582613
-23.2890062486
-25.7009095856
-23.0236083136
-23.1559318557
-22.4832208233
-18.4958832805
-19.0016173480
-20.0447134925
-19.9375295100
-22.6927780931
-23.8500553153
-25.3160446701
-18.7821862397
-20.1862493145
-22.4636065589
-25.6091946280
-27.4579606250
-24.3334783869
-23.2257022811
-19.0886860469
-17.1691276569
-17.8574890559
-18.8174896216
-20.6604213412
-23.1932728961
-23.6944046302
-23.9383732781
-18.6160053632
-20.0112095882
-22.6834700255
-24.4343926739
-25.2307392146
-24.0133971193
-22.3144948178
-17.7652420001
-16.3870148762
-17.4142614879
-18.3467935356
-20.8141456936
-23.8759703409
-20.7294383242
-22.0591622757
-20.3246056355
-21.3046385539
-22.8757730430
-24.0035194451
-22.7893982440
-19.5129906213
-19.3129563156
-17.0721488881
-14.9643018041
-17.1996358726
-20.4413747434
-23.5486355148
-22.4215972343
-22.2778839230
-23.7701625157
-19.0239256554
-20.4150557992
-22.4004320473
-20.5453559146
-18.7231764120
-19.0217921849
-18.1353448496
-15.9922656678
-16.7303754646
-19.3721642174
-21.0613676706
-22.7472219223
-24.3784924443
-22.8905196740
-24.6902922220
-18.0455225486
-19.5296532370
-20.7645319710
-19.4899236819
-18.5705692717
-19.1636892099
-18.7988721744
-15.3695281122
-16.7389041960
-20.5065908222
-20.9151532078
-23.4838686567
-25.3705312093
-24.5707294245
-25.1007575875
-19.2768334626
-19.3412922206
-18.5174575677
-20.5111024533
-21.7763715587
-19.4953285785
-21.2777720017
-19.8183757667
-20.6871817303
-20.9577347416
-22.0190547029
-25.0457519073
-28.8419364785
-24.8807051262
-24.3995838419
-21.2896459323
-22.3227594430
-23.5469344324
-24.1943686322
-25.3778404437
-23.9874484512
-23.0943807541
-23.1264709589
-22.1523297688
-23.8065753409
-23.1016161982
-24.9305311603
-27.9962611343
-23.1129943091
-23.7343866212
-18.3634574424
-19.6362688988
-21.9396473717
-23.0322898087
-25.9137654291
-23.4194060388
-23.5567215044
-24.2913473772
-20.4025526843
-20.4169290687
-19.4828953728
-21.1045136357
-21.7684758790
-20.7434897594
-21.6010910480
-16.8266007798
-18.2760612096
-18.5558174584
-18.4969008305
-20.9007845892
-21.2950702719
-20.5205891888
-20.1039524665
-21.2692885817
-24.5697041099
-21.9130966982
-23.0866468933
-24.8097333174
-23.2437501090
-23.7727672258
-18.1192790239
-19.4689125392
-21.9810339997
-23.4502689749
-26.5144973797
-24.4394415597
-23.8477910845
-20.7135200905
-22.0066784471
-23.1889502785
-23.9372198032
-27.4746038071
-27.2343687859
-24.8129905094
-24.5503176859
-25.3914607845
-23.9347380808
-23.1259699523
-23.1360508969
-26.2397305435
-24.9849309633
-22.1196518200
-22.4600852856
-24.0899680167
-22.4617242297
-23.5078094404
-28.4504782669
-27.5638111531
-24.1819185966
-23.7301766344
-26.2128484744
-23.4468176072
-23.6227570515
-24.3305111978
-27.9874346394
-24.3440266675
-24.5073490745
-23.2689621792
-21.9990520491
-20.8547749874
-21.6720110737
-25.4666736322
-25.3141157333
-20.1135155719
-18.9106635930
-21.0708246173
-21.3000751426
-20.5710625206
-20.1381386082
-23.2250951092
-20.5095411814
-20.4588400062
-19.5032553327
-21.1167927816
-22.2301861871
-23.3745279150
-27.4215218988
-26.8681964218
-24.2049013841
-24.1746417282
-26.8579950768
-23.8603718737
-23.7724940684
-20.7277217025
-23.1785327272
-24.2124837771
-26.0637354606
-22.1541201779
