-27.1806952463
-29.8395366330
-28.0052054325
-25.7725066693
-25.5017556393
-24.8210260073
-27.5380527753
-31.6538650774
-31.8727976736
-35.1655752347
-36.8679670082
-30.7351686991
-32.2673239892
-33.1793234348
-35.5555031466
-27.8192627486
-28.8626524452
-29.3869895330
-24.2446658923
-24.9862928726
-25.0986474139
-27.2614010366
-31.0271949075
-32.4526232400
-36.6572045807
-36.6912716050
-31.0107795529
-33.5690597617
-29.5265575442
-26.5990144381
-25.7537662393
-23.2625151390
-25.8712330975
-24.8888221868
-24.7413765934
-29.2568693877
-31.3778037138
-34.0731377937
-32.6815966290
-36.1687781377
-35.8754690513
-31.5673246041
-34.3673828851
-31.1899761355
-27.4662071365
-25.6206802004
-25.9022410275
-26.8107737634
-29.6503264313
-34.0569515819
-37.4099607993
-33.2149167719
-34.9644988957
-32.9644027776
-36.4537863437
-36.7711527129
-31.7523325704
-26.8293912049
-28.3081942188
-25.9971367719
-26.9552767513
-22.9371416059
-24.0113749947
-27.1267252492
-32.1256263854
-36.5972782060
-34.3650992421
-34.7490280401
-32.0149561381
-35.4859761213
-35.0791978868
-25.9337188841
-26.5355305276
-22.1187028907
-23.5116517800
-24.4464556291
-26.0757233279
-30.4197065916
-30.3744556479
-33.0756620582
-37.2012023896
-33.4088754930
-35.9271398440
-33.0888849637
-36.6381133260
-25.6874018691
-22.4059133245
-24.0852725619
-24.2473586344
-25.9132087581
-22.5157939202
-25.1045442488
-29.7721158907
-30.0428785417
-33.2607955910
-37.1898087437
-32.8780526062
-35.0563523319
-32.7598465674
-25.1238374644
-24.0882332816
-23.3760891876
-24.6559831029
-22.3697011580
-24.1673596814
-28.5159700831
-31.3139573306
-34.2613796222
-32.8300830284
-34.2989886296
-37.9889745437
-34.5311440988
-36.1542619582
-27.9483808754
-24.4480764503
-23.3540385009
-26.4495376436
-25.2878887188
-26.3146857940
-22.4715177766
-26.5868440221
-30.4978037913
-34.5993907671
-31.0657179029
-31.9377755244
-33.6141851461
-31.8562476847
-33.6878600175
-30.8838182312
-34.4410279811
-37.5095713924
-32.2707170986
-34.6435775686
-31.2365333239
-31.8480192969
-33.1389970821
-33.6250777888
-36.7259108239
-33.7875651263
-33.6363070282
-34.8387907433
-30.8964365614
-33.2686860968
-31.6048805441
-35.4354484427
-36.7188411043
-31.9428036898
-33.1877136406
-33.6189414536
-35.0264163376
-35.9648912644
-33.6133734407
-32.9239275498
-32.8271559672
-33.4887061291
-35.4870855902
-32.1007936529
-34.5946758899
-31.2923196214
-34.3370235546
-36.5863441521
-31.5776618729
-34.4950044374
-33.8256453684
-34.1486302656
-35.1465655403
-30.7008660618
-33.3475742684
-33.3084726022
-32.8334411828
-36.4829947866
-32.0687850183
-34.6459013500
-31.2709382408
-35.0067489827
-36.5290043666
-31.9915966337
-35.1455324549
-34.2872130815
-35.3879604608
-35.5888646202
-33.4978316620
-35.1102420571
-31.0499873872
-33.3152963622
-37.5129709704
-33.8142504267
-35.0081963336
-32.4814691985
-36.1072723730
-37.5940016730
-32.4972916255
-35.7803247700
-34.5082208716
-36.3217606223
-35.9836912310
-31.1113947749
-31.3473265649
-29.9885033396
-32.4322995310
-36.1850044750
-32.2492489837
-34.9096576509
-32.9676521850
-36.6788086236
-34.8601048003
-33.3140328460
-33.0925460501
-30.9907484358
-32.9704109434
-37.1560407794
-33.9656858886
-36.3079279747
-32.2900310225
-35.1806105490
-37.4074078793
-33.2053458989
-34.8991572715
-31.7478390684
-33.8959452556
-34.4647965854
-34.2834497217
-35.6264788049
-32.8507627402
-34.7649579263
-35.4757540698
-30.0460696915
-33.3275832682
-31.7415719755
-32.5863668945
-36.2605176575
-33.5623473416
-34.7845670194
-32.9776968773
-35.5529696417
-35.4321304314
-34.3269736937
-35.1613186399
-31.2578564519
-34.9967729076
