-22.7275312607
-16.1353550191
-19.7062852989
-20.2560883699
-20.3318488587
-14.7401376625
-17.2615145207
-19.1028436463
-23.6103510125
-21.6135592048
-24.9629890126
-21.6741251329
-24.5501364347
-22.0600943771
-24.0877141484
-23.8020209853
-22.7546877740
-25.1129538651
-28.0511282708
-25.6056345162
-22.5558212150
-26.5390090429
-28.8061191163
-32.9443443829
-32.3406000391
-35.1579241312
-31.1858126515
-34.0917460692
-30.8217504906
-24.7504231487
-17.8322976931
-13.8796453639
-16.8219998173
-17.4298094672
-18.8949473112
-18.5611666833
-22.8414561259
-20.1355066995
-23.4643734683
-21.4430168815
-24.8302473284
-20.4363180873
-23.1715911624
-17.3716954745
-18.0084456016
-20.9818774775
-14.4566723922
-17.3799342255
-17.1662925126
-20.8008878281
-18.8936384845
-22.4917107177
-19.9254989099
-23.4435875971
-21.4964807092
-25.0803497182
-20.2525683865
-22.9476950598
-16.6664785557
-15.8594902869
-19.9688300040
-15.7423923383
-17.8897941595
-18.4876769002
-22.5505522519
-20.5839112827
-24.4771631906
-21.6882581249
-24.8705257847
-21.7297845751
-25.4517470556
-21.0597261317
-23.5871934678
-14.1545171705
-17.1003281421
-20.6759343666
-23.2411117413
-26.5112207817
-20.2442053578
-23.5727963663
-21.8617702355
-25.5282441470
-22.2119868857
-25.8438965999
-21.5994326803
-20.3441098856
-20.4025565689
-21.7465417018
-14.1690256047
-17.4052718666
-18.8955635382
-18.8336007474
-22.4056518070
-19.5051065880
-23.2737935566
-21.4877539020
-25.2202129154
-22.2298521744
-26.0485836041
-15.5233845286
-17.1768770461
-17.4241055186
-20.2009053266
-15.7112963678
-18.2937944524
-23.2527746591
-20.9010435076
-23.7827264671
-21.4126199997
-25.0863760148
-22.5164606280
-26.3092925309
-21.6344369959
-20.4886918770
-16.4909222661
-17.8730603379
-16.8828143205
-18.6792096666
-21.8508439264
-19.5607013090
-21.5636865685
-25.0349058666
-23.6517920252
-19.0745763496
-20.4148952751
-21.4786710864
-23.4792651168
-20.5328269097
-24.3542292902
-19.4333606035
-22.2269859543
-19.3260096221
-22.5466477792
-19.9805110643
-23.0770591796
-23.4782928835
-25.3515215027
-26.6978392467
-22.5675462986
-23.3292096309
-19.7267203563
-23.0260874315
-20.4383855402
-24.2329537518
-18.8227948290
-21.9968369990
-19.0708103993
-22.1969606171
-20.3680001766
-21.2015118144
-23.0712710957
-23.8786604905
-23.6323292215
-20.4796310659
-21.7671204469
-20.5223614746
-24.0773885174
-20.0153004771
-23.4200364828
-20.9211121812
-24.1902595995
-19.1370880395
-22.0234653439
-25.8223352686
-24.3554915309
-22.8740706613
-22.1194187952
-22.4844273905
-22.8264221212
-26.0492671588
-22.4155424518
-25.3957691552
-20.0378366399
-23.4923637221
-21.6897676206
-25.3341792186
-21.1615725296
-21.6133054721
-24.3679350838
-24.5209318752
-22.6718083880
-25.5950732784
-24.5300677649
-22.1018524981
-25.0910494247
-21.4351586737
-24.9957859796
-22.3730073539
-25.8634472819
-21.9562515694
-25.5881250856
-18.8685623398
-21.5971153663
-24.0142929891
-22.3238818665
-23.7838967806
-19.7791601669
-22.6346097371
-21.3264963465
-24.7150084444
-21.0190385760
-24.2636367443
-22.0369756590
-25.6875429699
-22.6202527848
-21.3090077878
-20.9326236509
-21.8292618833
-21.7429608744
-21.1387580397
-24.0907266489
-21.5164755959
-24.6780441335
-20.7829228542
-24.2739688283
-21.8105667561
-25.4929226573
-21.6842125514
-25.3653748606
-23.0246336192
-23.0709487402
-19.7573748678
-20.4705689617
-23.6305206712
-25.7486668673
-25.7606301371
-20.4414601824
-23.2497440324
-19.6449970001
-23.0645081591
-21.2753342993
-25.1012689303
-21.7386719092
-21.7699012191
-18.9318248985
-20.5456031814
-21.8437340639
-22.4930143825
-19.4390244282
-22.6562319205
