-23.8398643335
-23.2798328183
-25.2538035521
-25.3957044377
-23.5267259407
-24.7385466233
-24.0067209551
-23.5721620344
-23.6055584750
-26.3872421547
-25.3803584103
-25.9078401065
-29.9085393542
-26.4258182320
-23.9210284134
-23.6364201132
-21.5351758937
-22.9083085705
-24.6442230816
-21.1287016883
-23.1987217996
-24.0241085430
-22.3516429740
-22.7395890437
-26.0689241531
-23.6472778022
-24.1865920513
-27.6515322937
-25.5337098992
-23.7532992388
-22.3641227847
-21.5795957422
-23.4955082868
-24.7721476123
-21.8485602776
-23.6619040311
-24.7631062219
-24.0395438954
-23.9665771348
-26.4042672554
-23.1438779560
-23.9769389963
-28.2190011215
-27.0993654700
-23.4707972257
-23.0003795541
-22.6918718897
-24.5173834087
-27.8074975495
-24.5842293639
-26.1923383384
-25.5285509782
-24.2789245286
-24.1493908263
-26.8265353395
-22.8984024008
-23.8419913326
-27.2379211183
-24.6704526822
-22.1164140626
-21.8487065700
-21.9824981769
-25.2329050426
-28.4302762674
-24.1129637528
-25.7608152503
-26.0988873563
-24.1950521746
-23.0090144453
-25.3552291940
-24.8690655056
-24.2592235156
-27.0251559100
-24.9615649766
-23.7476095332
-22.6567264617
-22.5466723894
-25.2726164718
-27.3276333545
-24.9349819485
-26.9270405262
-26.3900294085
-23.3907659085
-22.2845393914
-25.0764607845
-22.7695807130
-23.2150219460
-27.3002062422
-25.9657093951
-22.3052592385
-22.0831004748
-23.1752367258
-26.4868489012
-29.4672085483
-25.2886706402
-26.2890555709
-24.3824551678
-22.0362947083
-22.2609818051
-24.8631660693
-21.8207098387
-22.9580064453
-27.4765948851
-24.7125202615
-22.0317688340
-23.3876809066
-24.0099936709
-26.2517598413
-28.7707200150
-25.3156446379
-26.3343777384
-25.2208032622
-23.7057710967
-23.3617205751
-25.5449326701
-21.8146511761
-23.2253579168
-26.3993232391
-24.0984773357
-22.9483553136
-25.6679623604
-26.1310875959
-27.4367203475
-29.7460752937
-26.4723262342
-26.9477966255
-23.5694641102
-22.8402638366
-23.0835178821
-25.8269686006
-24.1931543057
-24.9330452426
-28.7869851874
-26.7272509484
-26.1060982013
-25.5863387117
-24.8460179911
-26.6665503961
-27.7391744814
-22.6309292346
-23.9176042243
-24.0345351400
-21.9388511990
-22.4596114664
-26.0587331697
-23.3013566015
-24.0336807094
-27.7626880396
-25.1976651202
-25.4151335833
-26.8960131894
-26.0674444474
-26.4202385736
-26.6107149070
-24.4708546909
-26.2668119869
-25.3154116134
-23.7078812720
-23.7268534330
-26.1959424666
-24.8061046018
-26.1008874869
-29.1737543955
-28.3610314526
-27.6405956375
-25.7609045863
-23.5840502185
-24.8396097867
-25.9826775432
-24.4095353258
-26.8280279945
-25.8873960023
-24.1468184827
-24.0369094122
-26.9335833637
-25.1355573516
-25.9117523461
-29.1487675866
-24.9805474887
-26.0240602737
-26.9296853726
-25.3445877039
-26.0304205827
-27.2553022414
-23.4409867861
-25.0786939447
-25.5322638521
-23.7408375524
-23.9700323853
-26.5384925323
-24.6400674555
-25.4913329206
-25.8489157291
-23.5779617784
-25.4232363942
-24.3998699447
-22.2408108551
-23.9847194521
-26.4515442554
-22.7419050531
-24.5602044297
-23.4333642673
-22.1800999395
-22.2149903339
-24.9655108719
-24.1118167528
-25.2363836048
-28.2386011577
-26.0041663716
-25.4333484073
-25.6491468541
-24.1295940145
-26.4067968809
-27.7429935108
-22.9058799319
-24.0349416296
-23.5107377999
-21.9402143995
-22.4433385182
-25.5633714510
-22.8241552907
-23.6446588549
-27.4866408762
-23.9198296154
-21.7677612684
-22.0107162731
-23.0230581157
-25.8203584465
-27.5454500416
-24.2744258389
-26.0868101557
-24.9786962360
-23.3784155581
-23.2338452335
-25.6996564197
-25.7491613941
-27.3549996012
-30.3963419080
-27.1051652079
-24.6312979333
