-23.9975876495
-20.5005981846
-18.4889404184
-21.6455199464
-20.2470651022
-20.2307429594
-23.1802687773
-18.6470275392
-20.6687092779
-20.8021811339
-19.9765755281
-22.9828094216
-20.1386810378
-19.6980918779
-22.3925506011
-22.6794438619
-20.1656058466
-19.3562589345
-22.8388734383
-21.0702886612
-20.4713974975
-22.6238789224
-18.4115280298
-20.4286437781
-20.5569101036
-20.3401432735
-23.6484921201
-20.0677998458
-19.5506074205
-21.4638558390
-26.4419138162
-29.3661816522
-28.8819107091
-32.5178664662
-30.5482939360
-30.2055173705
-32.7641109352
-28.4612091030
-30.8668293756
-31.6164347251
-29.7699966619
-33.3477386699
-30.8558991911
-30.6598652345
-32.8011969342
-33.6203784435
-31.0270059017
-29.7132937994
-33.1582980561
-29.9496864764
-29.8152437345
-32.4449217447
-28.5039770453
-31.0326062713
-31.2245661783
-29.3454061366
-32.9920564091
-29.9163185205
-29.3798628369
-31.9529441831
-25.3094150831
-21.1269811861
-19.0626661603
-22.2185530222
-20.7073086679
-19.6751802887
-22.1675062003
-20.0090877568
-21.5005716001
-21.0311818009
-20.2716350594
-23.1378762536
-20.0053878381
-18.7931086754
-20.5178666730
-22.7717012529
-21.5871729544
-18.6662845153
-21.8797546187
-20.3770156793
-19.7335894363
-21.9915434473
-18.1861444167
-20.6913671238
-21.0958217899
-19.9173404316
-22.7546942650
-19.0423476226
-18.6475091308
-20.5394655509
-23.4676733897
-21.3897110018
-18.7452827683
-22.1693134312
-21.3785387225
-21.2902324041
-23.2753781460
-18.8445218749
-21.2608168048
-21.2451005354
-19.7845443547
-23.0290507446
-19.8993392074
-19.8049806957
-22.2664255369
-24.8694512905
-22.3355810411
-19.3318300882
-22.7595127112
-22.6846571585
-21.2968011342
-23.0437727885
-20.1624897752
-22.0519656659
-21.5038365518
-19.3034061500
-22.4050096927
-20.5474829212
-20.1913836516
-22.8603156776
-25.1324736518
-21.5347059599
-18.6382852009
-21.8194968039
-21.4919690788
-19.6835510831
-21.6424621432
-18.4557860548
-20.4413838025
-19.6322751059
-18.4992699240
-21.9650536122
-19.1117982994
-19.3116966819
-23.0154187544
-24.2579612945
-21.0470197681
-19.3867205508
-22.7588680080
-21.2256545532
-20.6141502387
-22.0966988077
-18.1407031382
-19.9028669544
-19.5320663537
-19.4968587832
-23.2144613805
-19.6531774937
-19.8460954634
-22.4609966705
-24.0761910395
-22.5299786996
-19.1123640349
-22.1250062194
-21.8109784412
-20.6653744290
-22.2650480983
-17.3985490893
-19.5601368636
-20.6126174480
-19.4925737022
-23.1510331270
-20.1444756055
-19.8644475197
-22.2780082005
-23.2163618455
-21.4118212415
-19.0099855546
-22.1857339669
-21.3220131971
-19.7944155763
-21.8004521578
-17.5818055710
-20.0220633986
-20.5239356954
-20.2649951259
-24.1559608369
-19.3808754880
-19.1879342238
-21.5872622788
-23.4770928007
-22.3763397962
-20.2804265939
-22.9175195560
-21.1962104831
-19.6246383417
-21.8669032704
-20.4904304990
-21.8460474856
-21.8279206928
-21.2279576248
-24.7123325392
-20.3875536088
-20.3729739821
-22.7027813661
-23.4213466246
-21.9201586691
-19.6393914439
-22.3363357762
-19.7504682493
-19.2048441116
-21.8258195742
-18.6098871504
-20.7707848193
-21.2637309274
-20.7066419579
-24.3558669489
-19.7668861910
-20.0655563300
-22.2550267058
-20.5493574856
-23.0685641087
-21.2382469947
-19.6281764462
-21.9241421074
-26.9376457664
-26.0582710115
-22.5108990894
-21.3785672049
-24.7810893041
-20.4273038824
-20.3648012586
-22.6856216255
-26.9497320264
-25.5077871057
-20.3739073709
-22.6643800466
-19.7699245875
-19.2303940686
-21.8438674016
-27.0492792152
-26.5692014141
-22.2618323451
-21.1220915348
-24.5848429919
-19.7959237631
-20.0664314704
-22.2036860046
-26.5352741854
-25.0006032212
