-30.3366071306
-23.2732705533
-20.0751945251
-23.1167032916
-20.5058231333
-19.9542283775
-23.1349245979
-22.9658542310
-23.9843155517
-22.2432343206
-21.1897893355
-23.8092862014
-22.0985422972
-22.4537210977
-26.5117683836
-27.9009032104
-22.6061819241
-20.5327686560
-23.3388529958
-21.0333075090
-20.4689093021
-22.1937668846
-23.1738515147
-24.7544596759
-21.6196683626
-21.3768764746
-24.7608795243
-21.5317051077
-22.0575518130
-24.6420701717
-30.2454048378
-33.1239022145
-32.0887319979
-35.3879617437
-32.8224190776
-30.9790298458
-33.3872675629
-34.3223118919
-34.9464899166
-33.3119045517
-30.9739045799
-34.1079051822
-33.9101572228
-32.8696533393
-36.3769992902
-39.3639797228
-34.0724490720
-31.3696206383
-33.9175156425
-31.6345835204
-30.8422866247
-32.5996286340
-33.7400447724
-35.5406594284
-33.7002750981
-30.6104664248
-33.9600233578
-32.0555116282
-32.1406034619
-35.3748747830
-32.9456998946
-24.7736894536
-21.1688118570
-23.9975604532
-22.1424494847
-21.7535169344
-24.2953010384
-23.2656985241
-25.7542801864
-22.4243624697
-21.6939569044
-24.7377854014
-21.7972143966
-22.2965971635
-26.4686534878
-28.9455175923
-25.7785381394
-20.5410358801
-23.7945732179
-22.1875192099
-21.6340007292
-23.5054144613
-23.5384781906
-24.3010464140
-22.3449253640
-20.4531088727
-23.0362590028
-20.3695459142
-20.6852864593
-24.1694387697
-29.8121548373
-25.6002632767
-21.7987691954
-24.9683706069
-22.6566578468
-22.3677424491
-23.8465405139
-23.9421431113
-26.0394995105
-22.3604603940
-20.8825309270
-24.2590940457
-21.0173918638
-21.5163772085
-25.4934262586
-29.6664867394
-26.8472124700
-23.0618711011
-26.0819450977
-23.7871914984
-22.8090164057
-24.7629910001
-26.1497244534
-26.7579637084
-22.9690894019
-20.9896954860
-23.8039771018
-21.6672172209
-23.0254207321
-27.5892044436
-31.6094607843
-24.3058506175
-20.9541836896
-24.2212364580
-22.1093948122
-20.8709883947
-23.9416356273
-22.8804840380
-23.8313796130
-20.8736876065
-19.0319119660
-22.3733842425
-20.5259164090
-21.3385308272
-25.7488079622
-29.8365344819
-24.9969136481
-22.0092974043
-24.9807054283
-22.0377407579
-22.4209654780
-23.6694437129
-23.7454605156
-24.6721395332
-21.4517941801
-20.5142042893
-24.3390709853
-21.5497373996
-22.4315034081
-25.8953978316
-28.8864093911
-25.8292276596
-21.6991352453
-24.8790739371
-23.1481009017
-21.9326177666
-24.1640170548
-22.9056818624
-23.8601025964
-22.6658947211
-21.0364235803
-24.4892170897
-22.5405049788
-21.8042478863
-25.7992644531
-28.9164010569
-25.5679309891
-20.8536008032
-23.9529282979
-21.9473139032
-20.5596170827
-22.5463345013
-21.9060800412
-23.8438490650
-22.1461481183
-20.6912066051
-24.1479279321
-20.9726457823
-21.7098298250
-25.0997232054
-28.8492987794
-28.9182057181
-24.1353134909
-25.6895599459
-23.6347824607
-21.6719903636
-24.0393380502
-23.4976301157
-25.4870879751
-24.1063730205
-22.4163800522
-25.5842078136
-23.4663231368
-23.8386979097
-27.6866091002
-29.5706873874
-29.3360294476
-22.8340368662
-25.0961773321
-21.8654520384
-20.5188971650
-23.2632206799
-24.1564864500
-24.5557588313
-23.5259621336
-21.0530654847
-24.1938054749
-22.7024836109
-23.1639725307
-26.4982775026
-24.2081896299
-25.7365831968
-23.6712108214
-21.6649050928
-24.0374065277
-29.0739780509
-28.2623878826
-24.5153043064
-22.5129587751
-25.6281693685
-23.4910665627
-23.8676772214
-27.7014217536
-31.8711923799
-34.9251667912
-23.5650625042
-25.3496197520
-21.8791319313
-20.5360310151
-23.2532976770
-28.7410933952
-26.7758743085
-23.8436458156
-21.3738510228
-24.3632745717
-22.7250404812
-23.1823530657
-26.4932402680
-31.3410491221
-32.1337628684
