-22.7686706118
-27.7829677243
-30.8885784206
-33.7866239563
-31.1635368024
-31.4855029008
-32.6434166978
-33.3828879462
-30.5216914522
-32.2428485074
-31.4430171396
-31.9699808936
-30.4559653371
-32.8645435716
-30.9387772377
-29.5567446860
-32.3955837719
-30.0121592994
-28.4148202066
-23.3433879282
-25.0530080592
-22.9485753789
-23.0888968860
-22.1411069944
-23.4507194788
-21.3363041208
-22.2548363961
-21.7968803915
-24.3796018840
-23.2025770663
-25.6314239271
-30.7313690571
-31.3111105302
-29.7965421454
-32.5604738749
-34.3385964839
-30.8371225124
-32.5657130624
-30.1978870753
-31.5760125694
-30.8286416793
-30.9957766073
-30.3004480558
-26.3910249221
-28.3551281084
-30.4312633638
-31.8781701976
-25.1373050266
-26.6079418846
-24.3236679997
-25.0381371528
-24.6693199202
-23.7529186277
-20.8890672877
-22.2142990158
-22.9997050684
-24.6814709080
-24.4615932232
-26.8999202422
-31.1190159927
-30.9872854147
-31.7902587605
-32.4003905763
-32.4013317386
-26.0722059211
-26.8650453847
-24.0435829927
-24.0329143163
-22.4910932116
-24.0071844106
-24.0006933538
-24.3755847887
-25.8963635898
-28.6058518872
-30.8394475899
-27.8948574982
-29.4911078856
-28.1115038711
-29.3062694937
-26.0607151661
-25.9443901511
-24.5231650267
-23.9943265857
-22.3634094643
-24.5552901798
-22.2305421882
-23.3972025848
-25.1125758641
-28.1732103184
-30.7092627427
-26.6413266693
-28.1103322668
-23.7749408062
-23.3727620136
-20.9823913989
-22.1257001159
-20.7032462357
-21.4057897577
-18.5735675165
-19.2502853750
-20.9105871926
-22.8271820394
-23.8157915012
-26.9684556191
-26.9717296376
-24.6460160753
-26.9158540028
-26.7727284600
-28.5553746916
-25.1190500701
-25.9856149429
-24.4913402109
-25.4483707847
-27.0197523080
-29.5483557765
-30.9673228996
-32.8356808091
-32.3034597590
-32.9459355064
-26.3448625750
-26.3147957892
-29.4053764586
-29.1292566589
-30.0681899354
-31.5199990733
-29.4078360029
-26.1583669877
-27.9306617156
-31.1762816379
-34.3782567760
-36.4032755935
-38.1106722169
-40.3632156527
-42.7553363712
-41.4403097702
-25.1587912003
-24.1139178648
-22.9802720271
-24.1820532284
-21.4202684097
-22.6654351367
-23.8748129777
-26.1816864815
-26.7348553495
-28.6436861667
-28.6744261142
-30.7544826192
-27.3342978569
-29.2119252354
-24.3286340264
-25.9573139950
-30.8600353764
-35.7392799238
-33.0730586488
-28.5703931893
-30.8625973672
-36.3152035342
-41.3683617716
-45.9109425085
-48.5066944787
-52.3428916242
-53.5821796262
-54.8816152734
-43.2444930054
-38.8731557575
-24.0875471149
-24.5369057629
-21.0161218695
-21.4570126543
-23.1681941728
-25.8920293210
-26.1605394270
-27.3928934329
-27.4383644747
-29.0962527107
-25.7057124894
-27.7549593541
-24.1026355386
-25.2166929445
-28.2470470304
-28.2631839944
-28.2853692811
-26.0485731522
-28.5049180764
-30.9505591045
-33.4700598172
-35.3049559276
-37.1654864696
-39.3629311814
-41.9612547541
-40.9440668502
-38.4253604535
-32.0500364088
-31.8733243458
-29.7564627338
-22.5634463184
-23.0667685188
-24.0118488072
-27.2615097591
-27.5517274765
-28.9882415106
-28.7612229237
-30.7589696533
-27.3323598627
-29.2023491834
-24.2944983788
-26.2119008155
-23.1852296235
-23.6239105218
-22.8675588770
-22.9746522357
-26.7982900525
-32.3531718426
-37.6357274441
-40.8508926748
-44.2121618520
-48.6318277644
-51.5244032353
-53.6567218129
-43.1489526107
-38.6094888186
-33.8587233261
-33.2232267214
-36.1943643272
-39.3794564976
-27.7879816231
-27.6142262028
-26.7037205522
-29.4815564279
-28.9039070121
-29.7037669368
-25.8194858929
-27.7871919564
-24.2677833053
-25.2541582672
-28.2437458362
-29.5863454054
-23.1616798007
-24.2300823702
-20.9589166901
