-22.1172270595
-22.0171050559
-24.3461497976
-26.1636037136
-21.2726609748
-23.2245293877
-22.5191585484
-23.0772274864
-27.5858165139
-31.1898272554
-30.2118401195
-32.6026877343
-31.5435728158
-30.4257535882
-32.5166404310
-26.7708746072
-26.0220290660
-26.1350619533
-27.9073282124
-21.2617527915
-22.2459904949
-25.2061899700
-22.9818462537
-26.9488750066
-27.2339221408
-26.3184763180
-27.1276897075
-25.3398935208
-27.9650227637
-23.7630422863
-24.3201648521
-26.0543691141
-23.6531629856
-25.9987977179
-23.5651751401
-26.6073424898
-30.7728139520
-23.9567253263
-27.5560371485
-29.0394151985
-27.1440739831
-28.1567742575
-31.1050849481
-24.5723502414
-23.8864396586
-26.3536476415
-26.1370465466
-22.7394414588
-22.0366766107
-25.3271638627
-29.4675386572
-33.0266787990
-23.6283729583
-27.1188800450
-30.0661344575
-26.3066748420
-25.6017093185
-24.2651578990
-22.6624588835
-22.6541463519
-24.0547591620
-23.6991233822
-21.7533084967
-25.7076155211
-25.1515351337
-26.6520626737
-30.2116032036
-21.6600672155
-24.7971253394
-26.7845726169
-24.5801125469
-25.5259126045
-24.4605199989
-25.0013268901
-29.0389271214
-27.3186269113
-24.2586862500
-27.0670189332
-31.2734833881
-29.1814377572
-30.4501423134
-31.2096137032
-23.9840721604
-26.5116751740
-28.2752327600
-22.7703445168
-25.2863416819
-24.0328185096
-25.9155351188
-25.0413425467
-25.2614817472
-27.6935299479
-30.6289026166
-31.9568085242
-29.9949050659
-31.0579672114
-31.2009425577
-23.6772785413
-26.5935538616
-28.5949488920
-23.4196533016
-26.8618076282
-28.1326962557
-27.5370662919
-29.4744271554
-28.0311722326
-30.6762947947
-30.0782194378
-31.5118528984
-27.9570273970
-26.2856754025
-30.1314514923
-22.5776945545
-24.1101894537
-24.9598677800
-26.3825919961
-28.1287762413
-26.1535861891
-26.0888490986
-25.5032482898
-25.2383190000
-28.9800649056
-31.7489161359
-29.7360448468
-28.1943300909
-26.1769818854
-29.6481164886
-21.6178857006
-24.2202396125
-28.8649490088
-31.0076971196
-31.7816135014
-28.8712471967
-29.9986710203
-27.3233883844
-30.3474156031
-33.4196839633
-28.5360439141
-29.0281989179
-31.2154859245
-29.0557178947
-30.7684706076
-22.1306803864
-25.9193683744
-31.2500500766
-28.2096438239
-30.8212508714
-30.6373976862
-31.8315262732
-23.2613228089
-26.7501922899
-29.7153016915
-24.4771515506
-24.9042031624
-28.2403138700
-31.4893115379
-34.4812067335
-22.4652325470
-26.2947128983
-29.4210578316
-28.9695191522
-29.9954228882
-29.9032457809
-27.7098559902
-30.7947338853
-30.4619605867
-31.2928931113
-26.7265699715
-27.6187248940
-29.4020209546
-31.4363965968
-32.8675418448
-22.0363257661
-25.3317609261
-30.1415686865
-30.4522783486
-31.7525345224
-30.0356068390
-33.1762875866
-34.5549825611
-28.0872471972
-30.0433523525
-25.1993066494
-27.6333304122
-26.6782469661
-29.8573332600
-33.3825436092
-18.9965943326
-22.2249094286
-27.1291422268
-27.9547656898
-25.1684437199
-26.0531949270
-29.2504831807
-30.8577154746
-26.7403288412
-28.2077938396
-27.5552513363
-24.6423290841
-26.0403629848
-29.3881339017
-27.7394022786
-18.5780584395
-22.0617889719
-24.8523976774
-27.1579518734
-28.6440874761
-24.8322306381
-27.7559613553
-27.0930180824
-26.1086756907
-27.6034254573
-25.5909227858
-26.6592282185
-26.3181591362
-27.4116079212
-28.5108473152
-19.7403355104
-23.5526331774
-23.0243449094
-24.9120301779
-26.6997720554
-25.0645764833
-27.7240174563
-27.5817735206
-28.4398976009
-29.8121846005
-32.9319021702
-25.9098674197
-24.4677981460
-27.4495535152
-30.1093101122
-19.6178313909
-22.1470310121
-24.6341408217
-27.5892212137
-28.4436674533
-25.2102782643
-26.7355025978
-25.5389335239
