-26.2164797778
-25.0926366421
-23.5919691926
-22.3451764976
-24.8538307945
-28.1156879862
-26.2666411012
-28.2033016560
-30.9390478135
-32.1740658694
-32.2041455716
-29.1783591661
-30.2050111047
-31.3357244385
-30.6802989134
-25.3128496220
-26.4320736754
-28.2646689355
-22.9539556746
-24.4456050653
-27.8846199145
-28.2034156052
-30.7971935883
-30.0430028103
-31.4540599902
-28.5644562146
-24.4243272560
-26.0931587979
-27.2110960138
-27.3754398240
-25.4377021010
-26.8741333869
-30.2445297046
-21.8781480327
-22.5363014523
-26.6508470579
-28.7512015336
-26.9259466063
-27.5882995407
-30.8651451138
-30.5018933811
-25.7805538009
-26.9105112456
-26.8613532245
-25.0222797674
-24.2816936443
-26.6388203638
-29.3365835227
-24.3186954941
-24.9796050296
-28.6845212887
-30.7957747376
-33.6873007437
-30.1304093689
-31.5424025305
-31.3070830730
-24.8940225257
-23.6232567502
-26.0274753892
-24.9957329887
-24.1839096692
-24.8250431064
-25.2488802482
-25.0961618055
-27.1866671662
-28.8812232763
-29.4552685800
-28.7546956146
-29.2116961150
-31.1207973401
-30.0340468679
-23.8145642022
-25.2630675825
-28.0901225002
-26.2814459975
-23.6040334491
-22.8258758055
-25.1067553982
-25.8661699682
-28.3341674821
-32.4027855545
-28.6447075986
-30.5112804174
-30.3908321490
-31.7307466396
-31.0521998183
-24.0420333633
-25.3380318997
-27.9866061075
-25.9452898930
-28.6165969505
-29.5735872643
-29.0031409131
-27.1814357464
-27.6797698035
-30.7484796182
-28.8198586054
-30.2149212251
-28.2268527859
-28.4544215860
-29.5814039661
-21.5535745418
-22.9846516111
-25.2574258097
-23.6717416009
-25.3742764405
-28.8651134505
-32.5040066354
-27.9261955444
-27.8903717645
-32.0004774796
-30.0799438268
-31.7074919992
-28.2281175795
-29.5965894427
-28.9785774347
-23.4281833243
-23.7027508212
-23.0878366212
-25.8462048549
-26.2657776245
-27.8007359178
-28.0199520546
-23.4684527179
-22.3386815715
-22.9731815911
-24.5523126418
-27.7336284590
-27.9721093265
-30.4325423997
-32.2460979467
-28.5139026013
-30.2846631386
-28.6792833886
-29.9597544575
-26.1884921273
-28.0490802379
-28.2828306937
-25.9533914146
-23.2364719477
-23.4172414941
-25.0673792697
-29.0893137185
-28.3706825878
-30.7178872661
-31.1529199083
-27.9673232445
-28.6656721225
-28.9155945367
-26.0046686742
-26.1637512968
-28.3010312640
-29.0261625313
-25.8639160936
-26.6264324726
-30.5001676920
-34.5675905414
-35.5681265720
-37.1556937326
-34.8114762278
-33.9531814098
-30.1514073792
-31.1358467390
-32.6797945514
-28.8460273660
-25.1298495251
-23.6413058835
-23.6953457949
-24.9069994714
-27.7758552697
-32.5940334199
-28.5329900058
-30.3055085839
-29.7529793287
-32.3887185889
-31.9209536725
-28.8957614802
-28.1062245675
-30.8384624098
-27.5215273764
-23.7026394900
-23.2558311912
-24.5986342303
-28.3044929860
-27.9639663880
-30.2822616987
-32.0385616094
-27.6153835511
-29.7730570356
-28.4481117667
-29.7750105798
-30.2636429815
-26.6341404364
-27.8854406825
-27.9823469224
-23.7625904812
-23.5191034200
-25.1071852042
-29.3755660866
-28.5786163974
-30.8358693499
-31.1899075209
-27.9554156425
-28.6237870882
-28.9268147131
-26.0206127964
-27.0765574537
-25.5665134215
-27.7783123973
-28.1695337063
-28.7428100347
-31.6412040224
-28.4851123341
-30.6707449164
-29.5580871821
-30.4011746061
-32.3021638815
-29.4376868055
-30.5898967455
-32.6468680586
-28.7977431946
-29.7676197962
-28.5859023236
-29.4336308575
-29.3549847708
-30.3747378607
-34.5452149406
-28.8359619579
-30.8029713302
-29.5710718827
-32.3234196809
-31.9441785422
-28.9206032903
-27.9886761592
-30.7705005354
-27.5089336436
-28.6327469175
-25.6317799783
-23.7254138534
-23.7199390487
