-33.0543505929
-34.7438134632
-34.5730718502
-34.0600482443
-33.1595059155
-32.4454356998
-31.4656064121
-32.9009136955
-35.1541375765
-35.3450384746
-34.7020138807
-34.0935456500
-33.1721980344
-32.4511953120
-31.4623078074
-32.0721833040
-33.7787036936
-33.8879511953
-33.1386812089
-32.4509338057
-31.4628178742
-32.7786128826
-35.6680634888
-35.8968983336
-34.7969691524
-34.1159199751
-33.1806076635
-32.4596023522
-31.4664025824
-32.7361155144
-34.5691518450
-34.0471321624
-33.1372947072
-32.3800215738
-31.7088306107
-32.6253300443
-34.6947266566
-35.7140640024
-35.3364320691
-34.2255933938
-33.1831178650
-32.4022573795
-31.7168428024
-32.3028784963
-34.5668759616
-34.3350596783
-33.2283519862
-32.4272131100
-31.7296540238
-32.6142302658
-34.6713490280
-35.5912505445
-36.2785421809
-35.2111148812
-33.3714063017
-32.4509066193
-31.7345838066
-32.3098368950
-34.5682482224
-35.5630182204
-33.1544647978
-31.5186520669
-29.9280410054
-30.7740956050
-32.6820341992
-33.5571728854
-34.0742433763
-34.1574282772
-33.0895646241
-31.5149832106
-29.9229183289
-30.6853828131
-32.6362900103
-33.5465469255
-34.0681135128
-32.0730014855
-30.0285151122
-30.8111725446
-32.7060720682
-33.5772402592
-34.0901214701
-34.2151616223
-34.7698475832
-32.5550159112
-30.0986713114
-30.7389670169
-32.6691220005
-33.5595355045
-34.0792883768
-34.2138838661
-30.7818812411
-30.3059099164
-31.9580099005
-32.3675365879
-31.5635560713
-30.7118208500
-30.2308045175
-31.1743310680
-30.0632151911
-29.9728155524
-31.8200588349
-32.3192368862
-31.5420944273
-30.7059110654
-30.2336176527
-30.7045012601
-32.1167507190
-32.4421772268
-31.5872146274
-30.7067732596
-30.2334221702
-31.0565625927
-32.5827265240
-32.0493066831
-32.5266606015
-32.5440947883
-31.6069907206
-30.7186484959
-30.2343853421
-31.0616205396
-33.3321376306
-34.8007571099
-34.5728116385
-34.0700877567
-33.1630310725
-32.4537974295
-31.4667987257
-32.7615334124
-35.0097653810
-35.3146234788
-34.6931977521
-34.0951341067
-33.1723974006
-32.4543476284
-31.4696286904
-32.3446677263
-33.8685375873
-33.9131930280
-33.1413985444
-32.4544615520
-31.4548807684
-32.7302484519
-34.9256069548
-35.2709700498
-34.6718798094
-34.0902483402
-33.1777310939
-32.4604153521
-31.4603762853
-32.7737801939
-34.5723339367
-34.0565217926
-33.1462001627
-32.3866640935
-31.7153475558
-32.2994271306
-34.5697059259
-35.5456746566
-35.2136988743
-34.2028591739
-33.1745399397
-32.3965081240
-31.7099750246
-32.6157462258
-34.6803308635
-34.3550506710
-33.2410065621
-32.4411169615
-31.7280875749
-32.3061965200
-34.5524167338
-35.5552623576
-35.2077036484
-34.4777074889
-33.2409017005
-32.4242109655
-31.7193931364
-32.6199355054
-34.6819529794
-35.5871700104
-33.1756778801
-31.5218768802
-29.9295310737
-30.6985086192
-32.6349928354
-33.5373514830
-34.0604663949
-34.1143599995
-33.0348269486
-31.4993692108
-29.9227616841
-30.7770783308
-32.6798424655
-33.5568078122
-34.0801104387
-32.0650501395
-30.0276632746
-30.7086995994
-32.6666001475
-33.5589451733
-34.0834621212
-34.2171125630
-33.0543454185
-31.5009693189
-29.9131688025
-30.7635680326
-32.6860033993
-33.5639720498
-34.0913823967
-34.2118539558
-30.7892215429
-30.1357171809
-31.8838366057
-32.3386155411
-31.5577161945
-30.7035859892
-30.2390044246
-31.0542918892
-29.9763381205
-30.1119744755
-31.8828177666
-32.3464413123
-31.5614666097
-30.7088329458
-30.2346351972
-30.4770489932
-32.0485428761
-32.4187775885
-31.5858734365
-30.7120823563
-30.2238033970
-31.0570558299
-29.9665834158
-30.0252786464
-31.8620953313
-32.3529621409
-31.5716925432
-30.7072315430
-30.2177149595
-31.0550414543
