-24.9472960357
-23.1908170657
-25.9996676870
-20.3008383320
-19.5583516291
-20.8049580182
-24.1790899210
-22.3445810030
-26.5613419682
-25.7424437845
-21.7106505871
-23.2190960049
-25.3717027995
-23.0752752420
-24.1948540889
-24.0646161311
-22.0373692091
-25.0747066197
-22.5969489384
-21.6059069065
-24.9832932948
-29.5254208767
-24.8061071845
-28.7288297827
-25.6166604995
-21.9588732649
-23.6548977312
-28.1501265386
-26.5085357967
-26.9739679633
-28.0773449289
-21.0181220038
-22.8588333730
-21.6123953769
-18.9773723323
-21.4568728381
-26.7686492087
-23.4671374269
-27.5172694765
-26.5036552209
-20.3996372737
-21.6330737975
-26.1655144985
-24.2577282645
-24.7583473123
-23.8944052406
-23.0915067693
-23.4618930621
-24.1756799794
-22.6645845977
-23.8767445019
-28.4814292306
-24.0736458768
-27.6772505343
-26.5362011131
-20.4120212881
-22.0593823517
-24.3389143526
-21.2883578386
-24.7255230767
-20.6253354570
-23.7481195844
-28.6063554732
-25.8921173461
-21.4670935973
-22.5415691282
-27.4023180039
-23.3452404875
-27.3235346763
-26.0434363250
-19.4694057742
-19.1910360500
-23.3838981136
-21.8637043350
-22.5286633938
-22.1885186300
-22.0301208210
-24.4823337742
-25.7438302782
-21.2796621007
-23.1634870548
-27.2233544311
-22.8200656934
-26.8953464593
-25.7888987012
-21.5857968031
-22.7132571534
-24.0298616788
-22.6734965270
-20.3632503395
-24.5210535459
-23.0660241340
-26.0337709585
-25.8636869481
-21.9067855878
-23.7545912309
-28.6045598874
-23.7594148549
-27.8384187200
-23.7451744105
-21.5651455608
-21.0143262815
-23.5946088567
-25.0839396104
-21.3598837309
-22.6384533716
-24.4220203075
-27.6231588453
-26.3035976523
-22.2752714422
-23.6023388307
-28.2488193144
-23.5290251211
-23.8015122143
-28.0303216797
-18.5656109970
-21.9405924047
-24.4280323700
-19.7483865536
-23.4423422129
-24.8156819521
-24.2520696277
-27.0822898747
-27.9051209793
-22.4437385357
-22.7472918294
-26.6189639962
-24.6782603365
-28.9030007895
-27.7665925147
-23.9370450300
-25.0389851081
-27.7420251404
-24.8939086076
-25.2038131058
-27.6273610719
-26.3157279266
-28.7694538973
-28.5664667038
-23.1080386309
-24.8367604014
-28.8084688295
-27.4597044236
-31.3187757603
-29.4908593356
-23.5587578835
-25.7183088149
-29.5319119352
-27.9683925764
-28.5224222997
-29.0118586415
-27.6484382324
-27.1687319668
-25.2174412178
-21.9518527238
-24.2571612320
-29.4794682569
-25.6618778051
-29.5922008001
-27.2570939459
-23.1564250900
-25.0096886262
-28.6041365592
-26.4374371375
-26.1786959906
-26.8304152133
-27.3788821185
-27.8318888385
-26.8780106705
-23.3144034437
-25.1317305528
-30.0973857668
-26.7717406900
-30.0830210448
-28.2979514495
-23.9592886092
-25.3163734900
-27.6417025040
-28.2120077660
-29.3741070922
-28.2934449908
-23.4173813032
-26.5054119678
-26.6320535613
-23.2003736983
-24.7408988831
-29.5553633592
-25.1928194871
-29.4823215255
-29.4484732955
-24.2333266074
-25.2416875200
-28.3647533716
-27.9640194595
-28.4087537611
-24.5149702980
-23.4308488813
-25.5928245768
-25.8382250234
-21.6121248036
-23.4462932936
-27.1578665001
-24.3758527750
-28.0203766679
-27.5129170806
-22.5416506843
-23.5915147965
-26.5754995618
-25.7252024824
-26.7453466635
-24.7099051939
-23.3910300008
-27.9077683956
-25.4734844523
-21.8724363302
-23.3244546068
-28.2934967640
-24.6124125033
-28.6256007945
-26.3795212472
-24.4078691840
-24.1255704340
-27.5954922475
-23.0923456600
-22.2238647193
-24.4260581201
-25.4466140254
-29.2693012857
-25.8727723504
-21.1583490075
-23.5287221829
-28.6452189457
-25.1693810009
-27.7174461327
-23.5899082171
-22.4831017276
-23.5464955635
-27.1620065898
-25.0161524868
-22.8174480431
