-29.9355936018
-31.1002975823
-33.9895153130
-36.5238389592
-34.2731719910
-32.5301119666
-34.9831072571
-36.6117516579
-33.6632899806
-35.7857632052
-33.9646992805
-34.4905095057
-32.9112741092
-35.3416607400
-35.4034849819
-28.8419261048
-30.0161932286
-29.2092817124
-30.1231169750
-25.4087072394
-27.1797139291
-25.1295038462
-25.1121525321
-24.4259571286
-24.7940066834
-22.9022473155
-24.6765682790
-23.9452863372
-26.0508232268
-23.7793799380
-25.6090910343
-30.4013622966
-30.9902707285
-31.6290867099
-31.4013457599
-33.1739767907
-31.4475715223
-31.1010510317
-31.2115478198
-32.8381224031
-31.1985488759
-33.4562469590
-31.7662830151
-26.6945030913
-27.9257230204
-30.9982078328
-33.3439118884
-26.2428569612
-27.8639997377
-26.4019900772
-26.6155851348
-26.2404878667
-25.5906742826
-23.9870147627
-25.2468852872
-24.3660903007
-25.4125573400
-27.3110082695
-30.3406462388
-27.9959543168
-29.3273531284
-32.0204141141
-32.5484536577
-33.1758267546
-30.1317479627
-29.5542552043
-28.0563247343
-28.0876304260
-27.4665540785
-28.6654675778
-27.9825851137
-25.0888538540
-25.2921556656
-28.4303811182
-31.6666439396
-32.3995685177
-33.8795985215
-31.2439409412
-30.1900198753
-29.1002917863
-29.4446710865
-27.9197938125
-28.6065962856
-27.9468027642
-29.7584152841
-27.2602423763
-28.5279708958
-27.4506410307
-29.6158994958
-32.9531359901
-31.7038088845
-31.8465706406
-26.7578484531
-22.1323387474
-22.6948714256
-25.5996768161
-24.3127999373
-24.6970616095
-23.1670497472
-22.3155291870
-22.6974217700
-24.8845371013
-25.1901163924
-28.0752904161
-32.1944983610
-29.1214000353
-30.3030915844
-30.8069625105
-29.9230969678
-26.9427658593
-27.9071198194
-26.9132091574
-26.6149430190
-26.5015890667
-29.6712404535
-27.2445002116
-29.2372641798
-32.3381831406
-33.3669801123
-32.3344611898
-28.7905267647
-29.9632623489
-30.3738468177
-30.8492949493
-30.0630111887
-27.4900814762
-23.5478415617
-25.7339496035
-30.0576491975
-33.9092554173
-36.5152805307
-38.7626758968
-40.8783583945
-42.6765607754
-41.4231037246
-28.8689103387
-29.1016666280
-24.8209599541
-25.8990187691
-25.9917823242
-24.3983591599
-25.2672996106
-27.8563396854
-27.4450963132
-28.9998461834
-30.5242845439
-32.0570767820
-29.4639267463
-31.4643596856
-25.9496163797
-26.0730059848
-30.2683643177
-33.9687411021
-32.1379042448
-28.9460600307
-31.4198647964
-36.8723142159
-41.8392115443
-46.3871867438
-49.2638157318
-52.5582781965
-54.3844351555
-56.4443266846
-41.0281615402
-37.7074021940
-26.3646088845
-27.2762046085
-29.6150683519
-23.6859108264
-24.3353930584
-27.0232502696
-27.5700911808
-28.2155924851
-29.2573483991
-31.3000340564
-29.5689875845
-30.3719428507
-28.7981199053
-31.0435183108
-23.3948037118
-23.6741326824
-24.5454719845
-21.8381102440
-24.3839321221
-28.2885551439
-31.6612711322
-33.8447011737
-36.4099912617
-38.7627953991
-41.0253914400
-40.1334692890
-39.8724104999
-28.4214248443
-29.1030308478
-29.7324158586
-26.3673391382
-24.4780758910
-25.3188642701
-29.3382910555
-28.3101425491
-29.3370327418
-30.6375323271
-32.1369112998
-29.4583975711
-31.4551758944
-25.9634089001
-27.7217855796
-27.0935747501
-28.4739335566
-24.7000973944
-25.8610110342
-30.3159481184
-35.3118892970
-40.1790908592
-39.8166341082
-41.7126541560
-45.2776106676
-47.1407140841
-50.4401816293
-39.4448330371
-37.3684136637
-32.3574634094
-29.8211289181
-33.1455178951
-35.8996014201
-30.1329117494
-29.1885825700
-28.2744598902
-31.2275307536
-31.3465148593
-32.0500821332
-29.7464791969
-30.4366863861
-28.6936274018
-30.9831064630
-23.4033246784
-24.3756598840
-23.8878391030
-26.2724473174
-29.0424665238
