-16.9394291766
-20.2489228267
-18.0775441523
-18.4671758319
-20.3938116392
-21.5111885081
-20.3053214875
-17.4856799356
-17.6205201813
-19.8421599176
-20.4528162983
-20.0846941969
-17.9219115605
-21.6472663427
-20.5692630408
-17.9398221603
-20.6765246937
-19.4642662735
-18.0387479883
-18.9572324544
-19.9026753604
-19.5439325328
-17.5377520887
-17.8549982699
-20.5964648902
-20.5615188295
-19.3113328986
-17.1255725903
-20.6236965074
-17.9821395987
-15.3315798984
-19.0278365911
-17.5312325544
-17.4209713324
-19.0302652512
-20.4750508203
-18.6771771665
-17.4881357694
-17.7857469574
-19.9530399458
-19.8442390254
-17.8136284632
-16.8238329613
-19.7143233920
-17.7149007112
-16.4670332678
-20.4752216894
-17.9078898931
-17.6051133111
-18.1452458448
-19.9169261653
-19.4054493330
-16.8931930178
-17.7236508225
-19.8972639876
-19.3194758505
-17.8269329273
-17.0971991378
-20.4561071302
-15.8966125518
-16.1021954855
-20.3619648038
-18.1329951729
-16.9596311996
-18.2499429328
-20.8850048793
-20.9000078423
-18.6085498402
-18.3029834353
-20.5318456158
-20.0480845918
-18.9102247246
-18.1140747945
-22.3891432379
-17.2728589814
-15.8444109419
-19.8114859764
-18.1261014996
-16.6489162001
-17.7751805426
-20.9535493393
-20.3805188313
-17.3586253385
-17.1187423523
-19.8678302705
-20.4762923275
-18.3500429440
-17.5031219057
-20.7970183163
-17.7227769733
-17.1344612191
-20.9509989935
-16.9594926757
-16.3891535340
-18.1518469405
-21.1032371756
-18.6019629898
-16.0760810850
-17.1162968774
-19.8652553327
-19.9896702662
-18.0678114484
-17.4693720363
-20.9641519935
-16.8418380649
-17.8383861349
-22.4011492325
-19.3585775357
-18.4830901822
-19.8440474267
-22.1592195555
-19.5818923928
-17.6554545974
-17.9097282068
-19.7937915826
-20.8345367293
-18.9217504290
-17.9753805703
-21.8532634992
-18.4640688201
-19.7590552352
-23.6284545136
-18.0017279882
-18.1847773369
-19.3880798668
-19.9532949812
-19.9122811884
-17.5650186665
-18.3371359155
-19.7836096617
-19.6734274132
-18.8220206649
-17.0987474625
-20.7619518510
-22.5115748588
-20.7840141918
-24.0008901271
-18.7996359694
-17.7324449504
-18.0794018854
-18.7962739394
-18.3871639165
-17.3746639676
-17.2488884228
-19.0757233569
-20.5286764682
-18.7686228561
-16.1865183781
-20.0519476260
-21.6595791540
-20.1587755987
-23.4038036663
-18.3309827466
-17.8730719938
-18.7908198461
-20.1356776004
-18.7102590271
-17.5247052457
-18.0607650166
-20.2562967978
-20.4982303867
-18.5931494388
-17.8475233286
-21.2346635707
-21.3002887411
-19.0658922625
-22.5846956687
-18.4419805868
-17.6208425366
-19.0314769835
-21.1340289135
-18.7605731272
-17.0519365074
-18.9165047612
-21.4410361700
-21.4156713401
-21.0620123636
-16.6385970472
-20.0106192521
-20.0386250461
-18.1142003649
-20.9209322316
-19.8337127438
-20.1253480965
-20.2603449705
-21.5713621722
-20.3043570223
-19.3283334102
-19.9171125863
-22.3433615040
-22.8643431388
-19.8945181694
-17.7724722687
-21.8009803353
-19.9740653191
-16.1248222655
-19.6632027607
-18.8309779102
-18.1303373879
-18.5678415749
-19.8279751375
-19.7436289530
-17.9475197721
-17.6782872204
-20.5295295983
-19.9225848035
-18.0110723181
-17.0827515531
-21.0462455931
-17.8422323483
-16.3784809615
-20.0113118525
-17.3213516058
-16.6446893753
-17.9507562382
-20.1901097764
-18.6375356361
-16.9084613714
-18.0052402046
-18.7725868908
-18.3204098639
-18.1178886459
-17.3385165303
-20.1479321469
-16.3451828991
-17.0092747064
-21.0068293272
-17.8193634820
-17.0266377008
-18.6170190281
-20.7704572944
-19.6036051963
-18.7869930441
-18.7980151517
-19.4538047226
-19.6068701440
-18.2789274295
-18.3851844962
-22.3128260887
-17.5888610674
