-22.2386618435
-22.2462131635
-24.2405400461
-17.4623877337
-19.7075928401
-22.2005906469
-22.0076002036
-24.2260523308
-29.3028595529
-24.6888332198
-28.1551689645
-24.2344516059
-27.7882975343
-27.4497503560
-28.7531874357
-23.8604120002
-22.6815281450
-24.8457137599
-18.9964894884
-20.8614951911
-22.7917129663
-27.3196353811
-29.2130204827
-33.2298821722
-28.2974245567
-31.7324425453
-27.0596281491
-30.1201394179
-30.6404464435
-24.4464116062
-20.1323323880
-21.7666660374
-24.6866259552
-15.8881718448
-18.6242311631
-20.8424078119
-25.5631306523
-27.3336570591
-31.6500343850
-25.0208764374
-28.4395416039
-22.6634595981
-25.9544464906
-21.7457002210
-20.8659498664
-20.6991113500
-24.6252211336
-27.6603303070
-18.0835536170
-21.4851452968
-22.0430213762
-26.2099537615
-28.0041581071
-31.7579057529
-24.0741041602
-27.4162231556
-21.7191120046
-22.3520378219
-21.8634117735
-19.4870859494
-21.9194065107
-23.3700499400
-21.7968622730
-20.6702045307
-24.9618484793
-23.4594424097
-27.3085666741
-27.6043316902
-32.2955640712
-24.7491570472
-28.1658208161
-17.5588719589
-20.1360750256
-24.6508241637
-21.5551746625
-22.2362021287
-17.4601442198
-20.9913227659
-21.1784358137
-25.1225195646
-23.5578723887
-27.3588937063
-28.8322555688
-32.4666319417
-23.8315608507
-21.9833642547
-16.0094409457
-18.6560339737
-23.8950797146
-24.8278083423
-23.1215670647
-24.2682480723
-27.9776669916
-22.6366487200
-26.0992796033
-24.3257419390
-27.7989144353
-29.2709739140
-33.4097040138
-23.9764289284
-22.7805096186
-14.9273750129
-18.0256584118
-20.1646232532
-22.0316380813
-26.2379686104
-26.9572807684
-30.3371547370
-23.8174563354
-27.2282065428
-24.7690613155
-28.1463217666
-29.0624161231
-21.9436502253
-20.5727881997
-21.8442350658
-17.0572248926
-18.3188278779
-16.8361328262
-19.3544814619
-22.7632333642
-23.5269524939
-23.5953247697
-24.0379127150
-23.5852011071
-23.7563246854
-23.9340118199
-25.7345002070
-30.9945803936
-24.9364564742
-28.4832520018
-22.9383856983
-26.2283563093
-27.6576919423
-30.8344582557
-28.6188689641
-26.1468219930
-24.6670181551
-20.5575923495
-21.9854692513
-26.2511746877
-31.3700698451
-29.7342259500
-32.9733483467
-24.8718035437
-28.0942457428
-22.7630793051
-25.5644135961
-27.8237251871
-24.5959337227
-26.6391724940
-23.8954305603
-24.7761556505
-21.5669890591
-23.1202194003
-23.1077784278
-27.6637984904
-28.8570041655
-32.9187543704
-25.4290982768
-28.6725036429
-23.0605700409
-26.2639211794
-23.8548504595
-25.8463304391
-27.3752818873
-25.6258274742
-26.0408471800
-20.8264222600
-24.4175643335
-24.7592405868
-28.7563811642
-30.6391013652
-34.6357634372
-25.9066400175
-28.9170742352
-23.8676849840
-22.7778958500
-24.3663984176
-27.0621681295
-26.3370523595
-22.9655836660
-24.1170248771
-23.3105274569
-27.4774234143
-25.1698936581
-28.8995649557
-27.2677069550
-32.5496899667
-25.5580248121
-28.9244378380
-25.9244133939
-24.0912949761
-22.3038118962
-24.6958796551
-22.8989539027
-24.8113528559
-29.0651722839
-23.6930724947
-27.2513045449
-24.3711314176
-27.9282655739
-30.0001222484
-32.9147515122
-25.9359986416
-21.7819577001
-18.8907580321
-21.0038841510
-22.3656180332
-23.5736715211
-21.5094563514
-23.0257456718
-27.4588020978
-22.2001116486
-25.7967205919
-23.8322094420
-27.7585790133
-29.6549312728
-33.4065206306
-23.7706816377
-22.5780285657
-20.0410290969
-22.0349612822
-21.5487884730
-21.6740047419
-24.9177755996
-27.3760806461
-29.9631372270
-21.9014531821
-25.3505168889
-23.0986813634
-26.9198723914
-28.9317224893
-23.2362842307
-26.0397623097
-24.3659634391
-19.3123245540
-21.4158719993
-25.0123412362
-21.9973910958
