-31.0218133130
-31.9699382123
-29.7304600037
-25.7987039118
-27.9813656197
-27.4309439054
-29.5382825984
-33.9380684799
-37.5593663260
-31.9541934478
-32.2944377956
-29.9573905619
-32.3131018336
-33.6684101613
-34.6176250113
-31.8064126001
-30.9047659252
-29.4534704013
-25.5888903388
-27.4123614064
-29.8597671328
-32.2481175100
-35.4899168420
-38.1734555705
-30.8044562167
-31.1967157449
-26.7387080300
-27.7762928425
-31.1102982606
-31.7643191441
-30.5035245647
-31.1405579008
-31.1634539551
-25.5013866719
-26.1848737606
-27.9400061986
-31.0769031159
-35.0466222256
-37.6935112854
-31.2602229467
-31.9691821712
-28.5541008221
-30.1916834142
-31.3073018647
-29.8291009779
-28.4403623871
-30.7402162850
-32.1127530358
-24.8867094092
-26.2330698949
-28.4988802640
-30.8367095388
-34.6046092453
-37.0649666838
-32.6863153799
-32.2726680409
-28.9363260337
-27.6738108340
-29.2106410298
-28.9519322721
-28.2114329817
-30.4385635343
-33.2195811629
-31.2655980745
-33.2341763194
-30.2240338246
-31.3847763484
-32.5074269339
-36.6304830388
-30.4308814550
-31.2100797533
-26.6695292399
-27.0678630127
-30.6820829042
-30.2224013562
-28.6243424733
-28.5944466008
-30.2477182792
-30.0985120772
-32.5385681890
-30.3412715235
-31.3834843520
-34.7386066339
-37.5874290581
-31.4953469141
-31.4491004348
-26.0805728330
-26.3306687492
-30.2881934997
-30.0559059580
-31.7635410939
-34.4619407243
-33.1768857266
-30.7230177207
-33.3251326146
-30.1572034162
-31.4359098987
-34.4440145959
-36.0354086373
-28.2769273715
-29.7993384397
-26.1733415813
-26.5712856954
-29.5787604170
-28.6280695832
-29.3526182715
-32.7082858033
-34.1552753778
-30.2123838472
-31.7356621845
-29.4530198808
-30.4972186347
-33.2588200601
-33.9287086348
-31.9579050337
-30.7053336791
-24.3983850446
-25.3728226176
-27.8726475943
-30.5328780006
-32.7018517181
-34.2926840006
-37.8177099414
-31.7250957736
-32.2261691075
-34.5312554354
-36.6794831108
-36.5766049827
-38.2486852440
-33.5296642233
-35.0024004710
-29.5855777090
-30.9572238309
-35.2526335309
-36.7834927103
-34.5562603581
-34.5458363538
-35.6227452131
-30.2173524620
-30.8050841028
-31.3438143646
-33.0570847549
-35.4559197333
-37.2806588867
-32.3139096558
-32.8791258181
-29.4541293406
-30.4500931201
-33.8695861965
-33.4855227396
-35.3392684959
-34.4908255246
-35.1032046881
-28.8643354002
-29.8018175775
-29.8683955487
-32.8098369936
-36.1834703972
-38.7461452705
-33.5003625772
-34.9599354778
-30.2511036136
-31.4311755984
-34.7623273302
-35.1000096541
-35.0085264602
-36.4494339526
-38.0449938586
-30.1980967902
-31.3759472653
-32.0365006375
-34.0356206944
-37.1242211641
-39.3011845601
-36.8210758188
-36.7312328777
-30.9296685700
-32.2079219117
-33.6176248571
-35.3300070321
-34.1116724329
-34.9060250471
-37.3511736716
-30.5462057690
-32.6947211272
-34.0575380409
-36.1985108873
-35.4542756008
-39.2699203263
-37.1597536544
-35.5809288118
-32.3965145935
-34.2826755515
-33.7161777871
-34.9808559829
-33.2732223243
-34.6164352857
-33.7184394299
-29.7099615311
-31.8680983116
-30.7287009478
-32.0789488037
-35.3799366176
-36.7236556676
-35.1155550361
-36.1141518081
-30.9785819082
-31.6394576338
-35.6905374875
-33.2258935595
-30.1204229429
-30.5876933598
-31.4205703572
-29.6349286283
-32.2585078515
-30.6106606127
-32.8212526502
-36.0312258306
-38.6055066740
-35.5274430016
-36.3238979827
-30.1944874864
-31.5424905608
-33.9068650858
-33.2161233273
-31.3659828519
-32.9416685493
-34.0024702467
-31.2055681253
-32.9223455545
-33.0393567011
-34.8715062073
-37.4249067898
-39.1743850865
-35.7488766953
-35.0988704180
-30.5893866768
-31.7882663837
-36.5405727761
-31.8695443682
