-28.3105594177
-28.6030581859
-29.5850249294
-25.6784951165
-25.9634309285
-29.2993939514
-29.4385269938
-31.0436063648
-30.3089366522
-31.2895220165
-30.3140929897
-26.3889587828
-27.4264866409
-27.6684913799
-27.7239708627
-26.8687246088
-27.3207772265
-27.0920277547
-24.2157215281
-24.9839043526
-28.7146566640
-28.3984747612
-30.5028992671
-28.8668973881
-29.9873459799
-28.5254399881
-22.8505959190
-24.1313999493
-26.4339158764
-26.9894110945
-28.9150326848
-28.8137649970
-29.8235433220
-26.1475599012
-26.1445953043
-29.4564505267
-28.9764167736
-30.7278711139
-29.8743972439
-31.0814691223
-28.6277187483
-24.5209241016
-26.1397069396
-27.6317743313
-28.1686145486
-27.2434736081
-28.7580356594
-30.3309588573
-27.1485687943
-27.5191854735
-30.6166066400
-29.4671218067
-31.6183416345
-29.5096256512
-30.4961777902
-27.9023673985
-24.5285479203
-25.0427575282
-27.2562796560
-28.0403353150
-27.5433605765
-28.3340975919
-29.5612511542
-26.8037791087
-27.4775334643
-31.1551906031
-30.5169416539
-28.5324514502
-27.1065788985
-28.6620602238
-28.4294943354
-24.5391182200
-26.3914197866
-28.4391131122
-28.1690637693
-27.8463364223
-28.3594067482
-29.5656333244
-25.9556983588
-26.6179348050
-30.8198734448
-29.2037577186
-31.1091188816
-27.6001566478
-29.0467464418
-28.6287104059
-24.4312209306
-25.9584131033
-29.1043063331
-28.0706273358
-29.3744903007
-29.7473284622
-30.4069510495
-27.0972721192
-27.9230846576
-31.3948482237
-28.6416730888
-30.5302616354
-29.2807130809
-29.9955031621
-29.0909785657
-25.6107054088
-27.1209928157
-28.9960685914
-28.9884305333
-29.7009486230
-30.3143519115
-31.5735075500
-28.8925288960
-28.5203716817
-31.6835952403
-29.8732243466
-31.3519935453
-28.7451105132
-30.6599312528
-29.2520405949
-26.4444007241
-27.0053733398
-27.9303006870
-29.1711716964
-32.3681657480
-29.1534319817
-30.3421984485
-28.8760514101
-29.1125140091
-32.1448574629
-30.9387979967
-31.5087601234
-31.3137074732
-32.9662863914
-32.9895280961
-29.1374063068
-30.5344690515
-29.3624312345
-30.6023882061
-31.1624402973
-30.2834203708
-31.3488554743
-29.0639993933
-27.0305284484
-28.2742760667
-28.9573462315
-32.2869654370
-31.6940490253
-32.8106461139
-31.0827637135
-28.0252728074
-29.5577933079
-29.7581343705
-31.1076288196
-31.4840762669
-30.2515541396
-29.9456447847
-29.4492280440
-28.2069407676
-30.2180528337
-29.5740610795
-31.4069823760
-31.4510306684
-32.7207410144
-32.3716171175
-29.1115948511
-31.0767801310
-29.4855722467
-29.4420845201
-29.8048119613
-27.3576496236
-27.2624030485
-27.5407494007
-28.6003214268
-32.0601436541
-31.4962350164
-33.1555185837
-32.5691023004
-34.2521854710
-33.8942532322
-29.7551814159
-31.0274900690
-30.3573425174
-30.5856492134
-31.6814734150
-28.3588850249
-28.4471822666
-27.9367891523
-28.6721800144
-31.0494967375
-31.1448300445
-30.1711914152
-30.8941257258
-33.1829392021
-34.9363520140
-30.9564380213
-32.0624726144
-31.2164620685
-30.5506203096
-29.0382695053
-24.7256214734
-25.8567945680
-23.8619279592
-25.0092808308
-29.4151545333
-28.0614021152
-30.5958453590
-30.4414258713
-32.4199944890
-33.2959953859
-28.4973176886
-28.7928354212
-27.3470741510
-28.3028139121
-30.9932495760
-28.0833971268
-29.4894611789
-26.4608665617
-26.7622630305
-30.2134117455
-29.7096922578
-31.9063080136
-31.2001787662
-33.1284203083
-29.1567979019
-28.4732280417
-29.0971563363
-27.3204678183
-27.8351343742
-28.5690804803
-26.8547689721
-28.9080069593
-26.3786784708
-26.2188333434
-30.1937366256
-30.4523366411
-31.4503678390
-28.5519569905
-29.1584536842
-28.7686991652
-27.7269160477
-28.6489887986
-24.8286394591
-26.2631521965
