-24.9422834139
-23.3387377840
-24.9607959925
-26.3672874136
-23.8706599456
-24.1226705662
-22.8798950032
-23.2514114724
-23.4156465633
-25.7426069012
-25.5605220775
-26.3994850613
-30.4195693712
-26.1826548346
-24.1801644331
-24.1177123010
-21.9986442526
-23.7707864927
-27.2858428224
-22.5457376936
-23.6742582727
-23.8454724806
-23.2570532801
-23.4225997859
-25.7552342975
-24.4135614884
-25.1965712009
-28.3686190145
-25.8966561738
-23.9797909741
-23.0021609047
-22.9172088626
-25.9252186248
-27.3896000087
-23.9772924191
-25.1663296635
-25.1134082830
-24.7894730585
-24.2404662576
-26.2011790691
-24.3641950298
-25.3201252017
-29.0896580878
-26.2547723423
-24.4199735739
-23.7386186310
-23.9845485788
-26.6977136692
-29.4540633235
-25.3659224788
-26.6346142532
-25.5188752417
-24.5349185846
-24.1763208078
-26.3174549094
-23.6549715289
-24.8506435417
-27.6080445638
-23.4677549424
-22.2232679182
-23.2306605499
-24.0438768736
-26.7119800097
-28.9668963916
-26.2560397466
-27.9910543022
-26.1346075709
-24.6376802438
-23.1532326435
-25.4453259136
-25.9082155391
-24.9593162860
-28.2229521977
-25.5987978048
-24.4610158384
-22.6843115030
-21.6178507663
-24.3210594112
-27.2864227979
-26.6322594082
-28.0947428811
-26.4936118276
-24.0763010786
-22.4947089947
-24.9922621983
-23.9680594343
-24.9914958117
-28.3609680111
-24.3464061166
-22.3990390713
-24.0253720555
-24.2218384559
-26.8058232540
-30.2223133262
-26.5760251722
-27.3968017843
-24.5395143580
-22.3267234833
-22.2538240378
-24.5518414068
-23.0326173367
-24.4923577622
-28.4065283783
-26.1104739008
-23.4631785873
-24.5463976747
-25.4500744650
-27.8809847182
-30.3211510775
-26.6741988154
-27.4925985655
-24.9392100642
-24.0232295203
-23.3207029055
-25.6095143880
-24.2393037139
-25.0849856425
-28.3122747427
-27.8787916942
-24.7489020188
-24.8578997018
-25.8613864775
-28.1826828121
-28.7111690604
-24.1146454206
-24.1138000618
-24.0959179436
-23.4121667148
-22.4228685209
-24.5569757358
-23.7146843200
-24.6466193539
-28.7825292209
-25.4804855798
-25.2728106711
-24.4113684578
-25.8099150242
-28.4962095280
-31.9025563104
-22.8959336162
-23.6894515345
-23.2918724678
-21.7102790477
-22.0923735960
-25.3667639556
-23.9025430164
-24.9847445440
-28.7569352531
-26.0874859291
-25.0211068814
-25.7575684405
-24.6680797131
-26.7295151752
-30.4127261950
-24.6457273795
-25.4851512656
-24.2272122800
-23.3436144925
-23.1598220886
-25.6913192798
-25.9361397607
-27.4151784338
-30.3206202958
-28.4655524408
-25.9803511698
-26.6049552857
-25.4418965598
-27.1238059510
-30.1500404754
-25.5151662487
-26.5663339013
-24.5914958780
-23.1477889092
-23.0916077517
-25.6270340237
-24.7338563405
-26.0162811104
-28.5761398586
-26.3528786668
-25.8351982953
-24.5615067899
-24.3778114910
-27.1416091021
-28.0882078135
-24.1314530334
-25.4554935953
-24.5166480869
-23.7025941821
-23.5903069548
-25.8992738284
-25.3886774230
-26.0488826738
-26.7488006337
-25.7069074012
-26.5335303898
-24.5504769176
-22.5379896004
-24.5274798756
-26.1866059205
-22.6069444403
-24.2109626308
-22.9062359466
-21.7180375042
-21.5081527036
-24.0283275926
-23.5145840170
-25.9301328698
-30.1454188026
-24.1238201472
-22.4630576552
-23.8590889347
-23.3951558503
-25.7858447775
-27.6263085901
-22.5278037906
-23.8437571408
-22.6305991190
-20.9290169328
-21.3251461015
-23.8107180146
-21.0861771158
-22.8687965029
-27.6145433856
-25.3210547141
-23.3706726355
-22.4297220588
-22.2818104019
-25.1860332587
-27.3515857857
-24.4598157570
-26.4273989237
-23.8134573587
-22.9969489020
-23.2165987561
-24.9905999581
-24.0512119987
-26.3781023763
-30.4077329730
-26.4102780197
-24.8558451932
