-25.5853936641
-29.8411393212
-34.5066440604
-27.9822977207
-29.3518078509
-29.5615333720
-27.1061931178
-28.9501237273
-28.7394065677
-27.2616819639
-30.2760347415
-30.4142136772
-29.6211011573
-31.5790677934
-27.6232442963
-26.7660522845
-30.5550374274
-32.3205353506
-26.7100523666
-28.0163673413
-27.9713727198
-26.7889172667
-28.8391298160
-27.7277601153
-27.0458278675
-30.2860613087
-27.8109281985
-27.4790973298
-31.0196189848
-28.9368878885
-27.3269562857
-29.4056432079
-33.9976569719
-28.6147275734
-30.3862829709
-29.5963538502
-27.9887020508
-29.9376403531
-29.7895190171
-27.8549428366
-31.2862026890
-30.0795580407
-30.7047187483
-33.2434882755
-30.3458414127
-27.3713851841
-30.0287571878
-33.3178790628
-29.4956350614
-31.4567553117
-28.0702247103
-27.1885779854
-30.2100471173
-29.4723830072
-26.2912058843
-28.6745426176
-29.3619625945
-30.0213974766
-33.7566258167
-28.9886972093
-26.6150724838
-29.5769700035
-33.1241210010
-29.1531031579
-31.2634775296
-28.2135146664
-26.6704017972
-29.0564830245
-26.9081292155
-24.7639075706
-27.6997698569
-27.7998491375
-28.9639382601
-32.8429641477
-29.8473300390
-26.5420630077
-29.3500329717
-32.5700641784
-29.0295905964
-31.1484186217
-29.7932797850
-27.8862523988
-30.2572839678
-27.4746607771
-26.1948110085
-29.3860587069
-27.1502388122
-28.8652273647
-32.5518661851
-28.5608093714
-27.9859937770
-30.7934444742
-32.5073842183
-29.5359174006
-32.0162416505
-29.5805534293
-26.5899212629
-28.3350387478
-27.8055854472
-26.7517341648
-30.3090868196
-27.6568375101
-29.5299765336
-32.4610704077
-28.5384622228
-28.1616639166
-31.3940002722
-33.4658256195
-30.1981149241
-32.1575379255
-28.2796693044
-26.0692063830
-28.3668557885
-27.9011284852
-26.6984969038
-29.5651763248
-27.9916614689
-29.1065381914
-34.0963626537
-30.4391939980
-29.0490598794
-31.7509266460
-33.0223587928
-30.9782608616
-31.3209105519
-28.6015732923
-25.3594780327
-27.3493810915
-28.7728017084
-27.4618534443
-30.3382784321
-28.9687994310
-29.4867736250
-33.0634541128
-30.3690727557
-27.7213791017
-29.3108005547
-32.2315960091
-24.5942908786
-24.1158558646
-26.8434413428
-27.6275967036
-29.0100203424
-28.4428324573
-26.0896828493
-28.3786559337
-28.0717898711
-28.3473606250
-31.8664852616
-28.9003637288
-27.2451047906
-29.8706351660
-32.3820048740
-25.5924931666
-25.7722076178
-26.0709709042
-26.4251748325
-29.2768539170
-29.8851371326
-26.4480152121
-28.8553406115
-29.4014202793
-29.9500878024
-32.8138489142
-32.2090003096
-29.9172778176
-32.1224857283
-30.2044299136
-25.3738751217
-27.3795747182
-27.7701513337
-28.2507870994
-31.7921035390
-29.5498121886
-27.3324997030
-29.9973039255
-30.4213908604
-29.8321341978
-32.5265686772
-29.7057839001
-26.7316952657
-27.9877971292
-28.2158785885
-28.5580700269
-32.2707740561
-29.2286267109
-28.7420203386
-31.1530234695
-30.4494833735
-27.8879016995
-30.4758320670
-32.2177180542
-32.9073180172
-36.1365636654
-32.8564239557
-25.2943901153
-26.5634845119
-28.8374002546
-26.9702512268
-29.2926685752
-26.8123997546
-25.1449094484
-28.0829478989
-27.4578648213
-25.3303550252
-27.3910098047
-23.8882663136
-25.0158832192
-30.1366427932
-27.0876067350
-24.1938702167
-26.5215696970
-28.4376230449
-28.4678011389
-31.3472799615
-26.6005990023
-25.6293888822
-28.6550060260
-28.3620748882
-25.8678451678
-25.6711392843
-25.3614975895
-27.1963403188
-30.1245979783
-26.1640322139
-24.6631279241
-27.8545609197
-30.5697750025
-29.8804364917
-32.0413087203
-28.2232939697
-27.1435988882
-30.1191089285
-30.1702722682
-28.6338369671
-30.3418735075
-30.4984808624
-30.6760022464
-33.8687770755
-26.7164074857
