-28.9810384468
-25.0943351440
-20.7325505100
-23.3656457537
-20.1329240147
-21.1351254286
-25.8322207330
-26.7760762639
-27.0456129629
-23.4943949459
-21.8306885171
-25.1251009787
-23.7241593971
-25.0073285978
-28.8767841378
-29.7910505051
-24.5849465584
-19.5589924477
-23.6071080734
-19.5316391375
-22.1449467386
-25.0955546425
-24.5628544506
-25.3671639865
-22.6034141045
-21.3547519938
-25.3597421184
-20.2696349185
-21.7282712039
-23.9544727510
-28.8186973586
-26.2101479612
-22.1280200213
-25.7918322334
-20.0938262091
-20.9958758417
-23.6994845831
-24.4223672591
-25.9021102678
-22.7268697326
-20.7086692793
-24.8797963185
-22.0074772165
-22.8457425233
-27.0343811293
-27.5501895189
-24.6112603239
-21.8107531760
-25.5615965732
-22.8763141756
-21.8296606137
-23.8380389644
-24.2270180920
-25.2244047983
-22.6332491405
-19.6315928569
-23.6186842695
-20.5240560860
-21.1862551105
-25.6166087108
-25.5447850916
-24.1519774096
-24.5613605056
-27.6321445780
-23.3670918066
-22.3529815743
-24.7883933674
-24.6017748914
-26.9385623444
-23.0460409013
-21.6588114726
-23.7075705654
-20.8617812921
-23.7592957438
-26.9883598858
-25.4870763267
-23.4541294304
-23.6258744123
-27.4066082706
-23.9004962749
-24.0150438499
-26.2402522703
-28.3612126898
-28.6776302171
-25.1150200407
-20.7230482473
-24.6826360284
-21.8186889925
-23.7772335441
-24.2830089488
-26.3506105565
-28.1980301267
-25.3740162294
-28.2007474585
-24.1397720468
-24.1028841110
-26.9471441577
-27.6793141124
-28.7605976427
-24.1075860431
-20.8548979814
-24.7058686721
-23.1712675156
-23.0209997240
-24.1741368415
-28.3094590221
-28.2706822964
-24.7846843799
-28.0387559147
-24.0396733499
-24.1643847230
-26.0488438342
-27.9485698802
-29.1293099570
-27.3433535101
-21.1764563883
-24.6102777295
-24.3085459548
-24.1100794202
-26.3557163996
-31.2460472254
-28.4463770327
-23.9245419170
-27.2572790658
-23.2556512413
-22.1866414845
-24.5912162499
-25.5433377418
-27.0805590193
-23.0921773663
-22.2524025804
-25.6757104596
-23.8270893529
-25.9346846406
-30.0527652857
-32.2414193252
-27.9794056191
-22.9909420172
-26.0846223064
-21.7432638084
-22.2437974662
-24.5865712752
-24.6485262813
-24.8244967891
-22.3799115568
-20.9093159169
-24.7546227877
-23.2238885669
-24.5101984586
-28.8065774412
-34.0762810390
-28.6922590396
-22.6242763615
-25.2274768518
-23.2158932055
-22.3559422962
-24.5949006412
-24.6536774384
-25.4067045345
-22.3536728830
-21.4098884258
-25.1555470533
-23.2717701336
-25.0161473193
-28.9032390044
-31.3420537133
-29.3532992188
-21.7448432026
-24.8032137876
-22.2056058753
-21.6239922834
-23.8415977812
-24.2478441000
-24.8656180217
-23.3231186014
-21.6659485296
-25.4316486124
-22.6658701234
-25.0515089373
-30.0759305983
-31.9524263427
-28.6935238378
-24.7312296247
-27.2472576818
-23.4119103827
-21.9750271188
-24.8814624589
-24.5976917683
-27.1492070311
-25.2951966518
-22.6143909026
-25.6204523490
-22.6019564011
-25.4231897899
-30.3757476363
-31.3677551367
-28.0811044141
-24.1175116391
-27.6863527738
-22.4182584934
-22.1044391393
-24.6972907513
-27.2758550845
-28.6647892199
-25.5652240129
-22.0941445882
-25.3115848151
-22.9192258277
-25.7906282790
-29.0679180980
-32.6763923868
-28.5417245800
-21.2256364251
-24.9579647238
-21.1533027110
-20.8151373516
-24.1708887161
-26.0225818577
-26.7890428320
-24.9774120090
-21.9057447404
-24.8028150542
-22.3378077283
-24.0111458456
-28.3342982410
-30.6685027026
-26.4942487569
-21.8455063498
-25.6530487258
-21.9988293772
-22.5015806576
-25.5927430279
-27.5741354750
-28.5187068457
-23.9144208443
-23.3869934867
-26.3282051531
-23.7963545854
-24.7171976057
-28.3313867199
