-23.1445783342
-26.0083737754
-29.4882041407
-30.5319161330
-34.1892841363
-28.2948237321
-24.2798643960
-21.9844918391
-23.3055666029
-25.4460793722
-30.0351925713
-31.4635570814
-28.1517240849
-30.0274962694
-26.6785382660
-23.2909817924
-25.7747825449
-29.1576225596
-30.3924555737
-33.9860548892
-29.5520000365
-25.0656147498
-23.4444757033
-24.2634969455
-26.6058084236
-30.9674264563
-31.3443749187
-29.7810640776
-31.3298664948
-25.0464820530
-24.8484738203
-27.5630810031
-28.8786004503
-32.0201888494
-33.0077299736
-31.1002004918
-28.4505753760
-26.8286882441
-27.1269802871
-29.0041040837
-33.0729977978
-34.1217740864
-32.1793724229
-30.4752093854
-25.1556143754
-24.6430035816
-27.6431446739
-29.0596923116
-31.2703983956
-34.6615528903
-33.2924689317
-30.2212090440
-28.2339031096
-27.0678552472
-29.1638391594
-32.8793381275
-33.5699608019
-32.0712266066
-32.0288949446
-27.4449331986
-24.4438962274
-25.8577978812
-26.7460483444
-30.2407469241
-35.1571798421
-32.8998780257
-29.0470778633
-26.1777470658
-25.3989732680
-27.2873691365
-32.0446306205
-31.6154197676
-31.9882527199
-31.0040153446
-26.5210052636
-23.9391862776
-26.2229177612
-27.9180733229
-30.5557352145
-34.9321873201
-34.0024495252
-28.2650948555
-25.4916138484
-24.6374265043
-27.1503307307
-31.0189406172
-31.3602983257
-29.9304075058
-30.3904968575
-24.7333061345
-23.6002545548
-26.5422325913
-28.1805286259
-30.4964198789
-35.1207476077
-31.6951429471
-27.2694986715
-24.4651429782
-24.3860838984
-25.5613829800
-29.8461053530
-30.5111276716
-31.2382499490
-29.6450704137
-24.8903497947
-24.2887530265
-27.3815878089
-28.4394781868
-30.4748391332
-33.3765367358
-29.6898358955
-25.9784377705
-23.2033059429
-22.7826016713
-24.9000501299
-27.9335889312
-31.9795569793
-29.6353519546
-29.8983367295
-24.7985610474
-22.6359858959
-25.1745282770
-25.7753327512
-25.7169948174
-28.4418848118
-24.2737733634
-21.1655028951
-16.8697804197
-17.1347227274
-19.2249606872
-23.6739268520
-27.0738245810
-24.6479644335
-25.0983638976
-20.7080284540
-21.5010234118
-24.6650943929
-24.9203104020
-26.7440300745
-27.1329638465
-23.4565878481
-20.2177440140
-17.7931338684
-17.9111017645
-20.2291959266
-24.6612145079
-26.2184527345
-23.8023316896
-24.8031866033
-22.9051161323
-23.7396271115
-26.7931427836
-24.8580226818
-27.9519992245
-29.9847011398
-23.2529584939
-20.8373485701
-18.4905845423
-19.4740895967
-21.7014072450
-26.0018322244
-26.8363845506
-24.0161092883
-25.9493859595
-24.7095945016
-23.5671286801
-24.4649953956
-22.6860837901
-26.0740727128
-30.6548046780
-25.7469411745
-20.3595374663
-19.1233602531
-19.6483448049
-21.9793147832
-26.0800485272
-25.4653699928
-24.6288641077
-25.6209701832
-24.1919205680
-23.5746411658
-23.5076217330
-22.9467940400
-24.5754611351
-29.1469150253
-24.2829908135
-20.3775438685
-19.1212798527
-19.5076828181
-21.5108415549
-26.0496542337
-27.4462459132
-26.2687564604
-28.0858775457
-25.4318686961
-22.8600243969
-23.2693453758
-21.4896893115
-23.6620425590
-28.2353815152
-26.2536072168
-21.5873658432
-19.5057357596
-19.6477674212
-21.1188188199
-24.9906025362
-29.2807027241
-25.0817582343
-25.4098257801
-24.2118067065
-23.0633728246
-24.5985073583
-29.1680064199
-24.2552763127
-20.3445759329
-23.7902596544
-21.8167276944
-22.2205570519
-26.4798710781
-27.6042591987
-26.2676677135
-28.0732449758
-25.4372593527
-27.2396947090
-24.4266147952
-21.5558361972
-23.7577797965
-28.3692546517
-26.3637596617
-21.6398483710
-25.0261544543
-21.9385586200
-21.8310471176
-25.3533507468
-29.5272087168
-25.2567616810
-25.5032353465
-24.2606747450
-27.2575703482
-23.5055905206
