-31.8508635028
-34.1462883584
-35.2057902478
-27.0941689976
-29.8491851739
-26.6346168441
-25.6515275984
-29.5268604617
-30.2477364045
-28.7508351744
-31.8716700792
-31.1649103672
-30.6459833894
-31.6821958007
-33.4779390560
-27.9525481442
-30.3368764041
-32.3482343119
-27.0167915914
-30.0642288371
-26.1195942558
-26.9060384634
-31.2981620761
-30.3273754437
-27.8128377201
-31.0553314273
-30.9846884790
-31.8833822055
-33.5560142302
-30.7680887280
-27.9497453668
-29.8900125375
-32.2740338312
-26.7199714913
-29.8139012326
-27.7072978868
-27.2472563918
-30.4400393641
-29.3148720322
-27.4685801128
-30.9617419319
-29.8607846762
-32.1909343643
-34.1804926114
-27.3491312428
-26.5649448151
-30.2239639121
-33.2527756336
-28.1382202549
-31.0188253987
-28.0513095192
-27.4047363091
-30.9732287960
-30.1104119093
-27.9859031536
-31.6106427294
-29.7652856614
-30.6768010050
-34.6102212702
-29.9878003801
-27.5162894912
-29.1440384694
-30.3972338884
-29.3671577669
-32.5513211508
-26.9570813966
-26.6010909529
-30.0962025243
-28.8362014654
-25.6635452387
-29.1402854493
-25.9698572515
-28.5414099911
-32.5583352272
-29.2255740790
-28.6108438227
-29.8375442669
-30.5399956431
-30.0707768693
-33.5122067304
-28.4164759770
-28.1253235944
-31.8893877791
-29.8797335291
-26.9397041745
-29.9625158148
-26.9450857661
-29.5834765949
-33.6696788539
-28.0400479150
-28.5574861684
-30.0362476690
-29.0543482630
-28.9259564072
-32.1211393557
-28.3329894233
-28.3357896151
-32.2083206439
-29.5911767987
-25.6045095237
-28.9675527321
-25.6274936032
-27.9969589108
-31.9123899782
-28.8953226136
-29.5171446070
-31.1964490625
-32.0049813570
-29.8021943078
-32.8945469164
-28.0851901280
-27.7765595360
-31.6141562404
-27.8970272333
-25.5778850674
-29.2371916810
-26.8083166344
-27.8527666347
-29.9791978596
-31.4197418196
-33.2436824605
-34.9530974685
-34.2448153984
-30.9985612595
-32.8132469370
-29.4785271098
-28.4941252495
-31.3616912929
-29.0306275606
-25.4313405078
-28.0553266154
-27.5640687744
-28.0535996465
-30.7382407510
-29.8791910979
-31.4839468015
-32.7579474086
-32.7936495002
-29.9173153582
-31.6505133977
-29.0368169764
-28.3123122997
-31.1054862812
-28.3133880976
-25.7349494308
-28.2091907506
-27.8851778912
-27.5018173144
-30.4218452519
-32.6723338664
-33.4171841434
-36.0406711126
-34.9251965599
-31.3909334008
-33.3482086153
-29.2498941728
-27.7243126352
-30.0885851882
-27.4295794114
-25.3629915414
-28.4014018146
-27.3748404321
-28.9564879173
-32.1604714616
-33.1929748402
-34.5833508503
-35.5775395837
-36.0186243237
-30.4568405026
-30.5626651368
-28.3165870218
-27.0533092798
-29.4917655452
-26.5544392467
-25.9964739478
-28.5370951410
-27.1330907312
-29.5662806118
-31.4878124389
-32.4156291544
-33.4407443105
-37.2257813964
-36.5779086254
-31.6509431999
-32.3880363526
-26.0533515802
-26.7148850655
-29.8786486605
-29.5511611486
-26.0985883057
-28.8630938915
-28.9547117492
-31.0266744835
-33.6890911655
-35.6606480981
-35.7022625567
-35.0060149610
-28.8564565523
-28.8210237403
-31.7634931954
-26.0528324508
-25.7753612317
-29.8955326433
-29.1774103045
-25.0996390627
-28.1101963429
-28.8412425849
-31.1287137401
-33.9692990635
-33.9316991276
-34.9187767192
-31.4658394342
-32.3405341158
-26.0419346255
-26.7055368594
-31.0483652596
-30.0347200577
-26.1626133546
-28.8971505645
-28.9685133300
-31.0380124664
-33.7381456083
-35.6553208781
-36.0142538157
-35.6115522214
-28.9651461042
-28.9187339101
-31.8321256634
-26.0955214268
-25.7971685345
-29.9978489463
-29.2666020971
-25.1141953891
-28.1349798976
-28.8596865511
-31.1358494976
-34.0408119788
-33.9315088234
-35.8396556348
-36.4994204933
