-27.7260538384
-29.4689148124
-29.7504134619
-28.2366308033
-28.4753071484
-28.0004840784
-27.9991933766
-30.5328650558
-31.5091938227
-30.8474351924
-29.0177865653
-28.5103502960
-30.1422535447
-29.9170784514
-32.5981191358
-32.5856561698
-29.4777982578
-29.8704591158
-27.1877947553
-25.5194953518
-26.5010725288
-27.3538085903
-30.1214909702
-30.3852317834
-30.1980760905
-27.9945069732
-26.8007005886
-27.8995555619
-28.9046565841
-30.2236014329
-35.0273173605
-30.8727624630
-32.5987664291
-29.2191244485
-27.6546833265
-28.5272808901
-29.4649119541
-31.9213524008
-31.5670902879
-31.0116844794
-28.0494103623
-27.0560783998
-29.2165055048
-30.2678931066
-33.6450545351
-33.2915471903
-30.5430094362
-32.1600442498
-29.0476578357
-27.0638575672
-27.5337961793
-29.1544055150
-32.1785387051
-31.0871950810
-29.2328975563
-26.7851901514
-26.5778013510
-28.5211005308
-30.5951229940
-33.8307796850
-34.2772823140
-28.9460885040
-28.4380774437
-25.8596128910
-24.5340835765
-25.6551239583
-27.3319883420
-29.0558836306
-28.9241892939
-27.7030218738
-24.6593438446
-24.6142793031
-27.5170765957
-28.9889418971
-31.1911684468
-32.3427970470
-29.2824517109
-29.6020060119
-26.7449608858
-25.1153113260
-26.5853785611
-27.8955514091
-30.8542874289
-30.4884750075
-28.3692443069
-26.4173141059
-25.9740853764
-28.1379820505
-30.5126643459
-31.8675403505
-32.0931491212
-29.8002847929
-29.9090364840
-27.0453242695
-25.6451012740
-26.8083140466
-26.6905934551
-28.7512572002
-29.5184793302
-28.4992336865
-26.2048065045
-25.9015665467
-28.4516162190
-27.9773640664
-30.6050019666
-32.2066946570
-28.5721836014
-28.6417844302
-27.5170934285
-26.3009709504
-26.8667736713
-26.7757862803
-28.8368591111
-29.0018385628
-28.1467295740
-26.2844572093
-25.3612917509
-27.1451808679
-29.6766324196
-32.1442567798
-32.0061128237
-27.4550063699
-27.4964616093
-25.1074117522
-21.3736050528
-20.5219459165
-22.9262360057
-25.9096641736
-25.3948461249
-24.9790807331
-23.7751246670
-22.3761494913
-24.2253390118
-25.4949681234
-26.9545491919
-28.7669139241
-27.8134332260
-28.6264979514
-28.2811050077
-20.3942258991
-20.1720917231
-22.5395586330
-26.3706766365
-26.7056650259
-24.9687615861
-22.8219635645
-22.1589062683
-24.1430991324
-24.3246052955
-26.3872874634
-29.8963676644
-24.8815440096
-25.0194860574
-26.0120685320
-20.4369071191
-21.1695717740
-24.2047874615
-27.1934171403
-28.1997648779
-25.5048846502
-23.3778407617
-22.6058815889
-24.5222963655
-24.7170280176
-27.2256406792
-26.8034373402
-25.3474513302
-25.3224502836
-26.5982117927
-25.0273053574
-24.9939956596
-25.6875442791
-27.9438614704
-26.6619546198
-25.6975488410
-23.7413036026
-23.5490588492
-25.8938987040
-25.9875141099
-27.6295916451
-28.7422546506
-30.7532074634
-25.7593627278
-24.7376792561
-23.4876695706
-24.6079215892
-25.9563275387
-26.8351663448
-27.0163125987
-26.1387411911
-24.2781788455
-23.1890447829
-25.6036162537
-25.1406968616
-26.9055555764
-25.0580478912
-20.4750728237
-21.6499111878
-22.3980461237
-21.8203357117
-22.9855889069
-23.6671056909
-26.2833412707
-24.2283191506
-24.0485839899
-21.4875402958
-22.8039455077
-24.0927526814
-23.3007339132
-24.4087728074
-24.4738516593
-24.0596539964
-24.8395372936
-23.4358537580
-22.1002161998
-22.7109502065
-24.6743739921
-26.9788291530
-25.1482468874
-22.8706736664
-18.4931568807
-19.5610443692
-23.4695803127
-24.8254910327
-24.7324413602
-26.4682431068
-25.9627214950
-26.3019405936
-24.3898343104
-21.4707249157
-21.7820301969
-23.7598368981
-26.6353638194
-25.9289561042
-22.6123325077
-20.2396458296
-21.0168196591
-24.0039324103
-23.6300002596
-24.2475023312
