-22.5146430308
-23.0989791224
-26.2319837392
-25.6816370804
-26.1378815818
-29.1117734939
-25.8836080390
-24.7362163726
-23.4355754212
-25.8725160211
-27.2123414054
-27.4687147466
-27.5547995384
-26.2418342549
-24.0630846456
-22.7948199738
-21.4067516390
-21.5056243735
-22.8878580015
-22.6242258723
-23.9909192323
-23.1285422938
-22.1570213491
-21.7995653682
-24.7795901735
-24.0092259792
-25.0248598827
-25.2174243898
-24.5412180364
-23.2769924939
-22.2789390087
-21.4222594911
-22.4535528010
-24.5203609603
-22.9409917043
-24.8934606767
-24.2081482044
-24.0315783050
-23.8193050098
-25.9855994121
-24.6034876283
-25.2246093437
-27.5084598313
-26.8643877449
-23.1230687764
-22.5984882013
-22.6365270307
-23.2797409005
-26.7480847143
-25.9975691647
-27.9056854192
-25.0243045012
-24.6341848599
-23.6958455025
-25.6314097231
-24.2457196840
-25.4831951517
-26.9908053682
-25.2194335850
-22.3397107703
-21.5336495790
-21.5768408606
-23.5541582184
-26.7069168780
-24.7845536242
-26.2782457758
-25.3565302577
-23.5432759311
-21.8965984906
-23.9742475443
-25.7346594440
-25.1248148787
-25.2106446444
-24.1762405405
-23.2791531574
-23.3385914933
-25.4407197796
-26.9097474498
-29.0810232013
-27.2504035265
-28.6093757583
-25.5460110533
-23.3699489629
-21.6206910862
-24.0864816912
-23.0349851365
-24.2185152482
-25.0553810449
-26.1913298594
-23.1607114615
-22.5903711485
-24.0917662021
-26.7975146069
-29.5313384449
-27.7451412247
-28.4950651102
-24.4246729113
-22.8598431578
-22.7640502499
-24.7984302905
-22.8709960125
-24.4599581514
-26.4502160077
-23.4242736812
-22.5381786103
-24.4722217682
-25.0177021186
-25.9336023705
-28.7846976533
-26.5808280914
-27.3649135454
-24.1261271061
-23.8968274191
-23.2023518332
-24.2113536013
-22.2233417058
-24.4399956292
-25.7924031605
-22.8631896601
-23.3918184055
-26.6170700223
-27.8296427397
-29.7323073742
-31.7090429051
-31.3067322423
-32.2452771930
-24.2431680423
-23.4902652135
-23.4609868545
-25.8709431015
-26.3860550284
-27.0159268044
-28.4757317693
-27.5919696932
-27.9313959036
-28.5883426211
-26.2124704499
-27.0653113768
-27.5022976038
-26.3282556429
-28.8660494271
-25.7110189986
-22.9172153340
-22.9926651149
-26.1508041319
-24.1564010070
-25.9279126596
-28.0888020250
-25.9225815564
-26.7476329092
-29.5503947536
-28.8853309999
-26.9967229159
-26.8429390455
-28.9431730980
-30.5922049854
-25.1167392401
-24.2488383444
-24.1547271091
-26.2924085456
-26.9534966929
-28.4822914312
-29.4168077260
-29.3434280055
-29.9219305557
-26.0938151600
-24.0070562531
-24.7781687289
-25.8609191325
-25.5263126403
-28.8115344177
-26.2565575778
-25.3124327748
-24.2875995490
-26.6684547283
-27.6704733902
-29.2056944168
-31.1171802778
-26.8386034682
-27.6440198133
-28.7688998191
-26.2892536430
-24.6032921505
-25.7512793331
-25.0510415924
-26.9497915786
-25.1643813109
-23.1816850584
-23.3122984508
-25.9509239237
-26.5665203255
-27.9312457261
-30.3030980700
-25.9045583229
-26.9909723635
-24.2788390805
-23.0067644521
-23.9196315512
-25.5836718627
-24.5769175448
-26.6079639020
-23.0168440920
-22.2508853244
-22.2296592889
-24.6736140612
-26.1557132116
-26.7057297563
-25.1900335396
-26.0616887164
-27.1704252872
-25.0139232126
-23.7845777324
-24.5938416699
-25.6982000111
-24.7073833475
-25.6797702788
-22.8802212325
-22.3442185203
-22.5245129585
-25.2362347154
-27.3535160072
-27.7662779320
-27.7367251239
-23.9835452691
-21.9442418553
-22.0264183075
-23.4892360173
-25.4185228075
-27.2730859685
-25.2035645552
-27.3258817722
-24.7550512995
-24.1225216890
-23.8603472755
-26.5518927879
-30.4955330852
-31.1961564906
-30.1212320580
-27.4602326154
-24.0680972821
