-19.6451161023
-17.1457059978
-21.4227242324
-22.0154441003
-17.9162257356
-20.0905159514
-19.3973089733
-21.7632703446
-22.1415419833
-25.4196659276
-23.8321201172
-23.1595774104
-21.9179928264
-23.1641447119
-25.4351867248
-22.9786266185
-24.9928913674
-22.2212444763
-23.4080615738
-19.4590892237
-19.8223449818
-22.7194478675
-25.1353010266
-23.7640002881
-26.0835814645
-24.6241699431
-23.3683514449
-24.3009829802
-21.6527372772
-19.8347289945
-21.2994640952
-23.8365385308
-20.1752634579
-23.9832086681
-23.6442704782
-26.1022506859
-24.4295560994
-24.5583298786
-24.2699517522
-25.8414757434
-22.6856384565
-21.3953566941
-23.9786828058
-18.3377948578
-19.5283547726
-21.5187411183
-20.2766192112
-18.1961658138
-19.2321003318
-22.3601173316
-26.1493347841
-22.5808365221
-24.1579260310
-22.7348055476
-25.4723762976
-21.2905767613
-20.1622787614
-22.3696040565
-24.6642321930
-21.3964493192
-19.3886585470
-18.7718502724
-18.9610126484
-21.5999026193
-23.2373949889
-25.7049111504
-23.5642404607
-23.6242833687
-22.3436074776
-25.6187318436
-21.6343463828
-21.0994725219
-19.5797019536
-22.4661724176
-24.7844552321
-21.6092689516
-21.0567874233
-23.8883841248
-24.8348547746
-24.7408924179
-27.7999837725
-25.7765380105
-23.4741994016
-22.5078995345
-26.0545192973
-18.6937116185
-21.4203551482
-20.2506394543
-21.3170264534
-20.2426376185
-24.0423350108
-25.9439085725
-26.1855883750
-24.7826557650
-24.9980956135
-26.3251356939
-24.3000185146
-23.5370476776
-23.6262537291
-21.3592739840
-17.4642674804
-20.9178925433
-19.7068963581
-18.4803223574
-18.4500665787
-22.7582893281
-26.2889753130
-25.5068731359
-24.5429773828
-24.9740629160
-25.7076116572
-24.1205137869
-24.6067150372
-19.3688397192
-18.1508876548
-21.9364367875
-19.7126352594
-19.3547779283
-19.3661974745
-23.1211812709
-28.0024997384
-28.7728793838
-25.5867672192
-25.2090057021
-26.8375250880
-29.6676065618
-23.5956781884
-23.3963196844
-25.0103113278
-26.4995164358
-25.0572737350
-23.9613301752
-25.6952871944
-25.8789811947
-29.3446254913
-28.1977116617
-27.0030961714
-24.8993381085
-21.6843782592
-24.8535006925
-27.7406852602
-23.8256005806
-24.3777558231
-23.5572717027
-26.2648338715
-24.7377543423
-24.5662087304
-25.8199933797
-27.3127482022
-30.1887990796
-30.5238081381
-26.9853111443
-27.0800230618
-21.3767418324
-23.7878193712
-26.6682579594
-24.1553834638
-23.6336859457
-21.7951275265
-24.3138537543
-24.7315157302
-24.0365482195
-24.1261996069
-25.4045568144
-25.5806800788
-27.8334449338
-25.1426723961
-25.8463576193
-21.5721466905
-21.6523618473
-24.8917738395
-24.1983054697
-24.0825435715
-22.4509338549
-25.5227059202
-25.6052836890
-24.3637406334
-23.2535591894
-25.9566278785
-28.8045048202
-28.8707785628
-24.7571588912
-23.5296957233
-23.0887415371
-23.0527701653
-24.5801397718
-22.6228070083
-22.8530996589
-23.7972879832
-25.6758451027
-25.4367065683
-25.6213637434
-25.7375877989
-26.2834797963
-28.8978418772
-25.5496838018
-26.2215234975
-22.6726408093
-22.2036484632
-21.5471547047
-24.7194268809
-22.2362849820
-22.3636127191
-23.2340433050
-24.9876819629
-26.5497761516
-23.7917342076
-25.0465610341
-25.3042302767
-26.8907325731
-25.8235444295
-23.3539206929
-23.3737226824
-20.8371802728
-19.3898961728
-22.8233228734
-21.9627052469
-22.5094569211
-22.5411134390
-26.1122940831
-24.7692891648
-21.6871201926
-23.6437189896
-23.9467686712
-23.2276092113
-24.9865958027
-20.8350817486
-22.6861070949
-20.1448070229
-19.5115743471
-23.4113666524
-24.0546620726
-24.5972645585
-23.9105034291
-27.7075917538
-25.9501316475
-22.9407263160
-22.5878635380
-24.1958742366
-24.8167137394
