-28.7851326397
-27.6971548092
-31.2577917095
-31.8336597535
-32.4790923389
-30.0577753408
-32.0910894346
-31.6173551734
-32.1194835889
-29.9058932277
-32.6674131391
-28.3450950954
-30.6545250580
-29.4654479086
-28.9234306682
-27.5225099786
-28.4217255266
-31.9937987097
-31.5860520877
-33.4132356584
-31.5036063862
-32.6691931997
-32.2005518476
-33.1829482727
-30.4196988361
-32.5045633083
-29.1539912445
-31.0620218558
-29.1599579927
-27.6090711780
-31.5219571302
-35.6989406488
-40.2481854840
-38.9142122476
-37.5952651957
-37.5561234005
-41.0134667241
-42.8701714438
-45.4639792083
-40.3248624937
-39.8603367549
-37.1511744392
-40.0322292146
-36.9672293548
-38.0796680400
-40.0229146807
-39.9122858811
-42.9327063795
-39.2419184407
-39.3920502307
-40.2839044053
-43.6824771182
-43.4995832936
-45.4781251406
-41.5821845711
-39.7667848303
-38.4658778638
-40.2329417456
-37.8763533777
-39.7229048505
-32.3240307276
-30.7823783680
-34.4051640692
-32.8071559101
-33.3941832437
-30.7598305631
-33.0504254065
-31.2179456614
-34.2380926124
-30.8986347647
-31.5816310780
-30.2920552592
-34.0380156747
-32.1819266373
-29.9272500135
-29.9093303550
-30.4579616182
-33.0749137878
-31.1709250089
-32.7374295216
-30.5601523426
-32.2394282531
-33.0131283922
-34.3464792123
-29.8888694205
-29.9831139813
-30.5094447110
-34.2681114567
-33.1547211172
-30.2191092263
-29.3269362803
-29.5027695302
-32.5466735969
-29.9921100598
-32.4671381283
-30.6260195776
-32.7648617917
-33.2152184118
-35.0113149980
-30.8717112614
-32.6098183144
-29.7263302769
-32.8466886689
-32.4434277939
-30.7880370019
-27.8381870085
-28.5151765102
-31.5568035009
-28.7687237575
-30.9991917124
-30.0692026509
-32.0798563136
-33.1437935280
-33.4526260191
-31.8301993235
-30.8065664107
-29.2853023956
-32.3843894925
-31.6341252367
-29.8322545934
-28.8138116027
-27.5289673715
-29.9107582779
-28.2592161487
-30.0842819853
-32.5969863826
-33.1460551587
-30.2008115480
-32.1497846627
-31.1685559195
-31.6857675623
-32.5922520822
-34.5274156920
-31.4749688538
-29.4203600732
-29.4419265797
-28.6189660571
-31.2836575379
-31.7483180659
-34.5558875069
-34.8365692307
-33.3835378631
-31.6648638840
-33.5682597138
-32.3308428462
-32.8583684329
-32.1643112127
-34.2086615023
-31.2401400400
-28.5832264220
-29.6848245580
-30.1376435240
-32.5903749254
-29.7063302134
-32.0415987068
-31.3047709477
-33.4296121654
-30.6993371537
-32.2924946239
-30.9412719528
-33.1013997220
-31.9653165422
-33.3100701193
-30.0516856042
-29.4424845471
-30.1705091757
-30.3772687805
-32.9588515807
-30.0449446953
-31.8074133051
-30.7342521345
-31.9254290548
-29.9896503465
-31.8289163878
-31.2647216411
-33.7651817382
-31.3296826581
-31.7874119626
-30.4263633625
-30.2089739133
-31.8775358532
-31.6732424386
-33.6341748400
-30.3563405098
-33.7114111145
-30.8373749603
-32.7205960191
-31.3465433489
-34.3769848308
-33.0871631656
-34.6186736280
-31.4788772069
-33.7072930383
-31.7488695509
-32.6369877801
-31.8342487845
-28.5208519719
-29.9635786679
-30.6259289580
-32.3018014024
-30.2303980137
-32.2819553954
-32.7118640425
-34.6562437978
-32.9618848043
-33.2840813101
-31.5122386841
-33.9913458624
-30.1933094163
-31.4216409724
-34.3584424814
-30.4242972069
-33.7533362739
-30.8410101574
-32.7162423270
-37.6128016329
-38.2787053854
-33.5765191711
-34.7997330896
-31.5177536198
-33.7481139163
-31.8448074228
-32.6868655812
-33.9193280649
-34.1287402504
-33.5716955355
-31.5041099786
-32.6228366728
-30.3122456175
-32.3185869951
-37.3592894094
-37.8059382793
-33.3992230604
-32.9188268802
-31.4529712499
-33.9870866749
-30.2749097545
-31.4679845563
-34.4942613508
-32.4817734228
