-18.8545613923
-20.9741889297
-23.8534600761
-22.1568530535
-23.4827527327
-23.5375098439
-19.0944780302
-23.0739702928
-23.7353057847
-26.3786228082
-30.6581602560
-29.0409713000
-26.6580436738
-25.8131204208
-26.8229855889
-23.2469166672
-27.1518026663
-28.2457731588
-22.7806015329
-21.5039867251
-22.2168299381
-24.1650760302
-28.5943689129
-25.1070220859
-25.7463845119
-29.5396691035
-29.3412388615
-32.8989148437
-29.4424651210
-19.6691475092
-21.4367251964
-20.9360996133
-23.6771348442
-20.2724635928
-21.8043462756
-25.2648256610
-23.2309298220
-26.8617364231
-24.2375508442
-26.0485654976
-29.4543610734
-25.6510537770
-28.5623356817
-25.6064941225
-23.5297267918
-26.3925887916
-23.4144438886
-22.3200498917
-18.6789921768
-22.8744887965
-27.6683166026
-24.4981743429
-28.1216482514
-23.8334820199
-24.8894409987
-28.4327825798
-25.2417509591
-24.3219267970
-27.4003502451
-25.1458700256
-25.9534030593
-24.7939587969
-21.5042741214
-23.8844447006
-27.3622700010
-29.0099090083
-24.7559924657
-26.9588808684
-23.1172573806
-23.5016381543
-27.3526033199
-21.2974108797
-23.5174657631
-20.2543782206
-24.2300836622
-27.2839682526
-21.3294001083
-23.5469072428
-26.6279005351
-30.6947012375
-30.8237170826
-26.2323617675
-29.5182437034
-24.3227967520
-25.6810661670
-26.1387890881
-23.0096941013
-25.7298228672
-25.5502417692
-25.2806429129
-26.7580582153
-27.6697238251
-29.0575989667
-28.2003163725
-31.4979982383
-30.4080281457
-25.0541304767
-27.9388138765
-24.5815858211
-24.6989245238
-24.1797527551
-22.1387586219
-23.0391278156
-26.0361219332
-30.7061414847
-31.1797735013
-31.2369126363
-30.2615781119
-29.3897936052
-32.0670347365
-30.0026117376
-25.2499003768
-28.0318272890
-21.9249408650
-24.7506147528
-27.2892540563
-23.0156854467
-24.1610408064
-22.6426879691
-24.6953307519
-28.1911649389
-28.5499296724
-30.2150286909
-30.3183819588
-34.2793821248
-35.9388545451
-27.5888846892
-30.0347446382
-29.5160610379
-29.6368083670
-33.9721121999
-29.8679527981
-28.1128709721
-28.8352447678
-31.6039329024
-27.8872194518
-30.1674746637
-33.3770079606
-28.9133484311
-32.6697666901
-32.6873536449
-27.1209850563
-30.5210623130
-25.8980866920
-28.7183604782
-30.9995373788
-31.3583939893
-30.6893300075
-31.5064687174
-26.8764610565
-28.0266515416
-29.6956136347
-31.9398429701
-29.2963322657
-33.3404126106
-31.6299838579
-27.3955978230
-30.3066737098
-27.0493517252
-28.6537865325
-31.8937893784
-30.2119190972
-31.0167113538
-25.3929469654
-26.4576909498
-28.6681991583
-28.9353486272
-32.3203592819
-30.0999296463
-32.7268385116
-29.8982072713
-26.1146023343
-29.5866522108
-26.4714006100
-28.4936837897
-31.9943515090
-31.4478498719
-29.2253682438
-30.6957653923
-29.5773778080
-29.2499381895
-31.0348989908
-30.2232518951
-29.1583138660
-32.1696267751
-29.6925389937
-24.8602843270
-26.7930676994
-25.7679031183
-27.6137226214
-31.7886327548
-28.2252345605
-30.5383955312
-32.3178892170
-29.3950949304
-26.4058893813
-26.4627411295
-25.9911234219
-28.0464133946
-30.3347429320
-27.5922415564
-23.2268117397
-27.0323033096
-24.7735341104
-26.6036477575
-28.3830109331
-26.7542366002
-29.4604417429
-28.7904546825
-28.8399635324
-27.3763343854
-26.7158417643
-30.7625828412
-26.7597618895
-29.1498653994
-26.0171433052
-24.0467702714
-27.6718974230
-25.5092668221
-27.9638032691
-32.0022666018
-28.5356931085
-31.3819127228
-31.5874787173
-28.4151956322
-27.2615641538
-28.4509495091
-30.7394343597
-27.0009808138
-28.8381601690
-27.4987594986
-24.4730490131
-27.9832880784
-22.4923049436
-26.2095938727
-31.2923183171
-29.1409703010
-29.4331635231
-26.9907419342
-26.4064434666
