-23.0073884393
-27.2239706559
-23.6122592401
-24.2338625664
-24.7130834095
-28.0265531434
-24.5615430246
-24.6016713044
-20.9353060219
-23.8305963716
-21.2050602651
-21.6942908989
-18.5438787738
-21.0305526194
-18.3022480983
-20.1744478609
-25.3071819117
-26.2688224907
-26.7174988360
-25.4112368795
-28.4612052114
-20.8700575730
-22.0360008299
-22.1466465341
-25.6076605349
-21.0120219096
-21.5145220597
-19.8270986987
-22.3382155183
-23.7800596286
-24.4514320131
-28.2072242652
-28.3959865636
-30.2185434858
-28.2087221120
-30.1203879810
-23.3627070363
-24.6725408532
-24.0025964026
-26.7990901119
-21.9955100507
-23.0668423033
-21.0598335770
-24.4203036701
-27.0471172687
-25.9391328401
-28.9343828503
-27.7111997657
-29.3153950319
-22.0921884578
-24.7711727707
-22.7574931655
-24.5593487108
-22.7239297253
-25.4690983984
-22.5825130054
-23.4103063844
-23.9955745656
-27.9469697567
-26.3972635469
-27.7409558260
-31.2018694844
-28.0594796417
-25.7717208334
-24.4937222510
-26.9701696528
-23.5236978922
-23.1791360102
-22.2367523205
-25.3248892647
-22.7269266818
-24.7653251242
-27.2081922448
-30.8218282624
-26.8425221720
-26.2323449355
-29.4954952378
-22.7145646813
-23.1779967806
-23.1902513337
-25.9151700490
-22.5791820331
-22.4288611571
-20.2113474622
-22.8351579772
-24.7802025245
-26.6385821628
-25.1481549704
-28.0952218657
-28.1340711089
-26.7464367148
-27.8981198667
-23.4767057152
-24.8979787915
-24.0344199188
-26.3706170790
-22.1585735505
-22.0744578148
-19.4119403833
-22.5592440996
-25.1229196047
-27.2259319651
-24.9863342936
-27.7466545858
-27.8460386664
-21.4805974193
-24.1795922081
-23.3274036765
-25.0804688225
-22.6537217193
-24.9669698674
-21.4588690890
-23.0644304964
-23.3321819979
-26.8012779583
-25.4355569684
-26.6340459283
-25.4248701618
-28.1396896017
-27.2751106945
-22.8764941197
-25.5771264273
-22.5873780590
-23.7165860620
-20.7767437997
-23.4745825860
-20.4744669522
-23.1128505971
-24.3779655424
-27.8783282197
-24.5339359829
-25.6833472223
-26.0108917497
-29.0870158349
-26.4198540692
-23.9076566267
-26.8647916470
-22.2088099640
-22.3376083557
-21.1256516412
-24.2652096676
-24.5594937073
-26.6332924813
-24.2336839135
-27.3533502889
-27.4594157327
-28.2126744866
-26.9508764492
-30.0271234179
-22.7363176084
-22.2153489309
-25.4001513321
-22.1466659496
-22.7740379785
-20.4687487690
-23.7772425896
-26.3562743695
-27.9302113571
-24.9763931664
-27.5674295128
-28.4435328270
-30.2259135664
-28.2427554847
-30.1606793763
-25.4598006809
-22.0058369731
-24.7399318249
-22.2510989300
-23.0111893444
-23.6255559445
-27.4368290804
-25.9082453107
-27.1021527089
-24.9724200835
-27.7722744464
-27.9359347214
-29.8368710708
-22.0150867843
-24.6554691347
-23.0532983526
-23.0142562232
-26.4424653095
-24.5458617167
-26.8330924166
-27.5375194058
-30.9703004382
-28.8097647233
-28.8384618133
-28.8180203020
-32.1027847175
-30.3698106712
-28.5526301645
-24.7065871738
-27.4922632571
-25.9218552963
-22.3016188598
-24.2630218240
-24.7892452089
-27.3706174853
-25.4092820496
-28.4688096033
-27.8881334276
-28.7399127495
-27.8294614966
-30.8825974264
-23.2483808340
-23.7813438495
-23.1661707359
-26.4673407825
-23.6870138272
-23.0302197664
-26.1997666729
-27.2823021280
-30.7969269090
-28.7985147714
-32.1000401867
-30.1997655211
-32.6938848278
-30.5358969778
-28.5281935592
-24.6405529238
-27.4294369974
-25.9237907024
-28.4524551061
-24.3578489654
-23.9393390396
-26.9753026937
-25.3268039688
-28.4370611770
-27.7819294753
-31.0329570967
-28.6784250919
-31.2602061149
-23.3344695196
-23.7615237352
-23.1732119902
-26.4921256325
-23.5843091259
-26.1948899638
-22.2308179368
