-19.4689258563
-21.2803336080
-23.5918202648
-22.6273306273
-20.8269075174
-21.0324657333
-21.7717661159
-24.7779066615
-28.7160539389
-29.9662544347
-27.7876691179
-28.0076606046
-30.7132690106
-32.8252503194
-34.2745255356
-26.2156488199
-24.6622639436
-24.5432798739
-18.3054880070
-14.7511698688
-16.6140881914
-20.9186858891
-25.2516046126
-25.1062718402
-17.6387374289
-17.9567252782
-20.3767489873
-22.6902669252
-23.9155611932
-13.4887593962
-15.0702969409
-19.5560579299
-21.8104897757
-19.5505999859
-19.4198765936
-21.4978214258
-25.6809137846
-30.0984873219
-34.3469252342
-28.0858497557
-28.3672084889
-30.3821840591
-33.6473521059
-15.5580503283
-16.2785172322
-18.2942121649
-21.2849863495
-18.5162815487
-17.1792927748
-17.4406437830
-15.0568850654
-16.5418075703
-20.5518559468
-24.3831551593
-18.6819717059
-19.1191921972
-21.6749608910
-14.4176909403
-16.2454768063
-18.7413647169
-18.4312065472
-20.1409829042
-18.5003581449
-18.8490962772
-19.4266097336
-18.1826732385
-20.5657222552
-23.8402434906
-26.7375570912
-19.4224217368
-20.2391409867
-13.6872194634
-14.9904080596
-18.3758862951
-19.7732519200
-18.6846774004
-20.1824795576
-22.7279057096
-22.9068032127
-18.0297269717
-15.9977746489
-18.3483815181
-23.0622052712
-26.7005461854
-21.3610251343
-12.6108487805
-13.0421880612
-15.2460952879
-19.0477750637
-18.3485135779
-20.8798120718
-21.3529961228
-23.0681215343
-19.3501165304
-18.4693489294
-16.5608069236
-19.7802556166
-24.1584953577
-25.6147992993
-12.6978254968
-12.6056937283
-14.1587297405
-16.9959651569
-19.5033903199
-20.9275007360
-21.9084756779
-20.8606379661
-22.7925870911
-22.6628437190
-20.2460579589
-18.3033415902
-20.9781034904
-25.2146856176
-14.9471882792
-15.7261497658
-16.5702625763
-18.3773155217
-20.5466297132
-21.8780982252
-22.0735547786
-16.6910823217
-15.6911815649
-18.6034523280
-19.9224127428
-18.1577627393
-14.6111899704
-14.1034404523
-17.3349329767
-22.6817808235
-22.7433678082
-23.6988263118
-23.8768993342
-26.9120345281
-26.3978262493
-26.5056237990
-19.8616319805
-19.1012039264
-20.5656743629
-19.8237640657
-20.0223690663
-11.6816246173
-13.3815133200
-18.6909289436
-23.0893475570
-16.2920948777
-16.9910845678
-20.5276433130
-23.7596749548
-20.5769916286
-16.4548696554
-18.1708122388
-21.8096224036
-22.9693679554
-23.4304553564
-19.2496165417
-21.1879649084
-26.4337321062
-31.0125500221
-33.4679238952
-29.9720749399
-31.0389725075
-33.1241894967
-36.0212963472
-22.1254948297
-19.8233808720
-20.9734481705
-20.8302773418
-19.1337705305
-18.9254638996
-19.0492198331
-16.6901360592
-18.8369750617
-22.8478115306
-25.0868194039
-17.6627947164
-17.9063076298
-20.8461683807
-20.6155715855
-15.7046920252
-16.1704775966
-16.5813519856
-13.5578772988
-13.4177707509
-16.8820557859
-22.2709207937
-21.3549403906
-22.0956608881
-22.5050491134
-25.7944410175
-25.1912403806
-25.3615210961
-25.9483634220
-16.5265171576
-15.0947567851
-18.0584524358
-19.7654973321
-11.6423740591
-13.3502387087
-18.9685062749
-23.6264763289
-16.3272131112
-17.0009156537
-20.4987403906
-23.7925250656
-20.5844134888
-16.4501923162
-18.7898275357
-18.8479156105
-18.9398791084
-20.5076212518
-18.8118497467
-20.5746057038
-25.6518464502
-30.2540951896
-32.0903427822
-27.3115012227
-28.0800241232
-30.1525841612
-33.6557086507
-21.2811103446
-19.3502951925
-19.5856975037
-21.2626521580
-23.6430340864
-23.5626571495
-20.7201624595
-16.8777526337
-18.9122254545
-23.8256625691
-24.8077132227
-17.6029706064
-17.8930096432
-20.8049215834
-20.5528501988
-15.6786501332
-16.1626065137
-17.6364719108
-19.7571110189
-20.3790196901
-19.0208476901
