-30.5026248292
-27.5922066028
-28.6266714211
-31.0438251449
-22.3024046758
-26.0582282764
-28.2635996181
-31.9551462655
-31.1689145206
-27.7296178441
-26.5451441206
-29.5235541000
-30.6696108700
-34.6297682106
-39.2899889779
-33.3221304813
-29.3305313417
-26.3468303588
-28.7928975633
-21.9313658982
-23.2792450759
-27.1554080927
-32.0543672000
-30.4731924201
-28.1472564658
-26.1540833299
-30.0913374736
-26.2755413897
-28.1055487871
-26.4627450119
-29.4183586366
-29.6704196933
-32.5582329319
-33.0488654356
-25.9956674089
-25.6291364318
-28.7966790442
-32.6596624470
-30.8076098446
-26.8042179771
-25.6978893151
-29.4300655748
-27.0578532676
-24.6531984464
-27.9260531429
-28.8765705390
-29.2623662077
-30.2298309614
-30.3902664265
-27.0085088317
-27.0256284319
-28.7167875583
-32.6354226212
-31.2383133829
-26.6676676273
-24.7830311947
-28.5792986395
-27.5885921103
-27.0703965192
-30.7082866177
-29.2884624812
-27.3850081130
-27.6496486812
-31.2664887434
-28.1644498641
-28.7965974860
-30.2346468442
-29.0608768466
-30.8531248956
-27.2691672591
-26.5198621504
-28.5587949896
-28.2772574864
-31.9765327995
-31.0335862754
-28.7112907527
-28.8218432158
-30.7870699423
-34.0325162845
-28.2474820203
-29.7506529541
-30.9862484543
-33.8332458821
-32.2130795540
-29.0814788975
-22.0479576318
-25.7965522995
-30.0772446094
-29.8316577831
-27.9034561524
-29.5720505896
-33.3818238208
-34.4086167387
-34.7543591553
-28.4809683681
-29.3995741959
-31.0172188329
-34.6072178350
-32.3384342949
-30.3939223279
-24.2629532136
-27.7780819586
-32.7232796868
-27.0099147537
-27.9116936034
-32.2079749912
-36.2286863843
-32.1689263996
-33.4383195530
-27.1195778403
-28.8111188582
-30.7611639866
-33.5780713777
-27.8650470778
-25.7388228340
-25.4877857561
-27.6978966044
-25.6896738732
-28.1125680372
-29.1971954646
-33.4825050509
-32.7514511758
-31.7114288321
-34.1085123413
-25.7347888986
-26.7391870320
-29.5138136350
-31.1066617581
-33.0738250383
-27.9238186827
-26.3761229598
-29.7053799831
-31.4887885513
-35.1238546055
-38.9130548745
-32.0721768298
-34.7839533783
-28.9883929861
-31.7004844080
-26.8252381707
-27.0788281571
-28.6447347903
-32.5029554258
-32.0537665262
-28.5506520385
-25.2490589002
-28.8988607138
-30.7668705194
-34.2714463065
-37.3214538598
-36.0548947382
-32.2682094882
-30.2274592885
-32.0804777091
-26.5324377583
-25.8190185583
-28.3284376592
-31.9860778044
-31.3115985940
-28.1497653734
-25.8281505665
-28.8142828257
-29.4620677439
-31.6188801854
-30.4476748361
-31.8594724940
-35.0269678279
-29.2155073639
-32.3978389335
-26.3199275703
-26.7919388264
-28.3535086119
-32.1281780136
-30.5046379121
-29.0155184460
-25.5982993939
-28.6664009771
-29.5471453369
-32.3577054906
-34.1567175409
-31.7037260581
-35.3367246355
-30.6012515563
-32.0090398796
-27.8155058606
-26.8713474427
-29.3525095255
-28.7073487234
-31.0138153671
-31.1004878854
-27.0991052558
-29.1684750732
-29.5024510541
-31.8808564586
-34.1081058472
-33.4628856150
-35.2373561317
-30.5890332605
-33.6670223661
-27.9632388355
-26.7009022419
-28.7038520561
-32.5157355855
-32.0904227272
-31.5809863702
-28.3066109391
-29.8941552181
-29.6032047950
-33.9562573988
-32.3573067709
-35.1173739260
-34.4354573772
-28.0947156908
-30.8380830962
-26.9636164698
-25.3183024289
-28.1822400634
-32.6647424058
-32.6193943686
-29.3565318051
-28.5140100890
-30.9082431816
-30.3387781486
-32.5432118626
-33.6713294543
-35.1282950439
-32.6096254205
-28.2088476834
-31.0595750866
-26.2578133317
-26.8985169177
-29.0649224368
-32.7740934808
-31.1691216541
-27.8288672801
-26.5670588764
-30.4566903270
-28.6051890730
-31.6743117677
-34.9415575419
