-25.6811347712
-26.2452247795
-27.9737508763
-23.9865409453
-24.1350248032
-26.8552777445
-30.9780045266
-27.0296960271
-28.2936301268
-28.1768403486
-29.0802348024
-26.4049482189
-29.2710748895
-33.6883882044
-27.0756538277
-25.5462311360
-25.3897493421
-27.1995016959
-24.1689235397
-23.2339216140
-27.2268316967
-29.5365892913
-25.7567010656
-27.9248038691
-29.3130078296
-28.6495312328
-26.8563923848
-30.2696770359
-32.1018681609
-27.8251984190
-27.3547950617
-26.1338968505
-26.5939914452
-21.9722579967
-22.7704247930
-24.7422556159
-28.0100549480
-26.6246679545
-28.5232288332
-27.8256761313
-28.4584011496
-26.5119289268
-29.8298570103
-27.1693585594
-28.0225541792
-26.0391875176
-25.7404566023
-27.3049884555
-22.4001977237
-24.7009738472
-25.7964150860
-28.5500539485
-24.8495081927
-27.1348060520
-27.1615198420
-27.8321684770
-24.9294980799
-25.1322470935
-25.4532410238
-26.3201605982
-26.4011240056
-26.4728544378
-27.9775686112
-25.5791809479
-27.8022881338
-28.2121812520
-30.5778454469
-25.5968572278
-28.5938730925
-29.0171742275
-28.8988904975
-24.1430486455
-27.0879873474
-26.2222251629
-27.1311592095
-27.5815159046
-26.3397852295
-29.2138619523
-25.7890734841
-28.0650580207
-28.5743960532
-29.4141175751
-27.4833086180
-29.6598002101
-29.4557359289
-25.1441068032
-23.5374179285
-24.4196279190
-24.5547555281
-25.6832811978
-29.3176748084
-31.1651770489
-32.1945527373
-26.2617695836
-28.4216387848
-28.4400944097
-30.1822627229
-27.0806949521
-28.8988192933
-26.3633492852
-23.7266657167
-21.8755394576
-24.1360682362
-24.9178299798
-28.3493115610
-27.7967265950
-30.8346446750
-33.4001435138
-26.4059657586
-27.8064800022
-29.2645100506
-30.7454516006
-27.3051709903
-26.6737470011
-29.2998716631
-25.7197872380
-22.3642923746
-24.3533593437
-25.3919346047
-28.4241010883
-25.0962161704
-25.6126654174
-29.6639830104
-21.9048359386
-21.2327372379
-24.3238350109
-27.7359626122
-24.7365309573
-26.9222984620
-26.6661801512
-27.6918172288
-25.0674440023
-28.7551318922
-31.8797392401
-27.0268582896
-26.8928284994
-27.8379293857
-26.7860808286
-20.8268740702
-21.1541998651
-24.9368849843
-26.0276294513
-24.2372103714
-26.4819320689
-25.9521175439
-27.3047152930
-25.0927285627
-27.7924065569
-31.9640478421
-24.5660494829
-23.9003189104
-24.1761628681
-25.1868190851
-20.9582189148
-21.6788180131
-23.9343484057
-27.2161215942
-25.4864898763
-27.4754336468
-27.1917730245
-29.1384808118
-25.4700110884
-28.4925406657
-25.2734683194
-25.4737589150
-25.2531976857
-23.1337633612
-24.3640798166
-21.0139599184
-23.3999289815
-26.7497430907
-28.7258289513
-24.0425071989
-26.4421118934
-27.6220558759
-29.7542622627
-25.8830060632
-27.1044596640
-28.2531807899
-26.0400406464
-25.3662771989
-22.1357357620
-23.6580254626
-25.1758668838
-28.4994291648
-29.6406299860
-31.9662188671
-26.8371807283
-30.3790501281
-31.2097315193
-32.3211166241
-22.3188795779
-24.7215564734
-25.4496835014
-27.9218159658
-24.8145543685
-21.8940934687
-24.2522133181
-25.9323349745
-27.7708853646
-27.3391409297
-28.2716959548
-27.2029931990
-29.0085030866
-29.9077393089
-22.1990824529
-20.1451345544
-22.7680893550
-22.6255528261
-23.2149300280
-26.0241521916
-29.4251021259
-33.8407428242
-27.9426432658
-28.1400805791
-28.2626390356
-30.6178365021
-27.5552914830
-29.4966901506
-26.1119574960
-23.0323364148
-21.5891070670
-24.2588183063
-21.6413254980
-23.4446116319
-23.8784818372
-27.7731651259
-31.8739627939
-26.0686613561
-26.7036467625
-28.4681092494
-29.9888282865
-27.1320058667
-25.9899349912
-28.7083701606
-24.4051557384
-21.4543548751
-22.9248158502
-21.8094663654
-24.3403060313
