-30.9270755254
-27.8847584369
-27.5731955977
-27.3507973637
-28.4740876354
-30.0919032123
-33.0001825328
-35.5450894972
-34.6295248206
-35.9987278109
-36.8945344372
-33.9180787527
-34.6437238407
-31.8432280062
-33.1558266621
-29.3411857827
-29.2148678554
-31.2125692425
-30.6157962351
-30.2339115229
-30.4794154974
-31.1942223804
-32.7741103178
-30.1648945537
-31.8953493501
-32.5903283288
-31.5621203763
-33.6277316874
-29.9721022310
-29.2953302581
-28.5216636828
-27.1903942890
-29.5662715488
-29.4781982888
-28.8110165929
-31.5163230972
-32.6704269428
-28.5458012305
-29.3618629087
-32.8964797342
-33.4482878612
-31.6023871725
-33.5895284623
-33.0336449787
-29.0967718399
-29.5903767475
-28.3526218206
-30.0656166400
-32.1020222144
-32.6413259493
-33.8379879481
-31.7131687606
-31.9032502121
-31.1022252249
-33.5711686439
-34.0373994614
-32.5228053249
-31.1375920125
-30.0171577039
-28.9176904749
-30.2661143454
-24.8762672835
-26.4259476920
-29.3813334847
-32.3442159149
-34.4162056013
-32.7251115386
-32.9125313118
-32.3986014668
-34.4096562874
-34.9019483958
-30.0562127621
-31.7708321950
-28.9724695798
-29.5673033427
-30.8259321204
-29.6797976801
-32.0763194949
-31.7578759924
-33.4301999067
-37.0869474500
-32.7209818064
-32.6400378333
-32.8270187424
-35.1330099281
-30.8479361858
-29.0976767597
-31.6856186779
-29.0435980143
-29.9762086582
-29.2758389719
-29.0282998993
-31.8576302981
-31.8421962494
-32.9223106114
-35.8876653386
-32.0815353882
-32.4696832871
-31.4937041013
-30.9618752887
-30.8387770007
-28.7763333387
-30.5426819049
-25.5958383759
-26.6192216251
-30.8980742017
-31.5343696332
-33.3770053801
-33.1269574389
-33.5218306945
-36.5611320897
-34.4464781925
-34.6923329622
-32.5248792508
-31.9444025078
-29.7998977105
-30.5388499335
-32.5031094937
-30.1978715388
-28.7723149448
-27.9778145760
-27.0555191168
-28.9980648283
-28.1103387476
-28.4487875466
-27.4176018909
-26.1166904535
-28.9619238065
-32.4638069977
-36.0507790150
-38.8969641078
-36.2468155831
-38.0255618677
-34.0995325158
-35.9908043926
-23.6757845780
-21.9626094481
-23.0461522396
-22.1790849840
-23.7090205054
-25.1347741345
-27.6244573225
-31.4611737454
-30.6701636624
-33.1252045604
-35.7903241545
-33.4105959947
-33.0043083808
-31.0582131863
-28.4526596606
-23.4334794829
-23.1997018159
-23.4839476360
-21.9624722210
-23.1582944748
-27.2445985921
-31.4892597618
-32.0990729205
-33.7199938465
-36.6502549577
-41.1456903069
-44.0087461704
-45.8524013172
-32.7360960814
-28.7967437706
-26.9889398699
-29.7717805908
-30.5602313152
-26.5757792044
-28.4618149636
-33.4028491896
-32.3429653452
-32.3101087592
-32.0425683622
-34.3741173224
-35.9100979272
-32.4098397630
-31.8778297282
-25.7469748332
-23.0201543593
-24.8776499050
-25.9632846438
-25.1458428340
-28.1780637036
-31.0256517376
-34.2846704673
-36.9840291057
-36.6407112943
-38.5096720401
-33.5321377167
-35.3223892488
-33.5214552349
-28.9315140557
-26.9288710693
-28.8640428220
-27.8980667905
-26.3415419836
-28.2022362341
-33.2214116958
-31.5048867290
-33.5087967942
-36.0147457551
-33.4567855195
-33.0197877428
-31.1072508042
-28.4646539996
-29.4004195663
-23.0323558272
-21.8539949550
-22.9964789665
-24.4579088327
-28.0285416264
-30.5478757862
-33.7585987602
-32.6717046921
-34.2232799611
-37.6976487807
-35.5018153799
-35.7118619082
-29.8761034800
-24.5036736349
-25.6377867915
-23.1511807192
-23.3174780903
-23.7782821591
-27.1279900497
-32.3123962786
-32.0358002654
-34.6531160699
-33.3914348362
-34.9588506150
-36.1722903570
-32.5077816516
-31.7741605897
-25.7384176193
-23.0104164818
-25.6206685409
-26.6984554777
-29.5945634301
-30.4814376403
