-26.8416185679
-18.6334110799
-22.6286196852
-22.6724466223
-25.1422982661
-22.0068506335
-23.9108270715
-23.2339798704
-27.5830797598
-26.5138423231
-30.7191960877
-28.4183220555
-31.4696442193
-25.7577056640
-29.6519990254
-27.0213951422
-18.2228058100
-20.0553083839
-23.9909839621
-25.9735727199
-25.6375952478
-29.6280802436
-23.7326454079
-27.7592055963
-25.5324658061
-29.0761205950
-28.1240277004
-30.2199960117
-24.5940604546
-23.9810972132
-25.7423052699
-23.6781070815
-23.7875306880
-24.7497033717
-24.9268338265
-24.6278271493
-29.1526565167
-24.1193758433
-28.2133036434
-26.4109913447
-30.0992616319
-28.6997171379
-30.8712814594
-19.4469343418
-21.8481252946
-25.1278713969
-19.7315711710
-21.4387175656
-20.8625878255
-25.0241361998
-25.3606405721
-29.4548167596
-23.3422927159
-27.2798941846
-26.3735130778
-30.1927397951
-28.1741255875
-28.8113350467
-18.1524722218
-20.8254344870
-23.4992082177
-25.7046004498
-28.6019111811
-28.4174443328
-32.2476928880
-27.7895688235
-31.1199351469
-25.0111994069
-28.8211622474
-25.0236416763
-29.1559978387
-23.9602789712
-22.9316383216
-23.0711701165
-25.4647848440
-23.7535685129
-21.7713252633
-25.5612509193
-28.0678297337
-32.3737182221
-27.4237317640
-30.6928758658
-25.1223422201
-29.1163511478
-26.2375672982
-24.9004682837
-27.4479301695
-23.8919960238
-18.9399613751
-21.3316992917
-22.2109369854
-23.9018750117
-28.1201025211
-29.7390625264
-33.9285286736
-28.5122209667
-31.8783151879
-24.4919059561
-28.4096962224
-20.9796922125
-23.0649651622
-24.2614217234
-23.9065225762
-25.1490301113
-24.2193696802
-28.2635775950
-27.6822075196
-31.1564036354
-29.5410750264
-33.0669520794
-28.5098725874
-32.0853828923
-25.1129008028
-24.1244143759
-24.6088006037
-23.7542714742
-21.3179507905
-24.2217504170
-22.1636004358
-22.0280248925
-26.3460963263
-26.9195798371
-29.5212497387
-29.8505626199
-32.5438229113
-30.0289708045
-31.8539239025
-21.2892368592
-25.0120991364
-25.7366116810
-28.0973540609
-26.7682724977
-27.8720197059
-24.8205120540
-28.7872363280
-30.5988526898
-27.2986747590
-29.4434049905
-32.4099510984
-34.7237486707
-33.1803720378
-31.5704950368
-21.0600640158
-24.8070561122
-25.5763212081
-28.7772265940
-30.1411997500
-31.5033150974
-26.1653617606
-28.6084281227
-31.5779363238
-27.6477016228
-28.1292940870
-30.5620113667
-33.1437909293
-27.3633678104
-30.9066702514
-21.3864538180
-24.9430381470
-26.1260387118
-30.0248721386
-31.8546152096
-32.1075203039
-27.8688285643
-29.6693633173
-30.8899545640
-29.2967258218
-29.3653997209
-31.7369114675
-31.0995272990
-26.3348683868
-29.7742985598
-21.2131592031
-24.2910716190
-26.5872828987
-30.3912839647
-31.6715788985
-31.7338523571
-27.3413948025
-29.8957359034
-30.8873356161
-27.9177186057
-29.0481057654
-26.0272734323
-28.5250088782
-28.8022703671
-32.2671038962
-23.1487235925
-25.9921215359
-27.4185055254
-31.0943580167
-31.5864223219
-32.2041675989
-27.9994988970
-30.0634766951
-31.3074118849
-30.5126526944
-25.8322039092
-28.7080529578
-28.6324983243
-26.7112252710
-28.3358219616
-21.8215215429
-24.9374804829
-27.9926893715
-29.7314568285
-32.2397764694
-28.6411746621
-28.6613275007
-29.4329861635
-32.8582311842
-25.5747897077
-25.6655855063
-29.5142032919
-30.6309532213
-26.0168274281
-29.2280104835
-21.5310306263
-24.7956132675
-27.9519125033
-31.6161537907
-32.9532680307
-29.9379083293
-27.6626579770
-31.6113922998
-30.3661780548
-24.5329249150
-24.2174692266
-28.5288291948
-29.9758746283
-28.8402858842
-31.1772995381
-23.0521837108
-25.7119666318
-29.7304069238
-31.9605291486
-33.3715046635
-29.9947458241
-29.5965014356
-31.6983198579
