-19.6240777836
-21.7514339418
-21.0340195324
-21.8788833731
-24.1794122773
-23.6254148369
-23.2121997514
-20.1077028818
-20.0761771175
-20.5054153439
-22.3075856127
-23.5330642368
-20.9729409491
-21.6106942911
-20.6887041681
-19.1908095006
-20.7632438585
-20.7054405817
-21.7432819346
-23.5778931664
-22.6794852875
-20.4687306494
-17.5228177411
-17.9177196888
-19.4144674222
-21.1626560992
-22.1734638904
-19.7194085339
-20.5288706559
-20.4486930433
-20.3210636606
-21.7647901886
-22.0472727997
-22.9611846608
-24.2920568102
-22.3173480880
-20.7136223666
-18.9360931534
-19.6801993982
-20.8208322384
-22.4108120378
-22.9683489028
-20.8886206600
-21.6428945343
-20.5441610146
-19.8366708744
-22.1101806250
-22.0616880172
-22.3762155159
-23.3074683499
-21.4357659084
-20.4785371418
-19.1663482892
-19.8224912684
-20.5914768534
-21.9562180731
-22.5407755515
-21.2082617879
-21.8020794548
-21.0962528865
-20.7814612797
-22.9355609114
-22.4252790389
-22.2908556776
-23.4841353509
-22.7319807598
-21.8952508291
-20.0157212282
-20.2053651828
-20.5604715107
-22.2284449662
-23.7047250705
-21.5896417287
-22.6105964673
-22.5023884792
-21.9996190777
-24.3169348682
-22.2045702055
-21.6953278719
-23.4460796929
-23.2164343422
-22.2475931937
-19.5684338708
-19.8758813045
-21.0607359119
-22.2658106060
-24.0772292984
-22.5333653393
-23.6775128666
-22.3574841462
-22.6260615965
-24.0325466543
-21.6815016862
-21.7076756348
-23.9585066819
-23.1868737605
-21.8615488643
-19.8885501269
-20.4180424154
-21.6097401815
-23.6509596111
-24.4594649252
-22.2215137516
-22.9000698327
-23.1103313478
-21.8989662907
-23.0316010886
-21.6159011178
-21.7803847788
-23.5017119447
-22.4617423533
-21.4860204564
-20.0066371166
-20.6322692674
-21.1582713390
-22.7116233895
-23.6365664030
-22.0259276605
-23.4564286132
-24.6951870551
-21.0156843018
-21.4766968420
-21.4256383620
-21.6419261879
-23.2194882699
-22.3031956714
-22.4119435071
-20.5108370701
-20.8218471940
-21.4455270920
-23.3924178000
-24.6135711661
-23.1187849991
-24.3974542447
-23.4683439860
-20.2212860022
-20.9413064361
-20.9348542213
-21.0358953888
-22.6438375602
-21.4797740746
-21.5573922916
-19.0621340809
-19.5701207180
-20.7812437897
-22.4364966250
-23.6986625239
-22.5344217225
-23.5049173420
-20.2912286157
-19.1658434002
-21.2181705444
-21.4346422089
-21.5887484661
-22.9461169727
-22.7254612241
-22.1604041039
-20.4370818971
-21.1879950384
-22.5485068203
-24.6755196995
-25.0735363258
-23.3731129324
-23.2220191882
-20.8414006217
-20.0292069355
-21.7589244190
-21.5373287938
-22.0239249367
-23.2878864360
-22.8385653384
-22.6452421884
-20.9772104956
-21.6749251884
-23.2718931214
-25.2444941883
-25.2078224496
-22.0640234492
-22.5998695275
-21.3571638070
-19.3775302804
-20.4563000273
-21.6388075296
-23.1187604007
-24.7197608889
-23.6222197979
-23.6081075144
-21.9019037074
-22.9072586715
-23.6767335288
-25.6816280167
-24.5163580990
-22.1491204894
-23.2163618430
-22.2491130357
-19.3880293762
-20.6725283075
-20.8005784355
-21.6752074105
-23.6944680627
-22.6246440254
-22.5151932327
-20.7203826937
-21.3984740553
-22.1873884605
-23.3522856281
-23.1142759555
-21.5154062699
-22.4606574916
-19.9995117061
-18.7187346842
-20.4858049402
-20.4943660474
-21.4775409129
-24.0319304317
-23.0206450067
-23.4038256951
-21.5982520213
-22.3139213182
-22.3579035938
-23.5335613564
-23.8601025993
-22.6636926307
-22.6890160323
-19.9313944572
-19.2882232397
-21.7924373718
-21.7776609689
-22.3446547974
-23.8961775345
-23.3833841793
-23.3017074420
-21.4956793616
-21.6021513167
-21.0079310299
-22.2316335307
-23.9002386550
-22.5111994345
-23.1264036384
-21.0841083670
