-23.7026873554
-24.5851096574
-26.8931236565
-24.0016500424
-22.3682538045
-24.8492466729
-25.4580827471
-24.1023519822
-25.4732992709
-27.0785406726
-26.9225961308
-26.0694665270
-28.1150613321
-31.3027746245
-25.4007739448
-21.1133815442
-22.5532877211
-23.3907348381
-21.7597723730
-21.2950379064
-23.2399802736
-23.6930582595
-20.5587898383
-17.3499270104
-19.0766839335
-21.5904094178
-21.7408248093
-23.8834077306
-27.1201241497
-23.7860755468
-19.6486179548
-21.5016965860
-25.2194542977
-21.9044190838
-21.8214063310
-23.3944528897
-24.0326100892
-19.2858657873
-20.0518686616
-22.6387614828
-23.0245701904
-21.4198127193
-22.7572044676
-25.1042607217
-21.4407461763
-19.0767240707
-21.5390920078
-25.5470143589
-22.3645215135
-21.4606698656
-23.0116605769
-17.4276565622
-16.5886933285
-18.8764114196
-22.2479802691
-21.9242922799
-19.5880326124
-20.9013321898
-25.1778191134
-20.4685843508
-18.2753530734
-19.8171057855
-24.0636283643
-22.5421050854
-22.2517203317
-23.3483436141
-23.0457431495
-21.2236673596
-21.4798439813
-24.1575247053
-22.8733987663
-21.7777256936
-23.7977579039
-27.2973762809
-20.1107775119
-17.5302059437
-19.4271103450
-22.8944798038
-21.6351516128
-19.7496215870
-22.0188993410
-23.7978951422
-20.8976827602
-21.2991948201
-23.2885039540
-22.0219442131
-20.9943055103
-24.1027533474
-25.7963710695
-20.0551102982
-17.3582667370
-20.1321886733
-23.5920339257
-17.9294175556
-18.7124908841
-21.5691691348
-23.3091500141
-20.2984990123
-20.1131608559
-21.6130970306
-22.4358260335
-20.3297723418
-22.7831609228
-23.7419224165
-18.7534490101
-18.5818308744
-22.1341951917
-21.8609637029
-20.3466032537
-21.4848164863
-23.7787870477
-23.9868102189
-20.9549112419
-21.2584140503
-22.6218813749
-23.5074391953
-21.9881568119
-23.5414130118
-26.2613915700
-19.9411621043
-17.1711692190
-19.1965600463
-23.0010682666
-22.2573724969
-21.8102728913
-22.3684272857
-20.4506866999
-20.3128067756
-21.6297777797
-23.0156090650
-21.4097291876
-20.3787478346
-21.7935571868
-25.6199824051
-21.7995200515
-19.5154218509
-22.0364798177
-25.0813012445
-22.4830072264
-22.5428973783
-23.2390870121
-23.6918724122
-20.0293583947
-20.6605740983
-22.6775084542
-22.6189077141
-19.8956820005
-20.8035132570
-24.4651675631
-19.1680377117
-16.8047520492
-19.3986669835
-20.3752964681
-17.3980234885
-17.5180407188
-19.8003965569
-17.7508953911
-16.7789716540
-15.5684012056
-17.7396790904
-18.3044709137
-15.7208905528
-16.5082787912
-19.7462465967
-19.6512563281
-18.3863573876
-20.3905648149
-24.1802679933
-21.7857560132
-22.3338527609
-23.0154498269
-22.9735596102
-18.5444988824
-19.2197486802
-22.6221894846
-22.2628032834
-19.6712654540
-21.2847446404
-25.7862331506
-18.8734882313
-19.0585092403
-21.1935306889
-20.1385360416
-22.9065427459
-23.6958830438
-23.6586753457
-21.5242638255
-21.0904790282
-22.1324397398
-25.8655161943
-21.7903945125
-23.7216906086
-18.8054253601
-19.7760544519
-23.4023395032
-23.7082631744
-23.6363074841
-23.8113782520
-27.8931020294
-25.5839243015
-24.1314375047
-22.9751830217
-20.0431069053
-20.8524809843
-24.5377122873
-19.1684170254
-20.9626696903
-20.0022782332
-22.0904122800
-25.0796105145
-21.0329113607
-21.2504898911
-18.0141961487
-20.3154749145
-16.9624948165
-18.2983928236
-18.4820066117
-15.8155636666
-16.5975016933
-19.8184650970
-19.6738882868
-22.3062715942
-18.6331922896
-20.2060383571
-20.6931989701
-21.8751691963
-22.9279267361
-22.9279953534
-26.2364785403
-24.3126899173
-24.9188384596
-22.7999737180
-19.8865370418
-21.0730784865
-25.6514680329
-18.8620104284
-20.6846766920
-19.7267229394
-20.8600931517
-24.4603607720
