-25.7772086064
-28.6326886639
-28.9176477536
-26.2317584951
-23.9436241213
-23.6426457805
-24.1181964782
-27.7725696131
-29.3356061218
-33.3580099157
-34.1744611404
-31.2858259795
-33.9627471736
-34.4089054364
-34.4027639215
-27.2200791420
-27.8751940446
-28.5752375344
-24.7541166145
-24.0158788607
-24.2383159509
-27.1722493669
-31.3828836648
-31.4340690061
-34.8724447834
-34.5969944980
-31.6253919621
-33.5915027074
-33.0114273113
-27.1734365034
-24.4337000703
-26.0152156681
-25.5143053565
-22.8522892479
-22.7049718090
-26.9467816626
-29.7508575038
-33.1195588764
-31.7785984275
-34.9519776539
-35.4912515673
-31.8039011073
-34.1131806266
-31.4183656803
-26.5333141926
-23.4298494678
-23.9977106374
-24.5383738356
-28.1900994915
-31.2320631229
-35.5280618070
-31.4472142254
-33.3808062856
-31.4139718523
-34.7547747087
-32.6026657307
-30.1020398226
-27.4218429693
-28.4531024087
-25.0333187111
-27.2287412171
-23.6626264206
-24.5889390746
-27.4348393146
-30.8970178275
-35.0251450493
-32.3849073377
-34.1849887056
-32.4042678682
-34.7807389246
-33.6936312837
-25.7927293963
-26.0974063520
-26.7625478437
-23.1594401827
-23.1801406196
-24.2388920412
-28.3935617978
-30.9026518686
-32.1658828398
-35.7078551603
-32.5625102689
-34.1697695601
-30.5173753403
-33.5604184027
-23.8521564203
-22.4566378034
-22.7346812679
-22.9899594309
-25.8758884258
-21.2205163396
-24.4674292062
-29.1527665642
-30.2649181493
-31.3818777774
-34.1540662331
-31.6267098512
-33.6177698515
-31.1575817121
-23.6900988321
-22.3680466775
-21.2997605588
-22.2401350819
-21.8026516637
-22.9058242728
-27.0850072064
-31.0783737722
-33.9124602883
-32.6292539341
-32.5131114660
-35.9569269670
-31.6363480399
-32.9981487436
-24.3783202597
-22.9228623218
-21.8594775276
-25.0640327620
-25.3962572270
-24.9835185743
-20.8237761267
-22.8495757923
-26.5306188619
-27.2683335472
-23.9480839690
-23.7639951107
-24.4977911485
-24.5463316569
-27.8287171063
-29.7965343783
-33.6135896264
-32.9876418818
-31.0741624823
-33.2058456099
-31.7680773300
-34.0507790056
-28.0768206316
-29.7735490036
-31.0094034190
-28.6682535344
-26.2651691721
-25.0667332763
-26.7360010594
-30.4367705362
-29.7041656733
-33.0472459016
-32.9770664143
-31.3813016873
-31.9594727833
-30.9058831548
-26.3837610215
-25.9974746628
-28.8471562465
-27.5708692369
-25.2396705626
-24.9788658323
-29.1318007354
-29.7890361365
-31.8731614482
-29.7719087638
-32.5186199218
-31.6744528784
-30.7854568942
-32.6910328640
-30.7431770107
-27.2262336078
-24.3546539342
-23.9360456148
-24.8016512304
-27.4367475350
-30.6827470335
-34.9349098388
-32.2759019175
-33.5446231691
-32.2135792638
-34.4998358372
-31.6551493079
-31.1585720746
-27.7001867284
-29.4714418425
-27.2702611849
-26.3193294704
-28.1069288199
-28.6057962360
-30.9949972390
-34.8587000909
-39.2570507438
-39.1506538214
-41.7662213056
-43.4775219025
-44.3287014075
-44.2027472521
-27.3113008047
-27.9675834583
-29.8533045599
-28.1130055852
-27.8637770863
-24.7157709728
-28.0903296266
-30.0555137019
-30.4526473441
-33.9073647913
-32.0811521960
-33.9468211819
-31.9248581461
-34.0303167845
-24.6295748320
-25.7856389498
-25.7645708561
-24.0507563047
-23.6586352142
-25.3440608092
-28.7210337998
-33.2271713157
-31.4473721691
-30.2053024679
-33.4158325922
-31.2608404705
-33.3431662043
-31.6349097561
-24.8561183479
-23.6168356142
-23.9120737621
-24.3473071587
-26.2830331637
-27.7586450562
-30.3549734238
-30.6870748401
-33.2562451270
-31.4371086915
-31.3567835254
-34.7095768420
-31.6027082245
-33.2395384980
-26.2039533694
-24.4046974578
-24.1549899115
-27.2666945957
-27.7145514573
-24.9225733413
-26.0281602362
