-32.2113240936
-28.2513787153
-23.4517020746
-25.7688300339
-23.4602217502
-22.1958563467
-25.1078350827
-27.5896018931
-28.1212301113
-25.3266136678
-23.7003998557
-25.6715444844
-25.5521512800
-27.9261152743
-31.9574286177
-31.1163387970
-29.2924290826
-23.5959694650
-25.5745294928
-23.9023242278
-23.0046736943
-25.1473367896
-28.2235386462
-28.6833755924
-25.7711201594
-24.1557977300
-26.9488568910
-24.6854336368
-26.3766744493
-28.6434168915
-33.8421383753
-37.0196277054
-36.4244691626
-38.4342304206
-37.0565609442
-34.1949401898
-35.4096344147
-38.3763792766
-38.1409964435
-35.0098262254
-34.4934069277
-37.0343937520
-36.8542314565
-36.2732343770
-39.2372242729
-41.0152131226
-40.4977543815
-35.5288049049
-36.5375084972
-36.0913062593
-35.3455355941
-36.0459711648
-38.6707952141
-38.2136110417
-36.8636560416
-35.7415351075
-38.1428684097
-36.4413052511
-37.8185889697
-39.8340255919
-33.8220244134
-29.7673233386
-26.5993354835
-29.5747433040
-25.8407196976
-25.9879232016
-29.1044293127
-27.5826784417
-30.2341807909
-26.4688658099
-24.7020949645
-27.1263640556
-25.6294782001
-27.9557405796
-30.5889983060
-30.5070186567
-30.0928806259
-26.7010757078
-30.1627895369
-25.9872487193
-27.0301556005
-28.1553424506
-30.3184777517
-30.4623217800
-26.4425805329
-23.7872122167
-26.7776841331
-24.1105920706
-26.4674754190
-29.0723235806
-31.3151172762
-31.4837733302
-28.6716013222
-31.0198157591
-26.5903484706
-26.1859702752
-28.0721368189
-30.1103419953
-30.1659794196
-24.7974062746
-24.5562753688
-27.4316494507
-24.7318380749
-25.4175868211
-28.9186885949
-31.2165863450
-31.2625027172
-27.7304360172
-29.0757904807
-24.9452803722
-25.3150387666
-27.5024671900
-29.9839451005
-29.5051230855
-25.1074881349
-23.3104743780
-25.9976196487
-24.4724573857
-26.7322053239
-29.6286239877
-31.9565431324
-31.0975789450
-25.3954778720
-27.0078951933
-23.7421308375
-24.4797627342
-27.5380877261
-27.2624600065
-29.0424005246
-23.9004367177
-22.4026250730
-25.8497364812
-25.4003869461
-27.1186470221
-30.4957194972
-33.1216638681
-33.2162359420
-26.1012875088
-27.8335316694
-25.3117854753
-24.6989284065
-26.1189133067
-28.7842717328
-29.2412320993
-25.7466990888
-23.2219544561
-26.7700499530
-25.9559585730
-27.6684654746
-30.0908623625
-33.5185346707
-30.1806807327
-26.4643282824
-29.3626927247
-25.2950102261
-24.2314442840
-26.7803056747
-28.3611285403
-29.1029146495
-25.9222048337
-23.8459954909
-26.9393093154
-26.2094954902
-26.9617419010
-31.2083255778
-33.2869488064
-30.7460639270
-26.4312800874
-28.6674275772
-24.4542917493
-24.3034491636
-26.2522750882
-28.2132156138
-29.2187516114
-27.5104353661
-24.1618214363
-26.4495557637
-24.0762298723
-26.3536748318
-30.6080753074
-33.1251644261
-32.4199168153
-29.7685764902
-29.7204127225
-26.3817531147
-24.8036319432
-27.5342259726
-27.1746935401
-29.1758127875
-28.3681050652
-25.0753060136
-26.8600159222
-26.8167858146
-28.6972781411
-33.1773297521
-33.4334790876
-33.4054979185
-27.5054732187
-29.8517769384
-25.7956486828
-24.9114165948
-27.3159341692
-30.2683436185
-30.1639145527
-28.6321837677
-24.5784788089
-27.2043732173
-27.1955117829
-29.0493472662
-31.7105549814
-30.1664027396
-29.7873013881
-26.3910857858
-24.8303910385
-27.5360992385
-32.6831760038
-31.1612997630
-28.5979782237
-25.1548712767
-26.8748013895
-26.8338329237
-28.7434715573
-33.1974955143
-35.2354038958
-36.4283192528
-28.1381943590
-30.0671274221
-25.8368993741
-24.9281284071
-27.2979187103
-32.6919131613
-31.3695973286
-28.7187346059
-24.6882169929
-27.2543002223
-27.2343493638
-29.0956157683
-31.7145539568
-35.0234543257
-35.0206631858
