-29.3634966756
-26.9749104394
-26.3018603302
-22.4896562202
-22.1359493686
-25.0502635441
-25.9195612932
-28.0030680636
-27.8115496050
-27.3466624746
-26.6131124800
-23.6872727504
-23.8795123287
-25.1761387457
-27.8022221115
-29.2051377395
-27.4871315283
-27.3755265624
-23.3942133884
-22.9381371426
-26.1088906147
-27.0404656911
-29.1013507894
-28.9851500517
-28.5388130631
-26.3915324229
-24.8733467012
-25.9709382334
-27.4393017538
-28.2414984406
-32.2347159569
-31.9744006518
-33.3316573405
-31.6361486763
-30.0195992993
-32.9318361685
-35.4420689644
-36.9340012308
-36.9168518584
-36.7483550691
-34.0487102582
-33.3324522155
-35.4959431443
-32.6040379939
-35.0770760621
-36.5390632928
-34.6628086451
-35.5038232888
-32.4083678182
-32.0949188239
-35.6028552014
-36.5092865330
-37.5167990676
-35.9844175001
-36.7674010126
-33.9849234314
-32.8975930891
-34.2211438968
-34.0564958993
-35.3608285339
-33.1494754561
-24.9969641367
-25.3644803139
-24.7123700947
-24.4468336477
-26.4133565532
-27.3585765491
-26.5647493322
-25.5932336790
-27.5551930908
-24.3417003029
-21.3313872989
-23.8759211392
-23.0027823056
-25.5064679243
-26.8135765395
-26.3653727208
-27.2625506280
-26.2989630435
-26.0488218293
-26.8903972772
-27.4511731070
-29.1307352987
-26.5884014186
-28.4697611375
-23.2646887442
-21.7184789560
-24.6575689595
-24.8579864394
-27.2229582936
-30.6675460041
-28.8976981834
-27.7510807892
-26.4100825435
-26.4549373630
-25.8160371255
-26.1357778824
-28.2751524954
-27.2507245862
-27.7670106687
-24.2318365401
-20.9878610570
-24.2576415180
-24.0379567323
-26.1376602068
-28.2812176345
-29.7350842682
-27.6690648782
-25.6214647183
-25.5459605726
-27.0407414370
-27.0918957098
-29.1786077926
-26.1320222860
-27.2237298773
-22.3302628777
-22.0530932581
-24.7760663161
-25.3586313741
-28.0464664686
-29.2759244147
-27.8786984888
-25.6772134807
-24.1705676660
-23.2757768800
-24.6459513536
-24.7758941445
-24.9904743817
-23.7570794300
-24.4357118583
-21.5478473061
-20.7757210838
-22.8277995572
-23.6513868254
-24.4054379582
-26.2594147339
-26.7490647298
-25.1367807394
-21.9164095450
-23.0992509856
-24.6682234144
-23.4448097058
-24.9260104652
-23.3317042977
-24.9666151610
-22.4458629594
-21.6646876034
-22.7517905179
-24.9156719011
-26.7064314197
-28.0030175822
-26.2555646372
-26.7212505460
-23.3256818793
-23.4705888007
-23.1683132782
-23.8507116712
-25.4101351871
-23.6701635025
-24.0575218122
-23.6246626827
-22.4811546748
-22.1207069092
-24.4360484464
-27.4641254391
-28.6058363628
-28.8595739210
-26.8988224373
-23.9114199931
-22.0915554169
-22.8848247890
-22.8742260120
-24.6024726767
-23.6593342892
-23.5663467534
-23.1798299180
-21.6584218045
-23.2111485447
-25.7457967684
-27.2552232737
-27.5561057791
-29.2577691398
-25.9853573328
-20.8265258226
-21.0738798448
-23.4622400122
-22.9703645734
-23.2591207310
-24.7966036371
-23.4542744253
-22.6021984901
-22.8449062223
-24.8578362656
-25.4373227929
-27.7793506607
-28.4888174453
-28.9019017042
-22.8157741419
-21.5307950163
-20.4955195246
-22.6404638674
-22.3433161952
-24.6586227586
-24.3037533939
-24.8721181415
-23.8434891748
-23.0247604971
-24.8794739764
-27.5502736660
-27.6072160335
-25.4041541989
-20.7470498744
-21.0222763399
-23.4369929920
-22.9365305625
-26.7266334186
-26.6565121799
-23.7484652531
-22.6533501814
-22.8430471965
-24.8298434296
-25.4109857331
-27.7816835045
-30.8147637254
-28.8557846641
-22.7419568358
-21.4861991077
-20.4794977242
-22.6318911173
-22.3689956079
-26.3252120544
-25.1145268023
-25.0772129492
-23.9456514431
-23.0438142171
-24.9017123770
-27.5501830449
-27.6037840860
-30.5230184360
-29.8344191366
