-26.1856414477
-26.8261288433
-26.7139115296
-22.7679339972
-22.8456544840
-26.2199453793
-25.8142583539
-26.7018149017
-26.6600230810
-28.5775043357
-27.3704880255
-23.8246865965
-24.0332612546
-25.2370645535
-24.5384877491
-23.6576733320
-24.9895798214
-24.4402480818
-20.9067060168
-21.4900582545
-25.5917384097
-25.7550401030
-25.2051581645
-24.5166998534
-27.0734180625
-25.9087113561
-19.9887213181
-20.7507174244
-23.9892802800
-24.6996430171
-24.3206321972
-25.7434160119
-26.3505509928
-22.6669355540
-23.0138898457
-26.5687055697
-26.0671246758
-27.1076158438
-26.9393403804
-28.6444784464
-25.5592417198
-21.7018059707
-23.0315635312
-25.2594026344
-24.7740493501
-23.6058303321
-26.2804828182
-27.8199385139
-23.4236263748
-23.8286622666
-27.3613650739
-26.9929504893
-27.7338420548
-26.7561435101
-28.8639172414
-25.2041587528
-21.5384952047
-22.1689897871
-25.1078506183
-24.7094119553
-23.6429525871
-25.7708508798
-27.3282987620
-24.2364711523
-24.1089285249
-27.4563074166
-27.9338776197
-26.0199214778
-24.9919489038
-26.9862328730
-26.1480919756
-22.3878072363
-23.2358777213
-26.1355953322
-25.0140190139
-23.8249778813
-25.4079110844
-26.9841719052
-22.9778964601
-23.5907988837
-27.7228795073
-27.4977833790
-26.3975988258
-24.5444985040
-26.8738718656
-26.6521338877
-21.5653099676
-22.6978437977
-26.9582063821
-25.4118349710
-25.8294270186
-28.0970925481
-28.2614842542
-24.2832290139
-24.7680864844
-28.2429354200
-26.1702669360
-26.8265029535
-26.2618226479
-27.2927403603
-25.7764551429
-22.4283575552
-23.8676539039
-27.2080627845
-25.2726915565
-25.5195484167
-28.5167649578
-29.9084202540
-25.9589089285
-25.6975889639
-29.1212615110
-26.7780466124
-27.0274304812
-25.7681542629
-28.0999341574
-26.9344326107
-22.9963844503
-23.7498556274
-26.1398143977
-27.3664087884
-30.2094218227
-27.9249760501
-29.0009957820
-27.7075943501
-27.0640142104
-29.1132519160
-30.0938528619
-31.0129428031
-29.5476437564
-30.9475040817
-31.0083327932
-27.1521133783
-28.4288884676
-28.4439975855
-29.4374175359
-30.3495685309
-30.2010199790
-30.3529202117
-27.3625353866
-24.9494036372
-25.5010695050
-26.4400069018
-30.3041919863
-29.4083501948
-30.7086672313
-29.2725274202
-26.3651733520
-27.4596940675
-28.9821142505
-30.4324349699
-30.5618132966
-29.4232884273
-29.1564160079
-28.6335379158
-25.8511307632
-27.3717230592
-27.5094877347
-29.4993544014
-29.1935796832
-30.5606196837
-29.7721767414
-27.4528133478
-29.3929316718
-29.0969880392
-29.3849091319
-29.3261880083
-27.2535610234
-26.6410664773
-27.2295335088
-27.5458228803
-30.3240470604
-29.3524202008
-31.1600763758
-30.4482910612
-31.9201406717
-31.1413268937
-28.0565409428
-29.6777845898
-29.9638350102
-30.1846602961
-30.5688299482
-27.6266089288
-27.3847983898
-25.8243004693
-26.8330264007
-29.7994899098
-29.1021676757
-28.1561916872
-29.4522975076
-31.4333906357
-32.4635417743
-28.7438055688
-29.8789606592
-29.8546742321
-29.6931992365
-27.1871306376
-25.2454353533
-25.9040702649
-22.4962819080
-23.4011808493
-27.7363328548
-26.1972461209
-28.6002851659
-28.5786863069
-30.1303990158
-30.1398818623
-25.8386587163
-26.7891748809
-27.1782057620
-27.4881244725
-29.1684465939
-26.9608978441
-28.8837166494
-24.6795070171
-24.7083478147
-28.1880760489
-27.1193202160
-29.2415207761
-29.8094245676
-31.7809545626
-27.2180207434
-26.0492775223
-27.0187878456
-26.4775123567
-26.3651824188
-26.3485262693
-26.7531154894
-29.1736106889
-25.0999575231
-24.6207833020
-28.3658382413
-28.9867967661
-30.7886635750
-28.2402647008
-27.5534143352
-26.2805656830
-26.1295936450
-27.2223602045
-25.4337808014
-26.6916666615
