-25.9330987796
-29.1255362410
-30.0894706893
-30.0741868085
-24.0710308167
-23.1732987316
-21.6463018897
-25.5608146423
-30.0110537335
-34.5587317136
-36.2717740840
-32.6525733071
-34.7333078973
-32.7270767222
-33.2268515625
-26.3421815037
-29.3855279340
-28.3599284666
-27.8066133522
-23.8953399396
-23.8769917718
-27.4318876545
-32.7145710125
-34.0511518500
-37.0050092475
-36.0490704009
-32.5969695544
-35.6759772830
-30.7175286746
-26.2334544007
-22.9766588510
-22.1579741664
-23.2464130757
-25.4388245120
-25.0417542371
-29.2383827004
-31.3529321330
-34.8099473656
-33.8222639128
-36.2593952524
-36.8301353322
-32.1301755715
-34.5659943451
-33.0885897964
-26.1476298138
-25.0300343494
-22.1926859066
-22.9724372064
-24.0100726411
-28.1735430264
-33.4979261584
-33.2289358441
-35.1604849260
-33.2879340011
-36.3114841977
-36.5203772459
-31.3144596281
-28.7678978179
-32.0466864330
-23.9659492547
-25.5662467378
-24.2583975688
-25.6461019882
-28.8387129600
-33.3399375029
-38.1175450168
-35.3360928854
-35.4205891967
-33.8780268990
-37.1816709843
-36.6878810858
-30.1367787418
-27.3270818604
-22.4672326946
-23.6019025623
-22.8221784678
-22.6383161520
-27.0349494437
-29.9383847465
-33.6354694227
-38.6101697661
-34.1668101376
-36.4284034069
-33.9043251109
-37.3251123591
-23.4629830992
-24.6169901659
-23.4281043657
-21.0589493822
-23.6329117816
-20.9054800587
-23.9795048631
-29.5899974220
-30.7503373679
-33.4646630773
-37.9915598316
-33.7545583708
-35.7952655824
-33.8929469992
-23.6459184883
-21.8945051484
-24.0582273599
-23.2843858786
-22.9911854043
-22.5539932784
-26.8004753139
-28.9826489144
-32.5692692951
-32.0774911090
-33.9820895808
-38.6633953551
-33.8187309850
-35.3977501150
-21.8982930980
-21.9232048309
-22.8328885792
-22.8373665528
-24.2850064940
-22.9790253545
-20.1894598963
-22.6043332600
-25.8464288279
-29.3733575381
-27.5758508058
-28.6927108539
-27.4479236997
-24.6644691147
-28.1814620102
-30.9386905498
-35.1040202689
-36.4275450996
-33.8980489609
-35.5241081519
-30.9767267734
-33.8299226751
-28.3318437158
-28.3182583332
-28.0403430867
-25.4508991170
-27.1650100456
-26.6628452989
-28.4628791209
-32.6032379308
-31.6447032997
-35.0414930761
-36.2260234299
-33.6036925268
-34.9167947078
-31.5159813314
-26.4813223220
-26.2428595709
-25.1517798169
-27.1459317310
-24.7883286430
-27.0061073756
-31.9150814216
-32.3009909935
-34.9726806707
-32.4941354261
-35.5276643695
-37.5239956706
-32.8624968660
-34.8040375877
-28.6899637382
-26.8609726317
-26.0603358802
-29.0454505666
-29.5349762384
-27.1652210640
-30.4679338028
-34.6612913884
-32.6371586761
-35.3486374143
-34.3964411637
-37.8295256221
-37.5128518775
-32.7929271193
-30.6074163816
-29.7590069202
-27.5203298952
-26.5998623808
-28.6044433904
-29.9355379516
-33.9164540726
-39.6868532177
-44.2812240985
-44.6054063494
-46.1191324823
-49.0923414092
-50.9768222524
-52.6097573545
-30.2695035515
-29.0289808496
-28.9457842822
-29.4570214496
-28.5744581940
-24.5049553856
-28.1918057464
-30.7541227359
-34.2626560800
-37.4931948799
-33.9470451480
-36.1944407118
-33.2911639912
-36.9127842568
-28.9292200529
-25.3290915092
-26.3438308107
-28.4295176373
-24.4735137712
-26.4203084805
-29.8885975580
-34.3319215916
-32.1275618031
-34.4526494823
-38.1834458985
-34.6073731897
-36.9637093747
-34.3251910480
-26.7826812420
-26.8865860165
-24.2642011992
-25.5541009316
-28.9241038471
-29.0545476302
-31.4660530394
-29.7921858619
-32.6112721301
-31.1669972340
-33.5380453695
-38.2650695072
-33.9296601517
-36.2379025362
-24.8310460948
-24.6076199531
-26.6840260192
-26.0127559566
-28.0822320024
-24.6503633008
-26.4969635103
