-27.1060714042
-27.6640535217
-29.0030360423
-25.4617386621
-23.7985916184
-26.2255742451
-29.5834183466
-29.5976561817
-30.2384813707
-29.9818970244
-30.1869620301
-28.2137696651
-30.7736890537
-33.7714734005
-29.7907397518
-24.2272783010
-26.4032121695
-28.4045994444
-25.2839583495
-24.3877707450
-26.4542111011
-27.7244511555
-25.6290924191
-23.6031388916
-24.3028834346
-25.7737028653
-25.3486708305
-27.9544317596
-31.5486074876
-27.6458827208
-24.5882878938
-25.7657476284
-30.4101499641
-25.1364959240
-24.9341106946
-25.5873679127
-27.5383893688
-27.4238858221
-28.1799758331
-27.0013899076
-27.6787781622
-25.5782630867
-27.9416179485
-29.8647577569
-24.9285051285
-24.1373446985
-26.6144044755
-29.5974011678
-24.6718184735
-25.1061547150
-26.6101763600
-23.9507818853
-23.2830731675
-25.4754328122
-26.5007747756
-27.0962286915
-25.0204634718
-25.5532697980
-29.9320619822
-26.1988889474
-25.1454415185
-24.2594604242
-25.3562027312
-25.7047350888
-27.2528735998
-28.1542938405
-28.4814719665
-25.6050325396
-27.3185971423
-27.7514808179
-27.8669954326
-24.6481340135
-26.8176182174
-28.0966731116
-27.5274863647
-25.3024204414
-23.7366845187
-25.9166782375
-26.7350870837
-26.7177176230
-27.6854142093
-28.1682546525
-27.0522205296
-27.5998265358
-27.6079940823
-24.1389551599
-21.4519482389
-23.6374803729
-24.9839173074
-24.6816366177
-27.4702436467
-29.4444704343
-31.5390547377
-25.6223152546
-26.2347761722
-26.0808511857
-27.7896089623
-26.3206680738
-26.0972535891
-26.4041623977
-24.1416893296
-21.6665052023
-24.0305918233
-24.0126773477
-25.8685934330
-25.9385942961
-28.1934900122
-30.2952774813
-26.8786061840
-26.5705516685
-27.6389385724
-28.3059157513
-27.3566100714
-27.1434927206
-29.4555689247
-26.9995438252
-23.8012351755
-24.8927926776
-25.1728440280
-26.9512997786
-25.6111636878
-24.8055103896
-27.6128371201
-22.7159537699
-20.6678056634
-23.5291364511
-27.6534133327
-27.0810185826
-27.3605002980
-26.4139171109
-27.1952075597
-26.2130530210
-29.0909695009
-31.6710973162
-26.8437714585
-27.7718951311
-27.0212747458
-27.0284079125
-22.9038888603
-21.8121668732
-24.8369261043
-26.7312175570
-24.6082361717
-25.5998632533
-26.0562462823
-26.6416050226
-26.3699167205
-28.0529536445
-30.9115262524
-26.9574555295
-25.9807939057
-27.2803667153
-25.3253139055
-20.2888854173
-19.8854392381
-22.2104605672
-22.5101197483
-23.0106624504
-21.8498742828
-23.0400974543
-25.1478533349
-23.7939039317
-25.2204601930
-26.0735031133
-28.2903328092
-26.9018232874
-25.6129321026
-26.5705594353
-22.2645574473
-23.5604887401
-24.8143148717
-26.1231556677
-23.8771989017
-24.7533230312
-26.3212817115
-27.6662659873
-26.0323119725
-27.7992808038
-28.0803885142
-27.5072014961
-22.9315580496
-24.6355156853
-28.4289933303
-32.4993512980
-29.9624731016
-26.9789133022
-27.4089074648
-25.7864053468
-28.7475507996
-31.5889079448
-26.8197089874
-28.1308566465
-25.9251992037
-24.8289346312
-27.6046682826
-24.2472459986
-25.9222462574
-27.2261067310
-31.3545335141
-30.2614434777
-27.1606434067
-27.0117763689
-26.4387433887
-27.9459845927
-30.9496375655
-26.9879391471
-28.8113039758
-32.7002347716
-27.9196695399
-27.2876267585
-23.0811591404
-23.5844580058
-22.8429125576
-25.5734368558
-23.0158084263
-23.4523480771
-25.3635054910
-23.8728503864
-25.1823165078
-26.0856463308
-28.3256517042
-30.6852637107
-27.9819287625
-28.0230228137
-25.4319502576
-26.1122099343
-25.6562709609
-26.3651021545
-30.3266737675
-28.6679946182
-27.5964800345
-28.1758978912
-26.1026714314
-26.7805153890
-27.7542589988
-27.4093191418
-30.5123432737
-27.7293420982
-25.8077258833
-26.6155359444
