-30.2117676193
-32.6637973681
-32.3822870984
-31.6903698166
-26.0780263945
-27.2109924473
-26.7470891915
-29.6934542633
-34.4445544324
-32.7722707091
-34.5773996462
-37.5372638680
-38.0749777586
-39.9557593515
-39.7930351368
-35.1369933750
-35.0756597924
-35.0029467974
-31.9715616241
-31.0057915258
-30.3877225685
-34.4318882001
-39.9916193590
-44.1148841454
-46.5131252983
-48.2340937038
-50.9453108025
-50.5529764667
-52.7140737331
-37.0360029162
-37.2894154674
-30.7764284466
-27.8770932028
-28.4757589592
-31.6207871176
-31.4361118629
-34.0755237166
-35.2923462479
-36.3588932251
-33.8370662074
-34.7355527119
-37.5410337072
-36.1594364171
-32.9830719982
-35.6931409029
-30.8971524661
-29.1789029668
-28.4139463625
-30.0593430860
-31.3746798802
-30.5510151584
-32.6736504587
-33.9339581821
-35.4827966285
-31.8175162664
-32.1757708867
-36.1638172849
-30.8369516319
-30.3107697933
-32.3626883623
-30.3942705831
-28.2899457385
-30.3441519825
-33.6915728878
-33.1988742674
-32.0355452351
-34.8902531065
-35.9359080827
-36.5851246524
-32.9844429632
-33.4996065411
-33.0321329162
-32.8104428693
-29.7993902348
-30.0141594497
-30.1927618163
-28.3353028530
-32.0293842869
-35.8076871388
-34.5997726790
-32.0177382058
-34.6716584243
-36.1328559853
-38.1934155039
-33.4929471883
-29.0602308598
-29.8933422194
-30.0812151162
-30.1888871203
-31.0831857511
-29.0916621135
-31.2786539713
-35.5534305091
-37.4212858382
-34.0411226922
-32.6117045315
-35.7078538678
-35.1033548630
-37.4238141608
-32.0452287330
-29.6879030852
-30.1781757163
-31.3716906818
-29.8356334631
-29.2717985708
-32.0355672368
-33.5955275773
-35.2401770332
-34.2434250155
-34.7039324548
-33.0023703881
-35.2276104875
-35.8255252369
-31.5889260675
-28.4289946284
-31.5631676871
-35.4347610245
-37.0981262018
-30.4638778726
-28.9204104012
-27.4199968893
-26.6106126338
-25.2513270165
-25.3920537067
-25.8376411815
-28.1384481055
-28.6353024403
-31.3333903555
-34.8834319368
-33.7602079458
-32.8071843964
-34.4363635905
-38.8324552811
-35.1811348624
-34.3198987837
-26.1600824366
-23.9965804633
-24.4663145815
-26.2243910055
-25.4581695137
-28.0472613499
-32.2989856682
-33.5196298985
-35.5279491855
-32.7571214671
-32.7365958117
-36.4396119264
-39.3059538180
-33.7917181587
-29.7772864742
-26.5984642376
-27.5727904032
-27.7864928969
-27.0655366460
-26.5998416796
-29.1152391064
-33.7527964340
-35.9290105293
-36.5918150691
-31.7203265312
-32.0337224585
-35.1548249959
-38.1804269268
-34.8293467372
-28.1350485211
-28.1404598935
-30.6680638455
-26.8673316362
-26.6305091288
-30.2066514176
-30.8551107922
-33.7367099148
-34.9438269532
-35.3774820836
-31.8308971056
-31.9168006459
-34.1112685259
-29.3744242780
-26.2196385788
-25.6319521630
-27.9793357192
-27.7331637190
-28.4206587906
-32.4176176243
-37.4473380693
-41.8443614050
-46.1032052426
-43.7024965772
-45.3285901892
-46.9290262988
-43.0888967513
-33.0338534117
-28.5769903975
-27.6832690804
-27.0703007221
-27.2257390789
-29.5119830972
-32.7715742203
-36.9281484055
-35.6247000475
-33.2200277993
-33.8318826851
-35.1578996412
-37.5909244443
-33.0051951708
-30.3088084944
-29.2052866282
-27.7761375025
-29.9284164332
-30.5988384558
-28.4177964604
-31.9907616127
-35.0088203321
-37.5898797159
-34.3685570794
-32.4056776754
-36.4357294612
-36.9342407318
-38.4909733958
-30.6508769192
-27.9820854216
-27.3443827091
-25.9443694468
-26.3977101898
-27.6969308472
-31.4961625084
-35.4096784274
-34.7317039075
-36.9638867378
-33.8939231145
-32.6961555386
-36.0077692253
-34.3224517025
-31.4302823431
-33.0795251100
-27.7158123804
-25.9804068401
-27.3649730986
-29.4854453813
-27.4289981461
