-26.9495792720
-28.7575022923
-29.8895659120
-30.2001810853
-29.6929791565
-28.0211948647
-28.0199507681
-30.3011717269
-32.5768762892
-32.1192660993
-31.2388130959
-30.7405321743
-32.6210229587
-30.8736518480
-32.4927605712
-31.3789455409
-29.1033418666
-30.0192691758
-29.4986889943
-27.0662810308
-26.2802135577
-27.8222545352
-30.4183369337
-31.7366564377
-31.4785885189
-29.6765159082
-29.1996370552
-30.2167867395
-29.5767499374
-30.0098536521
-33.5456251744
-31.2871852938
-33.5905356422
-32.3061641528
-30.6701869674
-30.2921523536
-31.5611869789
-33.4310465724
-33.5352050597
-32.0242085473
-30.1426082618
-29.6523084459
-31.4343719372
-31.4452930654
-32.8628036840
-32.4363748909
-31.4761339819
-33.3040308728
-30.8602593540
-29.5252474264
-29.0515053527
-30.6569873661
-32.9229850935
-31.6327439157
-29.9040704523
-28.5212973148
-29.0198954469
-30.2874038091
-30.8198812266
-32.4120703347
-30.6245075001
-28.2110303639
-29.7963984426
-28.9212855393
-27.5795235464
-27.1401086851
-29.1045186430
-29.8346676982
-30.1055831059
-28.1436911795
-25.8838721428
-26.3054890526
-29.3966937441
-30.0535381639
-30.8536958078
-30.8446880767
-27.3876542396
-28.4603948036
-28.8372241897
-27.5765239908
-27.7974515667
-28.4127359225
-30.0157297815
-30.5273009341
-27.9741418391
-27.1608570148
-27.7839632754
-29.8275410019
-29.2619920795
-29.4349604086
-29.0473303109
-27.9956785749
-29.8416688184
-29.6298279605
-28.2915846840
-27.8850950392
-27.4230534068
-28.4894828621
-29.4547313301
-28.6837406683
-27.3739665882
-28.2188004689
-31.0416217743
-28.8995326107
-28.9262891127
-29.9239436385
-28.0031638686
-29.2922103011
-30.2847615625
-28.7373442942
-27.7838402891
-27.9166143242
-29.5531910615
-29.1932741646
-28.5926510096
-29.0980275926
-27.9430989634
-29.2348109479
-29.8045724627
-29.1897231151
-27.1041580199
-27.2868396422
-28.8193990298
-25.7462822302
-23.2170699841
-23.8579445221
-27.4082135548
-28.1098934237
-27.0358401350
-25.7775672071
-25.3593058556
-24.7132737183
-26.7061699114
-25.3573678567
-25.4783430472
-24.3970943486
-23.5085227631
-25.7289632523
-25.1114793427
-24.0231764417
-26.1751086945
-25.9905628661
-26.6377238557
-27.1035741721
-24.7958165273
-23.6373638682
-24.2607653689
-26.2035792369
-24.2481638631
-24.4480091281
-26.0160726816
-25.3339203160
-25.4069543917
-24.0477088470
-23.1872401291
-23.9046273002
-25.7391982639
-27.6962369462
-28.4304911704
-25.1820148713
-24.1924785379
-24.7145527693
-26.5550373479
-26.7156747660
-25.0840198759
-25.4249284176
-24.9947775863
-24.5802990067
-23.6694165232
-24.2823046901
-25.2048902127
-26.3397412131
-27.9271716722
-27.8230338802
-26.0493228336
-24.7681007360
-25.7221045492
-28.3420579942
-29.5550539656
-29.3173317323
-25.8597850658
-25.0565914806
-23.6891136543
-24.6738445033
-25.4117055233
-26.0890290848
-26.6765860349
-26.1239363003
-26.6886697002
-25.4519179556
-25.3507667656
-26.0544002004
-26.2775130507
-27.7502276540
-30.0354670331
-25.6693825254
-22.2577039092
-23.6036152908
-24.7036031591
-24.2729720217
-24.5168565190
-24.7601571534
-26.5295068172
-24.7991863359
-24.1540293286
-23.2517234685
-22.4415442217
-23.1907536348
-23.1286329172
-23.6176861530
-24.4950181445
-24.3507352232
-25.5811772009
-25.3760034272
-24.2177126107
-23.6698385627
-25.3848972315
-26.3704099580
-25.4074295043
-24.1467887079
-22.4620155099
-22.7256916597
-25.3657269979
-26.9001739863
-24.9965744703
-25.6320570142
-25.2394388294
-26.0653019088
-26.0913981770
-23.1006569066
-22.5593683999
-23.9782776028
-26.0053043178
-26.7465739389
-26.2123332270
-23.6890411563
-23.2966339592
-25.1961750526
-23.7817607133
-23.9894822465
