-29.7827353871
-28.1740000216
-28.7030429411
-22.2947018739
-23.4160595197
-23.6363773882
-25.8950444066
-29.1112660240
-32.7737957170
-25.6263077458
-26.6554052972
-26.0733801244
-28.1720542522
-28.7255260109
-31.1063976570
-30.4982219443
-29.2594326828
-30.4318536970
-22.2354007609
-23.4089095189
-23.2851522647
-25.3806237836
-29.7524731415
-32.2252680755
-25.5019096755
-26.7146597927
-23.7387895072
-25.0716345670
-27.8641072071
-28.0528371330
-27.0406974178
-27.5876431794
-31.1806240444
-22.5516901912
-23.6826601307
-23.9486341671
-26.0665071588
-29.8892836887
-33.4626590532
-26.4603590675
-27.0840000190
-25.2396524321
-26.9969339293
-27.3438066175
-28.1342445863
-27.3848851259
-29.5610051733
-33.9453142779
-24.1712460100
-25.2501333931
-24.3421417529
-26.2648144400
-30.6420918595
-33.2796007480
-25.4686025613
-26.4809960736
-25.2607257058
-26.1032604652
-28.7084879710
-27.1011947190
-26.8110935250
-27.1978769951
-26.6254045727
-24.7530679981
-27.5546247548
-25.4779352434
-27.1332149993
-29.3476962539
-33.1846881865
-25.3874734378
-26.4516529854
-22.2813559771
-23.2637074350
-28.4507902672
-27.4690927653
-28.1675232094
-25.3671601019
-26.4449962309
-26.0706472524
-28.3047829685
-26.9247361635
-28.4594614009
-32.3848801470
-34.0185723024
-26.3985102248
-27.0397355338
-21.8146938882
-23.1746295475
-28.6075348513
-28.9628883517
-31.1581642685
-31.4111030513
-30.3565088068
-26.3522261943
-28.3332897536
-27.0427596907
-28.6433133251
-31.1701961569
-34.0590708161
-25.7811790817
-26.9955564858
-21.9550244522
-23.5256721317
-26.2078306573
-28.1097225357
-30.5631635479
-32.2810945034
-34.2856116774
-26.1759695810
-27.2384881422
-25.6095532245
-27.4229718309
-30.6372837644
-31.6094206500
-25.1399731655
-26.0298354145
-22.5847746445
-23.0065430763
-23.3911193322
-26.1261073101
-32.0453517088
-31.7666416306
-31.6418267288
-30.0357052422
-32.2236589060
-30.6218238188
-31.4666420746
-31.6994124915
-35.5820680268
-30.9961261297
-32.4366325001
-27.2752272073
-28.6185699021
-31.5930493207
-34.7554595433
-36.1555345360
-33.2698085014
-31.6764012344
-28.0772918612
-29.0700981922
-31.1318997196
-33.6379071209
-36.1103172372
-37.8423264818
-30.8407085072
-31.6767313430
-27.1653815813
-28.4519204385
-31.4933079556
-34.2742723906
-36.8032247850
-32.3822327220
-33.0098802720
-28.6843271076
-29.4157850036
-27.4396163406
-30.6216969431
-34.1356416804
-37.4715118544
-30.5723874664
-32.1733318715
-27.8212227432
-28.7436696324
-30.4953634979
-33.0616934795
-35.5941698222
-32.2670560016
-30.7423601242
-29.6320779500
-32.0207325690
-30.3668939646
-32.3361260328
-35.2608593239
-37.5818027830
-32.2146666970
-32.6299892510
-29.8722352825
-30.0789612385
-30.7286698834
-32.6264226723
-34.8072649900
-32.3536184854
-30.9638080973
-25.9076912260
-27.7872346770
-29.5733658811
-32.4968863992
-30.9586181037
-34.6313243080
-30.6759685683
-32.2283828323
-31.8387565317
-30.6996931673
-30.2303410534
-32.7888647012
-32.2031733803
-32.1072497532
-32.2819437525
-25.4699087996
-26.9337814222
-26.9150940856
-28.8232685338
-33.0796377243
-37.0541426285
-29.7357936759
-30.8069715931
-28.6541386567
-30.0712170159
-32.0174533896
-32.7808874701
-31.9942207597
-29.3879022127
-31.8865759452
-26.2442991326
-27.9037668305
-27.8767307145
-30.8124541666
-32.7796563068
-34.4095086923
-30.0454016740
-31.3686833452
-28.5554730833
-29.3889042183
-30.4763084832
-31.1273621980
-30.3516398700
-31.8982777081
-33.7241485524
-26.7055938022
-27.8391475686
-29.3272379108
-31.7895350715
-33.9092147546
-35.1672827900
-32.2965363015
-32.1810722058
-30.7706041064
-30.8039681742
-31.4027892191
-31.4457979541
