-26.2032581779
-25.9844860800
-24.0399063792
-22.3329905754
-23.2744330999
-22.2373827915
-23.4443863769
-27.4686720194
-32.3698836616
-30.1264828848
-33.7982467373
-29.1400602054
-30.5588033856
-34.2756783152
-38.2412556060
-25.9526729157
-27.0158025295
-25.0310454171
-25.1464137537
-24.0036683228
-23.7048402882
-28.1825533403
-31.7984159452
-36.0770437960
-30.7245802625
-33.7536353051
-26.2924551555
-27.5672508693
-30.8683349803
-25.8690478376
-25.2736987595
-24.5667731708
-23.3346468939
-21.9260296168
-22.5005993635
-24.6716488855
-29.4889303906
-33.3938323998
-37.4211485967
-29.9711753050
-33.3680416605
-28.0693961788
-29.1651868267
-25.8103267070
-24.4536017447
-22.8993629921
-23.3959572013
-21.8680904102
-20.2374981116
-24.4845060893
-27.3875739748
-31.8051063488
-35.5833069547
-38.2950844763
-31.5169703842
-34.1740339147
-28.2927718108
-24.0009030856
-26.0958010600
-25.2274768569
-22.4579090866
-21.7918807054
-22.9934418673
-24.3160791508
-28.8050071118
-28.3102383646
-32.0825632769
-33.1470804768
-36.6039427398
-29.0594320849
-32.4134218660
-23.6127602533
-23.1387462235
-23.0393893217
-21.7856291482
-20.7543345190
-19.4029689060
-22.6113279060
-26.2281245888
-31.1531037292
-29.4177320536
-32.8802339688
-34.3178882850
-36.6340949347
-30.2835886592
-23.9916027762
-24.2460873465
-22.2208936469
-22.1805672854
-21.3680590488
-21.3828652326
-25.8965435375
-29.4301057149
-29.5774943217
-33.5786526386
-30.7400039735
-34.4669378101
-34.1122316830
-36.2136937820
-22.1020661566
-22.0105492722
-21.1363475185
-20.0107383680
-20.5679762282
-20.6038699292
-24.8601898126
-30.3973827543
-32.8686875752
-29.8076704001
-33.5868641897
-31.0245953690
-33.9081350621
-34.2772965446
-24.4465811995
-23.5159174416
-22.2590049719
-19.8144130512
-21.6188993797
-20.2019630107
-21.3978681923
-26.1443713345
-31.7015498436
-33.0015793936
-29.6032721180
-33.2092568356
-35.6788098297
-37.3260315117
-35.6946581534
-39.1644543169
-30.9045031129
-33.9968711518
-27.0174298244
-28.4012244644
-31.9389600650
-35.8795884228
-29.8596868647
-32.6849858461
-34.8232919471
-30.8119402236
-33.8839185480
-30.4844540099
-33.6391447426
-34.8284534635
-38.3086141799
-31.6010149032
-33.2039412733
-28.1183134067
-29.9212599615
-34.7235907267
-30.4459750456
-31.7810050620
-35.2223674076
-32.0818499667
-29.6685503174
-33.5301082613
-30.5593134509
-34.2143253058
-36.8176166824
-39.1130113773
-31.7389582059
-32.2009881203
-28.3305646634
-30.9002361662
-34.4411341412
-30.5288492565
-32.0821775090
-34.5235604031
-33.1897202517
-32.3801212513
-35.4578680742
-31.1671719960
-34.7947709230
-36.6836982581
-39.6160898695
-32.5448546991
-33.2053407192
-30.0270923552
-31.3800821848
-35.6161104600
-34.8796918778
-32.2828965647
-35.1993056638
-34.7541960390
-28.9376128580
-33.0851280652
-31.8905736226
-35.6791373571
-35.0863388157
-40.1194609618
-32.1113341513
-34.3513054128
-27.7468500779
-30.8269561270
-35.9007484150
-34.2649371429
-32.7706395349
-34.1728713867
-31.3979927803
-28.1544711929
-31.7349216806
-29.2985744846
-32.9528188083
-36.4858661757
-40.8044442481
-33.8172577300
-32.2788937078
-29.9123570913
-29.8557629726
-32.2158395899
-30.6820583177
-30.7236650157
-33.2654159655
-29.9490974426
-28.3325311430
-31.2117653080
-28.2667726481
-32.6003717115
-34.7988087453
-36.1533181997
-33.5820871819
-36.5946838635
-29.9707403249
-30.8631488749
-33.5770421780
-33.5457067397
-35.9528464329
-35.7463431902
-31.5098359346
-29.8817763851
-32.8508896061
-30.5729661522
-34.1345451670
-37.6605032330
-34.3642448178
-31.2576648424
-35.1227490321
-32.4101142114
-33.1249145827
-36.4252718021
-34.5572442439
