-28.7312403215
-29.7494955982
-30.5014726519
-29.9191484958
-29.8014525121
-30.5319743897
-31.1606136381
-32.8510268344
-30.6846319491
-30.2414136473
-30.6434421181
-29.9454182331
-29.7969965474
-30.5285566830
-31.1661492872
-31.3153153524
-30.9166592882
-29.9583084250
-29.7919800270
-30.5062846274
-31.1571221401
-32.6600741370
-34.7051351270
-33.2753079053
-31.3284191493
-30.0773999717
-29.8275992639
-30.5250172852
-31.1597669789
-32.6534639822
-28.9839227772
-28.1699402066
-28.4991728416
-27.5708718287
-27.7022438286
-29.1472490436
-28.2290652411
-29.3439859710
-28.2827426576
-28.0295061071
-28.4628208674
-27.5653555978
-27.7003783301
-29.1396148705
-28.2260359099
-28.1425726587
-28.4803935774
-27.5513209908
-27.6846775910
-29.1292063994
-28.2048422427
-29.3136926599
-32.0702724992
-30.8485679533
-29.0410386252
-27.6675269150
-27.7134911918
-29.1376561620
-28.2205960595
-29.3241995193
-29.2135978694
-28.0790615653
-27.5978924285
-27.9399997259
-28.8112755099
-29.2958222017
-28.2727639926
-29.1675934615
-29.1728443039
-28.0532281018
-27.5816738549
-27.9770171180
-28.8214237692
-29.2886618468
-28.2720688000
-27.5961602725
-27.4668155942
-27.8916249308
-28.7859805948
-29.2698735211
-28.2615023891
-29.1169414917
-31.1215054933
-29.2852842690
-27.7949957376
-28.0283642826
-28.8266422452
-29.2820193263
-28.2674031120
-29.1212149201
-27.9388048203
-28.2426079050
-28.3561288575
-27.4166931067
-27.4497412988
-27.5001110521
-26.8202112958
-27.5898349233
-27.2901537948
-28.0626811655
-28.3122035552
-27.4139589410
-27.4560459327
-27.4990261890
-26.8232186192
-27.8292634253
-28.2282638945
-27.3859661074
-27.4304804480
-27.4890695279
-26.7917873645
-27.6879114644
-29.2555709362
-29.9321318976
-28.7111069196
-27.4811634905
-27.4620359822
-27.4998767320
-26.8135700694
-27.6950977114
-28.6677072213
-29.7599519686
-30.5064283267
-29.9215395960
-29.8230695077
-30.5544225089
-31.1707489508
-32.6458660585
-30.5476699424
-30.2332189185
-30.6448829922
-29.9513823904
-29.8182381131
-30.5499056988
-31.1733562467
-31.3511624345
-30.9230195885
-29.9953452332
-29.8035199658
-30.5175281057
-31.1592478500
-32.6548737860
-30.5282511545
-30.2198717379
-30.6357225025
-29.9318237865
-29.7974975521
-30.5185288207
-31.1644520852
-32.6649366012
-29.0087011521
-28.1781983706
-28.5094052491
-27.5766508607
-27.7100954927
-29.1472723462
-28.2357155294
-29.3315113410
-28.2535238522
-28.0255498522
-28.4713366539
-27.5702335979
-27.7077419354
-29.1601262900
-28.2426117888
-28.1501498706
-28.4828817716
-27.5600206088
-27.6853870241
-29.1174347294
-28.2220874226
-29.3201914815
-28.2106277458
-28.0235807869
-28.4621243801
-27.5568915944
-27.6945591660
-29.1374619739
-28.2189532300
-29.3199273858
-29.1755836480
-28.0681792755
-27.5942132150
-27.9935476866
-28.8265529188
-29.2925274804
-28.2801625515
-29.1233238004
-29.1443582349
-28.0528474935
-27.5875460971
-27.9388993278
-28.8118749032
-29.2833656958
-28.2701541072
-27.5861285255
-27.4659767025
-27.9471989187
-28.7962155914
-29.2763205591
-28.2580704416
-29.1207152098
-29.0956157795
-28.0356450348
-27.5690399900
-27.9271030602
-28.7965754863
-29.2731423506
-28.2590491487
-29.1190917989
-27.9346362533
-28.2448423605
-28.3624270182
-27.4357235213
-27.4494241253
-27.5036931716
-26.8213285236
-27.6981503454
-27.3661304594
-28.0829479089
-28.3190104882
-27.4222171053
-27.4510721332
-27.5056738882
-26.8162861109
-27.8555745913
-28.2431814089
-27.3952495838
-27.4395088909
-27.4906385662
-26.8085121217
-27.6921486444
-27.3330550812
-28.0679087035
-28.3036152717
-27.4144366433
-27.4450769054
-27.4900197541
-26.8076732299
-27.6944038133
