-19.9011192669
-22.6706846841
-20.7102965727
-20.3502177444
-20.2829031383
-22.5843500267
-22.7370425928
-19.8499119013
-20.0587325664
-22.2947989848
-22.5949358614
-21.4703015870
-19.7524981640
-22.6865239449
-21.9656944452
-19.7672318505
-22.3020266552
-22.0759375280
-20.5549578666
-20.3898307913
-22.7742528815
-22.1847966979
-20.2039683224
-20.3162594498
-22.3494162848
-22.9652393062
-21.1080931704
-19.2756825833
-22.1141342885
-20.8315242258
-23.5829485187
-28.6502587755
-31.7220289110
-31.8217353239
-32.8031168072
-34.1437419137
-32.3125374030
-28.9090439341
-29.6543034020
-32.1185307699
-32.3498913831
-30.9498110424
-31.7045921334
-33.5092201268
-29.4964959628
-29.0915080588
-32.6993699866
-34.2974959764
-33.2337141599
-31.8499301084
-33.2378879032
-32.5843887713
-29.4422825905
-30.2210679358
-33.1687246564
-33.5220002854
-31.6627912534
-31.4670913012
-35.0644214843
-30.4901644381
-22.6182552341
-24.5464145010
-22.8555153549
-20.3836931558
-20.4877028112
-23.0323635982
-23.0772261926
-20.9535338050
-21.2310982902
-23.2935567258
-22.9192802000
-21.2557044875
-20.2870937149
-23.3405359585
-22.0869389194
-20.7963943317
-23.9110587954
-21.6949848031
-19.5588422836
-20.3055143830
-22.6381931645
-22.5117172690
-19.7908891205
-20.1362951186
-22.9869779946
-21.8574191303
-19.9819027500
-19.1772966074
-22.3795671902
-21.2447432281
-21.3126067375
-23.8147933722
-21.9684674487
-19.8475855323
-21.2545419521
-23.5563408936
-22.2269807909
-19.7441985695
-21.2351671732
-23.0317072434
-21.0532777985
-19.5172446346
-19.9159681733
-23.2419286178
-21.2293091697
-20.8923762549
-23.4553774082
-21.6070979314
-20.7546840557
-22.1768518193
-24.0467366141
-22.9836858656
-21.2752242620
-21.2861531615
-23.2794729225
-21.4071374286
-20.6324427422
-21.0629276467
-24.5308548688
-22.9011223311
-20.3346788220
-22.6835010875
-20.3706489027
-19.6370793167
-20.5775043806
-22.8614562106
-21.5756472525
-18.7981523822
-19.3787756753
-21.6402833555
-20.5423149365
-19.6394108657
-19.4573738990
-22.4974923482
-21.7959987816
-20.4751569763
-23.1006737323
-21.7261260760
-20.1738342391
-20.7975335688
-22.6343896707
-21.1706022712
-18.8125494781
-19.5028268258
-21.8686742658
-21.6356772183
-19.3336904094
-19.7398979550
-22.7221923889
-20.5781374324
-20.5440406200
-23.5144493729
-21.2175724504
-19.4716428296
-20.5578447942
-21.9907446897
-20.7940679608
-18.3611155438
-19.7640652919
-22.4761718110
-21.7522081083
-19.6466812631
-19.6576723024
-22.6043371387
-21.1726593690
-20.9761346968
-23.9389674888
-21.7119244651
-20.0619962183
-20.7882229041
-22.1115244107
-20.6394542220
-18.8663291867
-20.1732581466
-22.3912922665
-22.6502108104
-20.9979730702
-19.4713593150
-22.0600891973
-21.7227847514
-21.4752236066
-24.4309710763
-22.1782370271
-20.8823535666
-20.8203040477
-22.0726233883
-21.6705611418
-20.1904644920
-20.4689468464
-22.9190924838
-23.3085570969
-20.2207875885
-20.1142198329
-23.5376380002
-22.3895756445
-20.7800294668
-23.2675005847
-21.0003343934
-19.2639885848
-19.5152522666
-21.5972810834
-21.9577055550
-19.1627441601
-19.8629807530
-22.5995005701
-22.2960391994
-20.2912506302
-19.9693853954
-23.3041878596
-22.2060900511
-21.0724855772
-20.5956868459
-20.6984614671
-22.0617009639
-21.6296431532
-25.5013659490
-22.8858604546
-23.7221165409
-23.4533293771
-20.2122653265
-20.1141123822
-23.5464515429
-22.3299133427
-25.6010451977
-22.7625058056
-20.3549999446
-19.1177391607
-19.4427709645
-21.6007052638
-21.9556238602
-25.9253183004
-22.7493929418
-23.5700000744
-22.6699428916
-20.3459831513
-19.9996580027
-23.3573189717
-22.1817427673
-25.5252264693
-21.6343515593
