-26.0936429835
-24.7544739201
-26.7511930273
-24.9904860240
-23.9182554109
-26.8432639831
-26.1856660513
-25.3439857210
-29.2948344200
-27.7075257154
-26.8810723642
-26.9730915479
-29.9313991538
-28.9525860114
-32.3331070371
-29.7157327952
-29.4070465515
-30.8454324635
-24.4611310430
-22.3973742326
-22.4349262839
-26.8143157195
-27.1849311318
-30.4759938960
-28.4992466021
-26.0896608381
-25.3252530551
-28.9615756277
-29.2935009982
-24.9122800821
-26.5351020131
-26.5216680984
-28.2886770390
-26.8502353195
-30.5064296035
-28.3379347219
-31.3973234622
-28.1369399071
-31.5145326816
-28.0785307573
-26.1096194701
-26.7219923443
-31.1277932821
-25.9312617540
-26.6809138332
-24.9631508467
-24.7781402475
-27.8299689689
-27.0055947141
-27.3913735910
-27.4745338991
-31.4985302901
-28.9547945974
-31.5952643565
-26.5404628339
-25.7487652456
-25.5157293970
-25.6841498741
-26.5994649515
-27.5733768479
-26.1359940795
-24.6041193869
-25.3547838651
-26.0019124946
-26.2401538820
-26.6375218590
-30.8938227338
-26.5139976591
-29.4159843591
-27.1921729264
-24.9694852521
-25.6296439008
-28.8890749240
-28.6954307717
-26.8850532232
-27.4602157920
-27.8999736897
-31.1793786330
-28.3757715987
-27.0527500179
-26.9289979287
-30.2889508145
-24.3080332863
-27.3505060887
-25.5413181379
-22.6676941954
-23.7574186082
-27.7130678497
-28.8242433656
-27.2102635938
-24.5801449514
-26.5703225182
-31.5656183252
-28.4878840439
-27.5677635259
-27.7907986698
-30.2204452196
-25.1175108187
-27.9793253544
-27.8738386122
-22.5644923699
-24.5686956212
-28.2177570236
-23.5902914152
-23.6443572226
-27.6165499894
-30.2051872231
-34.3566675728
-30.0024279060
-27.7468798588
-26.7356488784
-30.1170077717
-25.4758276561
-21.8024056888
-19.7265598249
-23.6652440592
-22.7246210365
-21.2395208693
-21.9264633032
-21.0358953906
-25.3254951376
-27.2443642856
-31.3778231235
-27.7896620238
-25.6652955147
-25.7524004521
-29.2694281740
-27.1527218259
-30.2543284229
-27.2413284765
-28.0665856385
-27.4023102466
-30.6100586185
-28.6961246681
-30.7444456981
-33.9380516521
-32.5287021570
-33.4475369994
-26.3052378796
-25.2825860870
-24.6624534425
-28.1298598127
-28.1965620622
-31.3549231897
-27.2918432240
-26.5448735545
-27.7697098775
-31.8259388288
-30.1646447000
-32.3742140527
-34.1569790508
-29.9748480429
-33.4165950963
-27.7888619705
-26.1405419552
-26.3008583209
-29.9062103944
-28.5872124420
-32.0115086418
-26.9918267884
-27.0255624173
-28.2902887948
-32.7833808269
-29.7177614086
-33.4413527549
-33.8681608570
-28.3728911415
-32.0604413915
-27.9742881181
-26.8825391408
-26.3785645539
-30.0253744351
-29.3447005790
-32.3076658637
-27.5421825010
-27.1936113356
-28.8428142008
-32.7949673662
-31.3614569767
-32.2766696076
-32.1883814460
-29.3745821997
-32.5601489347
-29.6477230166
-27.4431233732
-27.0510269123
-30.4300089040
-27.2410384872
-30.1438445814
-28.1755561043
-27.7417882500
-28.0314829379
-32.5613839640
-31.6146960849
-35.1356003833
-34.3139009593
-26.5933738768
-28.6369698374
-27.2259008944
-25.8159257928
-24.6651642981
-28.3934323337
-25.2360457043
-28.2668658420
-25.7976824754
-25.7386105199
-26.0978296777
-29.7197278772
-29.0411059361
-30.4970322186
-33.8879550722
-29.8815058115
-32.6400973781
-29.7231391183
-26.8291698287
-25.6936702300
-29.0673199745
-26.0602698468
-29.3123967704
-28.2573402684
-24.9399868166
-25.8668910539
-30.5699872975
-28.7392266076
-29.5704569445
-31.8775125362
-30.1472040366
-33.7359383311
-28.6839426058
-25.1940182773
-24.7940377600
-28.3691303720
-25.9813441042
-29.1022505124
-28.2334733006
-25.2040681494
-25.8018898885
-28.6164351385
-24.5782794301
-27.8590790174
