-29.3357938358
-26.4160855397
-26.9381920961
-24.9515112217
-25.3158142337
-24.6436547530
-23.5951953090
-26.1114616603
-30.3287036770
-31.1815030476
-29.6400616269
-30.9271505723
-33.9217890371
-35.8087849057
-34.7842757093
-28.5351480835
-25.2967682830
-23.8392118633
-22.4785240780
-24.6294155980
-24.7852255201
-26.4924790624
-29.2889518328
-26.7940852500
-27.7673718578
-26.3876965663
-27.7792224995
-29.9964029084
-32.4566791749
-30.4941685980
-29.8246294810
-27.0941871296
-24.2172504420
-21.6357678404
-21.6807055199
-24.4841902181
-28.3448801950
-30.4651750512
-30.8868553325
-30.1021498647
-27.2405219530
-28.2631503949
-30.9121916708
-26.2629127026
-25.4724966980
-24.3796977049
-24.9742829973
-23.1908235438
-23.4391394191
-24.6217477714
-27.5026549080
-26.1095715742
-27.7954863784
-30.4543406615
-29.6344340977
-26.3877095094
-27.1682801705
-25.5620250947
-23.2629099869
-24.5116212093
-21.7956544184
-21.8579266126
-23.7414537754
-26.6964799324
-27.7237494910
-27.7752662468
-28.6079335978
-28.4236207969
-30.3844097232
-30.8364441588
-26.8727714843
-23.4614024141
-22.1930639264
-23.1168495931
-24.0716017331
-20.6646611085
-20.7954195095
-24.1990550246
-28.4368009778
-27.5173419893
-28.5426256169
-30.0007397725
-31.6545266176
-31.5498839508
-31.2477094889
-25.7699110212
-21.6609889675
-20.9979018718
-22.6327533143
-20.6647931575
-19.7384907409
-22.8145274497
-27.8731123413
-31.4919007409
-28.4621204918
-27.2781232078
-29.3180981403
-30.7531220230
-30.9621316168
-24.9703241435
-24.2640432585
-21.6626628689
-21.5128119201
-21.7745034745
-20.0156150731
-22.5311295766
-28.0431380839
-32.0023313360
-34.7267896571
-29.7246732078
-29.8974253442
-30.1058692107
-31.0185807390
-24.4164885343
-22.0379323606
-22.3876933181
-23.2987544918
-23.6109064093
-23.3670879298
-21.3963820068
-23.7737782899
-26.6599855562
-27.2785258228
-27.2079346356
-23.5205287554
-25.8236182119
-30.4119714501
-32.1777710133
-32.0524667637
-30.9356042578
-27.6067564553
-28.5428016803
-31.1535193046
-33.4305468618
-35.5403655581
-35.0461393525
-33.5471579683
-32.7835115931
-34.1910719671
-26.7670296908
-26.9388160896
-29.9327921257
-31.5583013470
-31.7491543690
-31.6901976366
-27.7053327088
-28.9293003203
-31.5935865771
-34.3795714153
-36.9682624324
-28.9185902006
-29.4189515538
-30.5534968760
-31.3820538369
-27.6450412451
-27.7206010481
-27.5470643893
-28.9835939580
-27.3923976065
-26.8057365271
-26.8676669366
-29.1689217020
-32.3021004502
-32.3160534963
-33.5236612270
-34.0925695173
-31.6714118953
-32.2587395909
-32.9467575678
-28.7643325154
-29.6306422464
-30.3119245639
-31.4277151791
-29.9102689292
-29.9225105355
-27.1185952516
-28.9860963908
-29.1044513283
-31.3089459831
-27.4014402862
-23.6259650328
-25.8561809361
-30.4260099394
-34.8019338745
-33.3095199200
-31.1421942693
-27.6729046222
-28.3612126941
-31.0566674528
-33.4005331856
-35.5672269161
-36.3156799579
-32.9905987093
-29.7325339299
-28.1282260553
-25.3045798150
-26.4415733527
-29.6355577884
-34.6092606817
-33.9493559798
-32.2514536674
-27.7927936447
-28.9665572096
-31.5764281367
-34.3919800192
-37.0109734008
-39.7333197865
-36.9428872603
-33.8577873435
-32.8464724783
-28.1007070346
-27.8586259241
-27.6034293698
-30.3259034871
-27.9690592913
-26.9629458784
-26.9391034892
-29.1992693858
-32.3061240232
-32.3209690389
-33.5510028781
-33.6798827816
-28.2756146650
-29.1736249286
-30.4566476113
-27.9250200628
-29.3231314827
-30.2121119911
-33.6308839961
-30.9129684180
-30.0904558709
-27.1650035718
-29.0470221946
-28.7528741477
-31.1393163983
-27.4012564553
-29.0421105333
-32.0864250365
-31.1378625825
-32.0400076673
