-31.6199948361
-32.5079525408
-33.8221668192
-33.1673213303
-34.0782747153
-34.6188354554
-34.7505569612
-35.2200138636
-33.2779022531
-32.9632596571
-33.9548463220
-33.1800095653
-34.0738304026
-34.6156365341
-34.7487354791
-33.8335358724
-34.1665330971
-33.2831116702
-34.0789841485
-34.5958746833
-34.7493491127
-34.8797177759
-35.5928428854
-34.9322067508
-34.4381423587
-33.2817523552
-34.0816600572
-34.6031398983
-34.7464078140
-34.9245000841
-33.3635662899
-32.6336257534
-32.9392632170
-31.4268076739
-31.4272322990
-32.1827694177
-31.8862730167
-32.6912154004
-32.8086123247
-32.5017113444
-32.8929675350
-31.4081708161
-31.4252010938
-31.9178181896
-31.8213430647
-31.9700728512
-32.7262494831
-31.3550436022
-31.3901411199
-32.1469495228
-31.8644165241
-32.7062856732
-34.3528511699
-33.9509923420
-33.2507017156
-31.4700300113
-31.4251816751
-31.9092739232
-31.7998697696
-32.6803188714
-32.5909277252
-32.1011561399
-31.7768688640
-32.2155638650
-33.2689243050
-33.5006797528
-32.9705481765
-33.2190801645
-32.9505688345
-32.1970681190
-31.7902755948
-31.9448128927
-33.1616122071
-33.4766237604
-32.9674217519
-32.0173045220
-31.7342498039
-32.1731053340
-33.2231257445
-33.4923426206
-32.9661142202
-33.1621714686
-34.0976132385
-33.1065224033
-31.9848751466
-31.9795919408
-33.1638751430
-33.4742494901
-32.9595869187
-33.1636770719
-31.2628393113
-31.3912246854
-32.9386754747
-31.9158801939
-31.6575067554
-31.7711027789
-31.4875703563
-31.9362634489
-30.8861899134
-30.9229898102
-32.7515974723
-31.8814959946
-31.6520060601
-31.7707169923
-31.4854122817
-32.0360708357
-33.1157735141
-31.9318825693
-31.6422992557
-31.7646958736
-31.4759669834
-31.7216586620
-32.8542568311
-32.7627347938
-33.3689673035
-31.9929766632
-31.6636884028
-31.7760947019
-31.4762440248
-31.7264059082
-31.9968448869
-32.6445119235
-33.8708328863
-33.1674223080
-34.0851295468
-34.6269796941
-34.7505906204
-34.8994252543
-33.0870958471
-32.9198004124
-33.9483811610
-33.1653975759
-34.0802152993
-34.6164378827
-34.7501854151
-34.2651572266
-34.2422857802
-33.2080373472
-34.0561476562
-34.5837353532
-34.7396552550
-34.9194058894
-32.9991598143
-32.8992307391
-33.9130299082
-33.1471283815
-34.0494054537
-34.5923624723
-34.7397976594
-34.8685183151
-33.3648414569
-32.6301925118
-32.9312523202
-31.4161053327
-31.4301994897
-31.9129194767
-31.8324001223
-32.6975977083
-32.8108687877
-32.4873297907
-32.8869282923
-31.4132533601
-31.4261513198
-32.1769049440
-31.8943369917
-31.9750026339
-32.7319158851
-31.3540221740
-31.3818208167
-31.8790440494
-31.8005973268
-32.6893343668
-32.7787552931
-32.6509693190
-32.9282514703
-31.4045395027
-31.3992433531
-32.1497432390
-31.8653473313
-32.7028524316
-32.5697418287
-32.1057040199
-31.7778022604
-31.9241409460
-33.1769582268
-33.4788297345
-32.9672236802
-33.2003319734
-32.8993576103
-32.1913369876
-31.7893150121
-32.2100942398
-33.2572523197
-33.5055616357
-32.9722298434
-32.0206083050
-31.7372351188
-31.8795152779
-33.1387135739
-33.4710272662
-32.9647730294
-33.1572209725
-32.8654019200
-32.1917240687
-31.7747276190
-32.1909809749
-33.2305929151
-33.4955117665
-32.9677609334
-33.1597208177
-31.2610307749
-31.0094176569
-32.7991178327
-31.8983204319
-31.6621491401
-31.7805183016
-31.4945921899
-31.7325241210
-30.7258153215
-31.2365333273
-32.8709155604
-31.9023841368
-31.6536967893
-31.7713591068
-31.4916314721
-31.6007378693
-32.9788607118
-31.9089334465
-31.6359415446
-31.7720698345
-31.4767165486
-31.7269807043
-30.6612400835
-30.9244992967
-32.7259439604
-31.8494291037
-31.6250605506
-31.7635812352
-31.4693840143
-31.7233390345
