-25.4785695991
-23.4510263092
-25.0698480487
-26.9842198115
-24.8788046792
-22.5425802051
-20.6959020703
-24.5984439123
-28.3905881432
-32.3446625424
-36.5946476173
-33.8795312067
-34.6129191970
-32.4074784407
-31.9633435928
-25.7992799977
-25.0850477855
-25.8882789162
-28.1677601224
-25.6891728673
-23.7577422595
-26.6530556318
-30.9377558525
-32.3393236758
-34.0695686248
-36.2415726951
-34.9854595341
-36.3852600483
-31.1074165075
-25.5803201807
-23.0297821970
-21.5043556822
-23.0205660379
-26.3514261438
-26.1240282206
-29.6080866749
-29.4004273326
-32.3679430798
-32.7443762719
-34.0606463411
-36.1810974241
-34.5930188214
-35.9707596219
-25.4096523008
-23.7550559929
-26.7357240139
-23.4123686691
-23.1490770236
-22.4129519911
-26.7430889020
-32.2935160452
-32.4956151389
-34.3253192125
-33.0864873937
-34.9616572776
-36.8413347961
-34.4577410910
-28.1958565197
-26.0953246558
-23.3086839664
-24.2346975817
-27.7497149964
-25.2557946322
-28.3287444708
-33.7439544101
-35.8065880373
-34.0990890613
-33.6275051326
-32.7443814504
-35.1306110670
-37.9056239594
-29.4760415060
-26.7463745792
-21.8445328215
-25.0184840418
-22.6136374537
-19.9869335134
-24.0875743172
-28.9294000007
-33.8363464052
-37.5936469598
-33.6086740945
-35.5029623888
-33.5594021613
-35.0853355232
-24.5811081180
-26.0234466466
-24.4991893007
-22.1326572368
-23.4311660621
-21.2448131375
-24.4871250421
-29.5687713933
-32.0712537951
-35.4811952221
-37.7801333066
-34.5099193674
-35.9342535983
-33.8038859678
-22.8854034632
-22.9221127562
-25.4600971490
-23.5741556964
-26.1496869086
-22.8818291149
-26.5669915413
-29.5417456266
-33.0337964481
-32.8498655949
-35.7662137879
-37.5312841824
-34.0519544825
-35.6796720322
-21.5125620560
-21.4927911421
-23.1842185648
-21.8806310669
-22.5954303945
-20.1216481687
-19.7961800980
-22.8654189373
-24.2525913518
-26.2221293626
-30.0790052482
-30.2567195377
-28.2112064289
-25.7523991564
-28.7069590577
-31.0197368014
-34.0634892453
-37.8019923760
-36.1251816804
-35.7520510270
-32.7516350096
-34.3607546083
-29.5213170605
-26.8834427609
-26.4477071035
-25.4530999143
-26.4922330952
-26.0781985776
-28.5237880937
-31.0751929758
-30.2697611939
-33.5193632047
-37.0598168225
-36.0474094460
-34.2208047200
-32.3010375940
-27.3573829395
-28.0719529924
-25.9345914374
-27.4902903206
-26.4916803076
-27.6271397139
-31.8041056429
-32.1710702431
-33.5095398936
-32.3451441351
-35.2406754418
-38.3273908676
-36.5766606501
-36.0091725680
-25.7182078392
-26.0527975042
-29.3763635638
-30.8300359574
-29.9757581472
-26.8132904378
-30.2371130214
-34.1393675075
-33.3884689416
-33.3936472854
-34.3553328893
-37.6154555459
-38.7452299980
-35.6109903837
-28.1881938644
-26.1143162345
-27.5897740769
-28.2952820225
-28.1998179575
-28.9118674287
-33.3466563921
-39.5087428538
-44.7742811446
-47.7708419585
-46.4546307116
-49.5191816850
-52.1974527828
-54.9326309829
-31.6924061861
-29.0058051740
-28.8207078634
-29.8598551659
-27.7602438697
-27.5224426601
-31.1406601764
-33.8154259111
-36.3991354176
-37.2295603030
-34.4258360261
-34.3920279210
-33.4300419704
-35.6435064885
-29.0360221000
-25.0497198232
-26.5678589282
-29.6989316599
-26.2641218507
-27.8656335262
-30.9298951302
-34.5965879936
-35.1872841438
-37.2215895367
-39.0768251335
-34.0060937886
-34.5433869978
-32.5427367645
-26.6491705814
-26.0768185490
-25.2246132318
-26.9700544503
-25.4297248667
-26.3619433643
-29.7765848034
-30.7526896290
-32.9856831737
-35.1184807983
-37.6413744425
-38.2100794085
-34.4558548742
-34.2174452661
-25.2907601027
-24.4514436693
-26.3457946969
-25.6005247904
-27.4462277893
-27.7584961786
-28.7002440502
