-26.6400683434
-29.3575765279
-30.9622597803
-28.7451881901
-25.3963167763
-27.4512287660
-26.4675945319
-30.3905201540
-31.9154853454
-28.3990650917
-29.5733296413
-28.8788153517
-32.4437760313
-32.9595610243
-34.3062965662
-28.8955672944
-28.1269107565
-30.2378936659
-24.6576945422
-24.2263216093
-28.7898216164
-31.5857038431
-33.8564383849
-32.7637303286
-29.0838674102
-30.6670773710
-31.2241842713
-35.4049557638
-35.6440256202
-27.0769238177
-30.0024136639
-29.1241600978
-27.4007347362
-22.5862427138
-23.5757247351
-25.3089166786
-28.4777513231
-32.5955364417
-33.3895499210
-28.1035654860
-29.8398887655
-31.6534922428
-36.4356271838
-34.3056298428
-30.2934016259
-30.2270605629
-32.7353996045
-26.7730948332
-24.4819441189
-27.9504742124
-29.1890059143
-29.7227067312
-34.0543947737
-34.7435480715
-29.6026209386
-31.7035396337
-33.7610261230
-30.9935149670
-30.1755891295
-29.2537106133
-27.3925102351
-29.2324729291
-28.6253975626
-29.5562475801
-29.5807256110
-28.4032699067
-29.9844137428
-33.4470864811
-35.4747067515
-27.1934935221
-30.4857447144
-27.7778424717
-28.7671521365
-29.7440453680
-31.9143926895
-29.2281787873
-31.0012242248
-33.1670753579
-30.9936729039
-31.0491148406
-28.4946314325
-31.0828672786
-34.7122980643
-35.3423845714
-30.9215864781
-28.1672694732
-25.3176253591
-25.7877659536
-29.5409093196
-29.2815312640
-31.5014793826
-33.7626741295
-36.3062320703
-31.5083924671
-31.4275365259
-28.8052634518
-31.6745668024
-34.5273030641
-35.3022096910
-28.9664911795
-27.4992605056
-23.5778362047
-26.4581194542
-29.5597869727
-29.9825935596
-31.7689938953
-34.4570225956
-38.6734555812
-34.5615759208
-33.8110333821
-30.6242382279
-32.9109622721
-36.8297456592
-29.6396823443
-33.0577695868
-26.3302868465
-26.3891736874
-29.7019143819
-29.9284125523
-29.4081132919
-33.7358412415
-37.4410399142
-39.4532064462
-36.8836237286
-33.4380463961
-29.4439422489
-31.7225325043
-35.7540550364
-37.2355361010
-27.8142980076
-31.3901592313
-32.0573900723
-36.1478899959
-32.5832741310
-30.4842171164
-32.7745349383
-33.5673224363
-37.2803844227
-33.9393242343
-34.8880354859
-27.8128882050
-29.5392781439
-34.4781864707
-32.4666914996
-28.2801004086
-29.6988902317
-31.7930887270
-35.4528308480
-33.8677038707
-36.3598227276
-33.4419210857
-31.4356328651
-35.5422375169
-34.4506972480
-37.7947116264
-26.2858605326
-29.4855579997
-34.8468896558
-34.2962570541
-27.1863758888
-30.3411744263
-32.4376500573
-36.8917873699
-34.2347305696
-35.7069787327
-34.7859716435
-31.7314301923
-35.0853368114
-38.0753208177
-34.4011922914
-27.7710963811
-30.8070816483
-34.7657424443
-33.0399573816
-26.9102756429
-30.1068323726
-33.2709580959
-32.7151497037
-33.6124270992
-33.9162236448
-35.2941845508
-32.6642284645
-35.0757957184
-30.2083796948
-32.5862063657
-27.1853544628
-30.6506736633
-35.9528619609
-37.0808732605
-27.2055435289
-30.5459869754
-30.0586323584
-33.5905822509
-33.3967711131
-34.5492191053
-32.6028003677
-29.3706790437
-32.6985297998
-34.5846221315
-32.7051788023
-27.3163445604
-29.8829440940
-34.8942132316
-35.5304088985
-28.1114119690
-27.8471571962
-29.4666609390
-33.2125645040
-32.6450414033
-33.1010191179
-32.4912213148
-29.9473264516
-33.6663685948
-33.8488521095
-35.4052677725
-27.0331448004
-29.8311127594
-34.9567287775
-36.3888745289
-32.1589153651
-31.4376990242
-30.3383146969
-33.2646456920
-30.9118926202
-31.6555571068
-32.0153704090
-30.9466923858
-34.2209976059
-36.7601862828
-36.7586276007
-28.7931370615
-31.1631989176
-36.3860859779
-34.8811871280
-30.7867721847
-30.6957835197
-32.2090391514
-35.2386299963
-33.3459909925
-35.8017747631
