-27.8171771731
-28.2552068187
-27.8340378620
-27.4640115208
-27.0723176877
-26.7510156717
-26.4578061697
-27.3037624824
-28.4381136936
-28.3995298532
-27.8608836919
-27.4694953871
-27.0766998614
-26.7510804010
-26.4533644449
-27.1249801521
-27.5552850132
-27.3821431952
-27.0576150740
-26.7401942269
-26.4427747309
-27.5119319140
-28.8001614901
-28.5756401508
-27.8832386030
-27.4698967088
-27.0736821814
-26.7538106830
-26.4501111501
-27.6518650114
-28.9034370848
-28.4841711791
-27.6690169839
-27.3879791892
-27.4585328329
-27.9454343981
-28.7211296059
-29.0414270020
-29.1973003282
-28.5514249203
-27.6824094762
-27.3897320586
-27.4610003139
-27.9862397489
-28.7246275772
-28.3916173439
-27.6562394200
-27.3953531511
-27.4561948105
-27.9377976353
-28.7063894501
-28.9589385739
-29.2496016006
-28.5855579741
-27.6896928170
-27.3956237196
-27.4646665815
-27.9714581660
-28.7174931139
-28.9599470564
-27.4273902667
-26.7099539913
-26.9543498296
-27.2687905368
-27.9468066596
-28.2163834795
-28.1359042469
-28.6344065869
-27.0120339916
-26.5953611171
-26.9120272226
-27.4647364886
-27.9987596904
-28.2245704414
-28.1389620591
-27.6005010193
-27.1237761883
-27.3069044442
-27.9633009798
-28.2253368362
-28.1237351386
-28.1854843016
-28.8130387367
-28.0817322956
-27.2380725999
-27.5496432073
-28.0226150265
-28.2402957774
-28.1356789890
-28.1945464035
-27.0466123862
-27.0548550158
-27.6746820922
-27.9737702969
-28.1606800336
-27.9295951392
-26.2980076418
-26.8102494544
-26.8493847921
-27.1531891823
-27.7078830451
-27.9859394052
-28.1653767916
-27.9291316774
-26.3040533589
-26.4596302398
-27.5078254899
-27.9323448394
-28.1666014699
-27.9238135181
-26.2824311822
-26.3854388078
-27.9673957550
-28.4259665932
-27.9860662747
-28.0539194105
-28.1900011116
-27.9353249768
-26.2924215030
-26.3893173876
-27.9334866641
-28.2917788728
-27.8730489166
-27.4816489607
-27.0652013481
-26.7559778201
-26.4680541130
-27.5763440417
-28.6622803171
-28.4617308257
-27.8838522368
-27.4745921723
-27.0747735173
-26.7551454012
-26.4573919022
-27.0598301096
-27.5545755800
-27.3910408850
-27.0574856154
-26.7394161807
-26.4499480323
-27.6585981531
-28.6720376118
-28.4588775582
-27.8690434675
-27.4702112932
-27.0781187277
-26.7544411464
-26.4556532731
-27.5290761166
-28.8785512589
-28.4799728368
-27.6705199982
-27.3766153130
-27.4564446656
-27.9726478903
-28.7232048272
-28.9622501252
-29.1289811440
-28.5321614811
-27.6777554394
-27.3791527016
-27.4539655334
-27.9414069411
-28.7180096538
-28.3849903583
-27.6545797607
-27.3863661349
-27.4610365623
-27.9750622934
-28.7207464084
-28.9563364562
-29.1148973439
-28.4915736217
-27.6745604012
-27.3887947783
-27.4586195702
-27.9376565254
-28.7143744564
-28.9582265516
-27.4351538992
-26.7126596761
-26.9568639157
-27.4806819046
-27.9939321792
-28.2256876691
-28.1486533298
-28.3408902872
-26.8326173124
-26.5662601171
-26.9127146479
-27.2535972751
-27.9475031469
-28.2107792168
-28.1424237820
-27.6000530925
-27.1295681662
-27.5045631329
-28.0128525535
-28.2409365974
-28.1373774858
-28.1892567251
-26.7450541014
-26.5332093349
-26.8901280051
-27.2498054327
-27.9463677949
-28.2213171468
-28.1333370829
-28.1898703589
-27.0507434102
-27.1976698637
-27.7129630006
-27.9771724689
-28.1669704269
-27.9236944162
-26.3142106811
-26.3911401650
-26.4843710757
-26.8972482271
-27.6338573223
-27.9643638350
-28.1595265575
-27.9262628749
-26.3144242879
-26.5992047417
-27.5471200593
-27.9483135578
-28.1586760145
-27.9277827188
-26.2924137355
-26.3926768385
-26.4891532768
-26.9548819033
-27.6548166699
-27.9714374529
-28.1695272342
-27.9293452841
-26.2900549997
-26.3916424642
