-19.7895647609
-20.5044366360
-21.2091744725
-20.8319100147
-19.8429988133
-19.1747372110
-18.7236088044
-20.2480036748
-20.8827704261
-20.7901078222
-21.2762133293
-20.8373304476
-19.8361336218
-19.1669774602
-18.7221394488
-19.5412320239
-20.9206513170
-20.7477217720
-19.8136712539
-19.1513142594
-18.7136534349
-20.1216132105
-22.4549121194
-22.0537250180
-21.5459675691
-20.8888886422
-19.8329994282
-19.1635273874
-18.7158995423
-20.1401348572
-19.9666564056
-20.0130634439
-19.9000887772
-19.0608640975
-18.5798333322
-19.4425185183
-20.2627516081
-21.4817638547
-20.2754100697
-20.0901029832
-19.9144198481
-19.0627943258
-18.5794760263
-19.4652851143
-20.2696245670
-20.6219967264
-20.0168785904
-19.0689474949
-18.5721331322
-19.4288606321
-20.2427036441
-21.2753770248
-22.8039014992
-22.1016700206
-20.2759240229
-19.1319252391
-18.5873652360
-19.4625159940
-20.2582736340
-21.2955971681
-19.7572725962
-18.3094330661
-17.8176352130
-18.8038330271
-20.7221122643
-21.5517155323
-22.1662530455
-22.3991866558
-19.9035673270
-18.3353273838
-17.8257380296
-18.8463770204
-20.7292583807
-21.5600578463
-22.1751610935
-19.6721121154
-18.0797320058
-18.8811224248
-20.7357546149
-21.5435104444
-22.1468407246
-21.7697795291
-22.0299525317
-19.7095606151
-18.0956450624
-18.9145887780
-20.7487186024
-21.5499639571
-22.1616533805
-21.7739506861
-17.0629301305
-17.0216638973
-19.2765525454
-19.7753489088
-19.4501954176
-18.7113141174
-17.7715557024
-18.8129559769
-16.6932402476
-16.9407625984
-19.2468573227
-19.7569450691
-19.4537115143
-18.7135848220
-17.7724347266
-18.2890407388
-19.7431124134
-19.8956483463
-19.4643530142
-18.7063377272
-17.7594953350
-18.2927316055
-20.0768503028
-20.2953221058
-20.3594455565
-20.0639898828
-19.5138955403
-18.7186544223
-17.7655876588
-18.3008913836
-19.6378560692
-20.4768386447
-21.2170934568
-20.8370857708
-19.8438467674
-19.1779218935
-18.7297309035
-20.1409582147
-20.7836970302
-20.7753171734
-21.2842086943
-20.8499746722
-19.8444487501
-19.1687989432
-18.7237654493
-19.5257850195
-20.9104706902
-20.7492325541
-19.8075206741
-19.1525143410
-18.7087780225
-20.1519855007
-20.7487341379
-20.7551850616
-21.2634331734
-20.8373835256
-19.8286211372
-19.1572758298
-18.7180161911
-20.1162976391
-19.9677205555
-20.0111862938
-19.8995890668
-19.0617819592
-18.5739662665
-19.4675338110
-20.2739471908
-21.2908576880
-20.1485768572
-20.0649893026
-19.9131912857
-19.0685319327
-18.5814619219
-19.4490833657
-20.2599255262
-20.6018956845
-19.9957949570
-19.0638869567
-18.5660641111
-19.4569272648
-20.2580419031
-21.2871707060
-20.1177255705
-20.0566948879
-19.8985145601
-19.0514084384
-18.5737565435
-19.4364352569
-20.2407734158
-21.2860366483
-19.7947884142
-18.3174349048
-17.8268694982
-18.8464702303
-20.7402714265
-21.5641966387
-22.1856058155
-21.8181193807
-19.6089065263
-18.2825522735
-17.8201467107
-18.7957120866
-20.7259442398
-21.5472103720
-22.1774020223
-19.6757809734
-18.0828765563
-18.9183534351
-20.7490940324
-21.5563307324
-22.1669754247
-21.7716256092
-19.5922231919
-18.2786736925
-17.8044615012
-18.7863677619
-20.7042392054
-21.5410196604
-22.1543635653
-21.7662478978
-17.0693344499
-17.0314639169
-19.2868949960
-19.7694727814
-19.4690277657
-18.7120597992
-17.7759430559
-18.2971785100
-16.3999698007
-16.8602354346
-19.2019183454
-19.7459838063
-19.4503455897
-18.7081993426
-17.7728684130
-18.2773299099
-19.7504643693
-19.8994142980
-19.4794440076
-18.7103237588
-17.7600235263
-18.3002156096
-16.3663934052
-16.8339190804
-19.1894670136
-19.7413155280
-19.4331068775
-18.7051221107
-17.7601452174
-18.2992550265
