-25.8022782579
-27.6395211351
-27.9834874566
-28.2897735490
-29.1912792085
-23.0772443142
-23.8866869264
-28.0885042623
-33.0490609101
-31.7707558276
-33.9828546818
-31.0471936753
-34.1749556649
-36.4151598007
-33.0099087595
-26.6613655857
-23.9306225916
-23.9420693234
-27.1224103936
-27.1809062694
-22.4412024492
-26.1315199735
-31.1614408699
-35.4183754498
-32.0374638081
-33.9801205154
-30.9580122419
-31.5663122445
-35.0104877530
-28.8884431883
-30.8154990497
-25.6602919433
-24.5678191976
-27.7892607134
-27.6916981305
-28.2844825852
-32.1007133819
-34.9376232970
-36.6489425431
-31.4174724141
-34.7359307204
-30.3592222559
-31.3162759342
-27.0108222601
-26.4826350350
-26.8516386644
-25.4776038397
-23.3128667748
-25.6736145258
-30.5591088879
-29.3441361466
-32.6631267628
-35.9336516185
-37.3822747962
-31.8363537829
-34.0489950640
-29.8553538880
-26.5398751571
-24.0774364311
-27.1650967754
-24.9737819884
-25.5716166827
-25.5558589815
-26.1350529149
-30.5381883880
-30.9546773909
-34.5364674284
-33.7608332255
-37.2809553482
-31.9750557083
-34.4283280992
-29.8573203566
-25.5171625022
-24.3134757388
-25.7618638764
-22.5484705698
-22.9455240528
-26.7914404036
-26.9420525553
-30.8313460652
-30.5311471485
-33.8801564826
-36.2392023119
-35.1444488972
-31.4570582602
-25.6615813541
-28.8560798266
-24.2728878694
-23.3335024794
-22.5311580709
-21.1803738107
-25.1928829090
-29.5836785569
-27.4262290252
-30.9761675041
-30.5807051908
-34.1677590609
-34.7815661701
-35.9267229971
-22.2233196869
-23.2945807425
-27.4969147086
-22.4100482285
-22.8127681186
-21.7562239151
-25.4567221516
-30.9782000031
-32.4651962567
-28.3831274448
-31.6717691945
-31.7295388037
-34.5242426602
-36.3604467286
-24.6289443695
-21.7187715338
-23.2587103491
-24.3719055884
-24.1564968103
-23.8399005828
-21.8534887713
-22.4566572220
-22.6424665960
-21.9684195513
-22.1012557528
-22.5985723554
-20.9149706721
-21.0289240431
-25.2904998824
-31.0691291242
-29.7531139653
-33.4264404232
-28.2627425999
-30.6778806862
-34.8488470767
-36.0017079873
-24.9605047093
-23.7664276383
-23.9494186901
-27.5213733242
-26.1522139475
-20.9299399714
-24.5665763776
-30.2252015369
-34.9425919078
-30.4245198732
-33.6221092943
-27.8626274945
-30.0035516078
-33.5519259251
-22.7909828156
-22.9015806186
-24.2288512307
-23.6219777117
-25.6305954337
-25.6657602797
-27.5834797987
-31.9002234644
-34.7636206231
-36.3773967379
-31.1847757852
-34.5924517853
-28.5356892226
-30.8552065863
-23.6671458175
-23.6338607180
-22.7655998709
-23.0558163265
-22.2970166142
-25.6463945575
-30.2394057343
-30.7445194988
-32.4458926847
-34.8314853933
-38.1058924551
-31.7314521983
-34.6972976938
-28.8851135099
-22.6019305079
-23.8608806446
-24.1491992278
-21.0061108404
-22.9963106677
-22.7629472640
-25.6551161841
-30.8320347859
-31.2206642966
-33.3504663720
-33.7095507978
-37.6120702045
-32.0178352941
-35.3216893124
-23.4535623934
-23.5330020960
-24.1629529113
-22.0934403352
-20.9962590419
-20.6061626415
-24.8148572866
-28.2154928023
-32.8105658389
-31.6861222790
-34.3974755321
-36.3200504792
-37.7753782947
-33.0365448605
-22.0657426568
-24.6314183231
-22.6164324653
-21.6229889796
-19.6707126700
-20.5338807079
-24.9876935985
-30.0964808637
-29.7334090746
-33.2894331214
-31.3935678886
-34.0534808059
-36.0903495582
-37.6556822079
-20.3562220260
-21.3094337061
-23.8015238678
-21.2762508705
-22.2110043018
-21.2682956396
-24.6821505612
-30.2451459251
-33.6618621454
-29.9675983706
-33.0047278194
-32.3891794726
-35.3019831369
-37.8061065752
-22.5827007183
-20.3023827793
-22.2543353971
-25.8850916382
-23.5819348641
-22.0180824699
-22.4994976706
