-21.0968419216
-22.6626129454
-23.7034706153
-23.9258132039
-24.9671381697
-22.6855853762
-22.2699494035
-24.7201207760
-29.1859597403
-32.5667344970
-36.2614911735
-36.2903772598
-37.3873715583
-39.7199013843
-38.2641373671
-26.5490252766
-26.1179087100
-28.3239752210
-25.4733498256
-26.0945207179
-25.0278452026
-26.7400311021
-27.5273685601
-28.8747995457
-31.5358778242
-33.5560556538
-34.8931050845
-35.1875417685
-34.3152421562
-23.2987389363
-22.7177428969
-25.2994092329
-28.5865094906
-24.6353227974
-24.4351681329
-27.6863760755
-32.2780444539
-33.6048188187
-35.4773438307
-36.6858757749
-38.3852899138
-38.4588637981
-38.7389888043
-23.1131586967
-22.7139173879
-24.9030302611
-28.4198341298
-30.4835724076
-24.0187696625
-25.8964089024
-31.2126870476
-32.8108894997
-29.6843559178
-30.5909104082
-33.4559815872
-34.6264010131
-32.7992692969
-22.7827362920
-23.3291811404
-22.5655888844
-23.2946739529
-24.2902340310
-23.8251241749
-25.6565505895
-29.7319630135
-33.6686884961
-30.7513846808
-26.2930817414
-27.4434884442
-30.5332456650
-33.2583773092
-20.9965554750
-21.5778674591
-24.1584645791
-25.5213220096
-23.7992298618
-24.4595529553
-27.8220163218
-30.3248497084
-32.1256289852
-33.9838074952
-31.2167455821
-26.3385709003
-26.4830350590
-28.3468130145
-21.8994569179
-20.7489373807
-23.4564441428
-26.9032149702
-24.7321358349
-22.9816132313
-25.6259879895
-30.1490462323
-33.0361681357
-32.9953278394
-31.2418903261
-30.1146633253
-23.8988508512
-24.8190426969
-20.7225692440
-22.3445939418
-22.5294077898
-25.2902021314
-26.0601701718
-24.3203370366
-26.5154877261
-31.4423193823
-33.5142625400
-33.5826360896
-32.3315458051
-33.9456016802
-31.6589424426
-26.2756384803
-22.6396133258
-23.8667256995
-25.8634785290
-24.7592431770
-25.8234097943
-27.8217431777
-24.9293349618
-20.5551391052
-19.3678506619
-19.3298662028
-21.1488001399
-20.3191606164
-19.4526512484
-18.4436065917
-18.7961548347
-21.5226235808
-25.0624443061
-29.0053585321
-27.7601959675
-29.0403952119
-30.5887238542
-29.3937110199
-28.2901839383
-29.1134965996
-27.5367064073
-24.3992174718
-22.5592182276
-22.0451613294
-23.8508592450
-22.0679227428
-23.2079276141
-27.1983029061
-29.7657840770
-28.9233685249
-26.5964110239
-27.6107334232
-25.3986768063
-23.0618853446
-22.9287526886
-20.6485033785
-19.3366977354
-18.9924892224
-21.1339434631
-23.4096888764
-23.3945499866
-24.2198901039
-26.5743901075
-29.5519961564
-32.0788491231
-30.2020815329
-26.9827413926
-28.2507042402
-23.2913054355
-21.7347920400
-20.5654958005
-19.3934187428
-22.0074383696
-26.5527614596
-28.0046966607
-23.5972006214
-23.1929104168
-26.3072768711
-26.4978205282
-26.9829718299
-23.6118540439
-23.0466907887
-20.7058069475
-19.4912584026
-19.2154234723
-18.3568071612
-21.3302506407
-24.6374252092
-26.7557124263
-30.0974181463
-27.8059375757
-29.0992419110
-30.5865631904
-29.3903153211
-29.9461302535
-21.5699458841
-19.5592164200
-19.3693290795
-20.2871985761
-21.2462268262
-23.4324192128
-28.1440536453
-27.9107537304
-29.8067590103
-30.8070026854
-29.1313644710
-26.6014845065
-27.5758650435
-25.4106077120
-27.2675839762
-29.2195374265
-29.4891957957
-27.6699943942
-21.5378738079
-22.1841299775
-23.8298299954
-27.1841582543
-26.7933279161
-27.6627149295
-30.0735421015
-32.3314694196
-30.2010717556
-26.9684983570
-28.2279208216
-29.7439974910
-24.2156619780
-23.2073463481
-20.6920144246
-22.6986736349
-27.1122647204
-28.2708221134
-31.5779052464
-26.5768990168
-27.7930667969
-26.9591113133
-27.1947958812
-23.8583057094
-23.0948791715
-20.7310047756
-23.2854927368
-22.4919787113
-21.5861502328
-20.5179417609
