-25.1173917113
-21.0317009258
-24.3592846565
-23.3220104359
-20.9664977959
-23.0036923967
-20.7045745017
-24.2303788252
-22.9229141013
-26.2547762211
-31.1840857604
-26.9339264356
-26.9772691755
-27.1282916895
-22.8325286796
-20.3118177207
-22.5057725200
-25.6308297463
-20.0938935281
-22.4007699278
-27.1595572393
-23.5380445048
-26.8179289215
-23.7466618895
-24.8928211593
-28.7405613226
-26.3879075802
-28.0596867872
-25.9070193310
-26.2845374596
-17.7843384383
-19.8812486529
-24.2505510733
-21.1323964403
-24.3942164782
-27.6676382442
-22.0387052204
-24.9446395458
-23.1243206399
-25.7406973775
-30.5975710322
-27.3555718130
-26.8691091035
-22.3601134473
-19.8541464923
-20.9409983220
-19.6904900628
-23.0806283520
-21.7418035183
-25.6258624127
-27.2834698447
-22.4996711396
-25.8744138808
-21.6216659062
-23.5882265476
-28.3130786795
-27.0377703619
-28.0388219386
-26.0889967081
-17.6818304948
-18.4550248397
-19.9682953516
-23.0105912456
-25.5075061862
-29.8608895261
-31.2179650815
-24.3390308627
-25.5769231816
-22.1747856555
-24.6159842626
-29.7782379717
-22.1516811729
-24.8237252075
-23.4409388904
-23.7111034917
-18.8698038476
-20.7159383749
-24.3330446930
-26.5200213821
-30.2745964634
-29.4814761779
-24.5188372308
-27.1661984619
-23.1082121030
-24.8300842138
-22.4953420427
-19.7576674461
-23.4430581165
-21.0907858442
-20.7894475770
-22.1247356569
-24.8400136911
-25.6844049024
-26.6879680307
-30.1883291440
-28.2786025736
-22.4257489695
-24.5736474104
-21.3840860173
-23.7938793213
-26.4835723101
-22.7682408240
-25.7280453954
-24.8591010734
-19.0451503973
-21.6501286703
-25.1572131866
-26.0709242947
-27.0186234325
-30.8496204370
-30.9579526874
-25.0051588694
-26.9427399708
-20.8838268007
-24.3342719527
-28.4033941854
-23.0975926188
-24.1907140138
-26.8241429485
-21.4748637050
-23.3798564275
-25.0341394795
-23.4766798278
-24.5910026449
-26.5489489114
-26.8680630787
-24.2370860899
-27.0641281179
-25.8645737429
-27.3252797912
-31.9009419533
-31.7820381428
-29.5993456383
-29.0939172771
-30.2724862916
-26.8345876653
-24.7753051054
-26.5991451831
-31.2510223221
-35.8288626631
-29.2299847303
-25.2443155341
-28.1557308126
-24.2922820586
-25.5993285868
-29.7250589811
-31.0162776678
-27.6670090761
-27.6496150191
-27.7087944275
-24.0708210904
-23.0325137736
-23.4007834187
-26.1736302820
-29.1490498124
-30.5778143753
-26.3628521568
-28.3358064308
-24.9285996338
-26.9210401230
-31.9320858055
-31.5420206307
-29.8899801780
-27.5281893240
-25.7683665794
-26.5626650408
-27.3161490805
-26.4069172836
-26.3832716706
-29.6018920816
-27.8263428375
-25.3257993668
-28.3652595449
-26.0957686921
-27.3515171683
-31.7816212723
-30.6973706783
-27.1268223428
-26.0625418517
-24.8653565152
-24.8277902157
-24.0092790579
-26.9755719703
-26.4812873697
-29.5345114736
-29.9372222017
-22.2839231599
-24.4789419572
-23.9142486626
-25.5759134110
-30.1055170684
-29.1802195579
-30.3888346111
-27.8488284997
-30.4719923257
-22.9553383030
-22.9152190821
-25.0282814728
-26.1612087318
-30.1823080209
-27.5072791655
-23.2262265863
-26.4716892887
-23.2013058020
-26.0240020153
-30.4073122302
-27.5926985447
-28.3890475866
-28.3652349666
-26.2789332092
-24.8019878169
-26.2647989074
-28.2796421211
-28.0732190973
-30.9447906318
-28.7900365281
-24.1195415426
-26.4413001732
-24.5829140667
-26.8654790776
-31.6177862554
-29.6701776128
-25.6844592777
-21.7897951242
-19.7145085268
-20.3994793423
-23.4283114908
-25.2120479744
-26.6502839286
-30.3243655199
-28.1179069023
-22.4830279340
-25.6987838561
-23.3665933915
-24.1648455939
-27.4289929610
-28.1280965965
-29.2648090958
-29.4523855305
-24.1279783633
