-20.1103244019
-20.8820661614
-21.8310199216
-22.4385226480
-22.6517241739
-19.4530499747
-21.5713725180
-26.3541382852
-27.8495948988
-30.6778625487
-34.6280878491
-31.0507822298
-31.2211484526
-33.2649291994
-28.9749318737
-23.1401430786
-23.7115850816
-22.7978933225
-23.9681539378
-23.5434002126
-21.5647313017
-23.2678384724
-27.5647445435
-29.3610123696
-30.9238494152
-33.4977695202
-30.2785540184
-31.4325867019
-34.5316218016
-19.9058690757
-18.6791397591
-21.3191974708
-21.7835746398
-23.9162203148
-24.1489713800
-26.1826250621
-27.8828126843
-30.3519609200
-29.4260937933
-29.3936631207
-32.7687753244
-30.2890336925
-31.3604290773
-22.3837668171
-20.2976898974
-18.4500911738
-20.3708249646
-20.4217527016
-22.6256149597
-27.2718690480
-30.3297846700
-30.8390488653
-33.5939870126
-30.1458020023
-30.9220874844
-34.3202534892
-30.7455098502
-20.3677088833
-21.0009273114
-20.2248966067
-18.1322779724
-19.4512466180
-19.4081550192
-21.6454655780
-26.5296246132
-30.1033072210
-29.3774406654
-30.0709581029
-29.8919518329
-30.0232111945
-33.2588796042
-22.5412506320
-20.4223093652
-22.0102333881
-18.8914571046
-17.5964098067
-20.0953680603
-24.6036442664
-28.2124479349
-31.3345852554
-30.9050015402
-28.1995590389
-30.8474895545
-29.1076929683
-29.9747703765
-20.2617353354
-21.4771797092
-21.2031688836
-22.4669763655
-19.2733782126
-18.7124494696
-22.0660494660
-26.5879288917
-30.6308367239
-34.1531198892
-28.7715834999
-27.2030436906
-29.8844885365
-28.4931853775
-18.4597008723
-18.7069953730
-22.5840069545
-22.3921428097
-22.5212842620
-19.7308720959
-21.7423537068
-26.9286328643
-29.1913646504
-30.6309571305
-32.2414659385
-29.4575509355
-28.8981978949
-31.6186471652
-23.4731404034
-21.3969917489
-22.7272930608
-26.2261581086
-24.3761518277
-25.5383885371
-21.8444667941
-22.2668449855
-25.6446831139
-28.1377593881
-29.9528789208
-28.6381660611
-26.8071437442
-27.3941465961
-30.7081701038
-30.7461856298
-29.6084310451
-32.1486039965
-31.0636957616
-31.4393793977
-33.8545741797
-32.6050736589
-32.9989539719
-33.2535122602
-29.6901142345
-30.1550492333
-30.2833711779
-29.4049066019
-28.6956586202
-31.5341081140
-30.3740141957
-29.1975954933
-31.0777264795
-32.9317364941
-30.8167405592
-32.2613727810
-29.4453416954
-28.8250524930
-31.6258735368
-29.8080872603
-29.4685743377
-28.4285971913
-30.1102656156
-31.1250772524
-33.0291618311
-33.1897992186
-30.5092621731
-31.8955901475
-35.3078476058
-31.2646232437
-31.8705217832
-31.8628578394
-27.6130597936
-28.6682302306
-27.2459786344
-26.2644092512
-29.0643618751
-30.2371013823
-29.4939521058
-32.4970184586
-31.2526431541
-28.6520647370
-30.4954178662
-32.5132681112
-29.3384114868
-29.1299365480
-27.4286369554
-26.8493938548
-26.3595522655
-27.2058283448
-30.8174253829
-30.7931778020
-29.6232022705
-32.1368983517
-31.2015471476
-31.4442133813
-33.8631417478
-32.5037541961
-33.0251887560
-26.5431737531
-27.6183339343
-29.0833353378
-29.5076695392
-29.2058743705
-28.6440279424
-32.0347270342
-30.6374235843
-29.2501686284
-31.0829824982
-32.8927642839
-30.7882687321
-32.2670689583
-29.4390474186
-31.1353886255
-33.9405799840
-33.5841779424
-29.7497001405
-28.0757202384
-29.9108903234
-31.0021485575
-33.9565292671
-33.9071990894
-30.6147398524
-31.9163876689
-35.3232246945
-31.2521486147
-31.8540921942
-31.8447439946
-34.3348926614
-31.1143075863
-32.5957228572
-30.0217819666
-31.5014107655
-30.9432047692
-29.5934798718
-32.6464434334
-30.7084497474
-28.5915765024
-30.4641898656
-32.4963193940
-29.4581296151
-29.1353556848
-27.4039673242
-29.6125335790
-27.6265079533
-28.6369258475
-27.2458893081
