-25.2819413882
-26.0200444746
-28.7433757618
-25.2374542174
-26.2200334203
-22.2369866386
-22.6050983595
-25.8365951473
-27.5966133763
-24.0859172615
-25.9938083837
-26.7895477278
-28.7166995223
-29.0179224958
-27.1887139148
-24.9021305302
-25.1142471736
-27.2547339139
-24.2371093883
-25.4477519710
-21.5689296342
-22.2693254047
-26.0860282280
-27.7940623399
-23.3183778206
-24.8385171478
-24.5369679103
-26.5477850653
-27.3474210990
-25.4806176349
-25.1086312593
-25.5475037213
-28.3923889046
-24.7590580411
-25.9598708121
-23.0690366338
-23.8928193771
-26.9389753203
-28.4562353072
-24.3669680290
-25.7952771347
-25.2056501311
-27.0043959260
-27.7815229771
-25.3557030195
-25.2589883757
-26.2518802452
-29.0108669939
-26.6041642919
-27.4316766375
-23.2464247182
-24.1216685511
-27.9057475629
-29.2527733346
-23.4840602549
-24.8833603164
-25.2778038883
-27.0690540248
-26.5558296291
-24.9143203541
-26.4342291619
-27.5429074732
-29.9282688432
-28.1403394927
-29.1121282189
-25.5599110275
-26.4875026731
-30.1350090380
-29.6203994898
-24.8914605477
-26.2211286412
-25.4702013924
-27.3345490228
-28.4999081632
-28.0043678349
-27.8745260367
-28.1478157305
-30.5627207932
-28.9265221349
-29.2890644603
-25.8596944461
-26.4846196303
-29.5673615975
-29.4653430506
-25.0294245905
-26.4572753779
-25.0932450994
-26.9060708181
-29.0495557034
-28.7067208619
-28.8605357981
-28.0280108594
-30.7599121111
-28.2391759515
-28.4521172268
-24.9713196796
-25.5087645236
-28.6069885439
-28.9217748931
-22.9508370235
-24.4263312736
-24.4072322549
-26.7586550090
-27.7204392293
-27.4800035395
-28.7872971852
-28.5945423996
-31.4106797073
-28.9880706315
-29.4042683670
-24.6958731746
-25.1410373366
-28.4182935766
-28.1969620986
-22.2435812615
-23.6357961113
-24.8102252727
-27.1281829448
-29.0697603072
-28.4052299127
-28.0892926749
-28.2805897624
-31.3709372199
-28.7841306212
-27.7638842455
-23.2912251710
-24.7135494564
-28.3776992439
-28.7090731250
-21.8586593390
-23.4679284130
-25.8753926052
-28.6345929963
-26.7147530140
-26.2407778760
-27.1409631111
-27.9873841627
-29.4658336974
-24.2450685019
-24.7770644461
-23.3661674748
-24.6170354722
-27.9603881561
-28.6025364682
-22.0137740759
-23.4573645888
-26.4479142363
-29.4762758173
-28.1179457433
-26.9927822042
-28.4674917308
-28.9390278401
-28.6220458774
-26.0717347070
-27.5563439778
-22.9165136561
-23.7304769717
-27.2164840781
-28.6624330769
-23.1899691033
-24.4938102837
-25.7997188690
-28.5986552838
-29.1483869833
-28.3744174715
-26.6713196544
-27.4782014717
-29.8631459982
-26.7125444507
-28.2834106553
-21.9605083191
-22.7471377661
-27.2934627465
-29.7169134599
-23.0754098772
-24.2129977176
-26.1030623976
-28.4150842923
-31.2501238892
-30.8744247178
-28.4081453175
-28.2476503161
-28.7944678980
-27.3856010318
-29.4817713379
-23.5044512802
-24.5201175727
-28.8749031040
-30.6969098083
-23.1144377677
-24.6223057253
-27.3550708112
-29.9204819124
-29.8217205457
-29.8771547163
-27.6094660227
-27.1891450118
-29.3716564479
-26.1157402690
-27.5252039986
-22.5382407397
-23.3178405661
-27.7383847757
-28.8583078164
-22.5376931320
-24.0391360851
-23.9858716443
-25.8471706186
-27.8677203994
-26.7372192655
-25.3510425116
-25.4782433651
-28.4414601862
-26.3886053574
-28.0877805882
-23.6887666918
-24.4077203092
-28.3817771860
-29.4802955177
-23.3781734607
-23.8669872056
-25.4588297525
-28.8005097194
-28.2719043802
-25.8673661695
-25.3504418243
-24.7611526912
-27.0432814070
-26.2701649733
-27.7332180807
-23.3430086150
-23.8468369697
-27.7124451554
-29.6802197165
-24.4504999038
-26.1220461923
-27.7644525669
-28.3454200409
-28.4551491467
-26.5134228773
