-17.6427145665
-21.7567339727
-25.3013601776
-27.5161289624
-30.9917659698
-27.4651999401
-23.4340374519
-22.0472831572
-22.1151531366
-23.9371343577
-28.2610673931
-30.5333492395
-28.0182289655
-27.9621604478
-24.2640678516
-23.1023735302
-24.4338295278
-27.2296008240
-28.9290918941
-31.7787045763
-28.6948870457
-24.3744442691
-21.2526350260
-21.4864114202
-23.7517146637
-27.6707827808
-30.4890472156
-28.4068455561
-28.4971584645
-25.1065495501
-22.5749811095
-24.5483136610
-27.8997626945
-28.5340697004
-31.3858987495
-29.1564833190
-24.3360105950
-22.6372830723
-22.8201757425
-24.6913330700
-28.7192848058
-30.6412568565
-30.2144953239
-28.5552245260
-24.7647386915
-23.5715017948
-25.4160851024
-28.8140446227
-30.9413405662
-33.8712329027
-29.1921802274
-25.1044031398
-23.2303550280
-22.9426177074
-24.1581512892
-27.8617885904
-29.9841263488
-29.8482310784
-29.7064001285
-24.5686399564
-24.0490099095
-25.8004606644
-26.7047989482
-29.0693978149
-34.1639723925
-31.2205231775
-26.7819174355
-24.7256784388
-23.1388329617
-23.7525354326
-27.4038546818
-30.3868914425
-29.9363613094
-29.2364136526
-25.5041001278
-24.0427920114
-24.7855763535
-26.5806364927
-29.4241324930
-33.6126523441
-31.8227878145
-27.0285114747
-22.5907672907
-22.1999122877
-24.1981294035
-27.7796458157
-30.3883336121
-30.6461167324
-30.4706382048
-26.6754752722
-23.0348064840
-24.4338062211
-27.2266491706
-29.5904272345
-33.7203618782
-31.6848937125
-24.6236132596
-22.1988481375
-22.5443706179
-24.5074267497
-28.8105854787
-30.3504501449
-30.9251181114
-29.8811303891
-26.0923082665
-23.6317453628
-24.7815074674
-26.9030130178
-29.5765661029
-32.5682297407
-29.2599000205
-24.0482655168
-22.6031849656
-22.4176785243
-23.7096574419
-27.8898021364
-30.6414963551
-28.9275811079
-27.6183261729
-23.1080062691
-21.3291619071
-23.6807985183
-26.2867356801
-24.2971833645
-24.5064208579
-22.6830958806
-20.1292124263
-18.2521191311
-17.5151512031
-19.1687290320
-23.4087489932
-27.5222096263
-25.1976961910
-23.6162478725
-19.9282770945
-18.9904385963
-21.0896453141
-23.9516065361
-26.7850865799
-23.6860053489
-22.1685936532
-19.1746336322
-15.9471286152
-16.1305417523
-18.4211558708
-22.4403493032
-26.6105116533
-24.1164138282
-23.0021104170
-21.1278524426
-19.9193625784
-21.7190097303
-22.1462257948
-24.0377780717
-22.8482630805
-22.1775638450
-19.3721033741
-17.7931481093
-18.0777758855
-20.0256895418
-24.3601468484
-27.4401056921
-25.8702246158
-26.0524272491
-23.0691492637
-20.2886329732
-21.6194897061
-21.7833765664
-22.7441912962
-26.1344586878
-23.3556088256
-19.3730095847
-17.8791461927
-18.0503267692
-20.1229854731
-24.4048670318
-26.5289605011
-26.7495968019
-27.8569015387
-23.5174087981
-21.4238686617
-21.6660999942
-21.5159383429
-23.5266223669
-28.1163080861
-25.9091631707
-21.7238540760
-20.1525926634
-19.6753019794
-21.5832050441
-25.8426136700
-24.5184695654
-25.6987320850
-29.0600418474
-24.7411422639
-17.2439107166
-16.1794214551
-18.6983514186
-21.9143744533
-26.2101078218
-23.5386542504
-20.2608110163
-17.5520482102
-17.2688755459
-19.3227084301
-22.6690910474
-25.9949450350
-22.2185452607
-22.7279532994
-22.2886121584
-17.0177257599
-18.3712275483
-21.6130413771
-23.6367308134
-27.5555762804
-24.2441726415
-20.5418851318
-18.1377372439
-17.9111936804
-19.3977400688
-21.7439473514
-25.2496971216
-24.9916796422
-24.8844930882
-17.5889167246
-16.8793254108
-19.5844582579
-22.7155770560
-24.0936045186
-26.4765232811
-24.8152637958
-20.5469715596
-18.3266122263
-18.2155988518
-18.8983507806
-20.8707903198
-24.5204619318
-26.0149412177
-21.3574537891
-16.2166446975
