-26.5604720110
-26.5058715603
-27.2618036518
-26.3019988509
-28.5682881927
-29.9050038454
-30.0521840269
-30.6042433367
-33.1761620450
-29.3058707747
-32.1182148738
-30.0891677534
-32.6290532532
-28.4193396031
-29.5228356112
-29.0733579608
-25.5437442408
-26.7402252896
-27.8647402525
-27.9723708451
-30.0388705012
-33.7880700096
-31.1095642215
-33.4086437532
-31.0594741142
-32.5704240494
-29.1484322918
-29.6685671329
-27.1430616322
-24.0154697677
-25.5082052627
-24.1760890762
-26.5776252834
-24.8596124395
-25.3250938286
-26.4333579110
-31.0413628467
-32.8304532738
-35.2223013902
-30.8534886742
-33.2325218386
-31.2198435266
-32.5163971187
-28.4292651921
-29.3657272522
-28.5671424843
-24.2379922990
-25.0900319384
-24.3737995680
-28.0751130560
-28.4935685715
-31.9304921657
-32.8466420645
-35.6296272187
-30.3143544934
-31.5772074628
-32.1276122855
-28.0360191632
-25.4347633927
-26.4180222437
-26.6849231677
-22.1315853183
-24.5596853094
-26.6385925227
-31.3214956911
-29.7079717532
-32.5564166502
-32.1034643830
-36.2290281532
-30.3976442663
-32.7626765297
-26.3421789158
-27.6844924578
-23.7290490499
-25.4676303462
-24.8258120905
-20.6388833087
-24.4450781749
-28.0333549090
-31.7857328758
-30.4257937474
-33.2596913107
-34.0139868789
-36.8510299396
-29.8993439148
-26.0547743376
-25.6162268220
-26.2383518202
-22.4097219937
-23.8284745609
-25.9707906530
-26.5663274333
-30.9766374336
-31.4713233031
-34.7140897646
-31.6375507124
-34.9320410350
-34.8646462046
-34.7729882402
-27.2080472646
-25.6906823545
-22.9767960779
-23.6586908811
-21.0709864449
-22.7179202585
-26.5870498665
-29.7072545545
-33.9835110216
-32.4932913563
-34.7135421554
-31.5950740556
-34.0538199829
-34.6963966715
-28.4761460406
-29.7640402699
-26.2371556231
-24.0203866083
-25.3893143604
-21.6694257876
-24.6911893660
-29.9307596228
-32.2072215281
-31.3816162046
-29.5907871262
-26.6913908888
-29.3183803289
-32.3610765941
-29.2270304844
-31.9495316519
-30.9782297903
-30.6023299367
-29.3810085440
-27.5693882243
-30.5080452474
-35.3034796449
-35.5738512999
-33.9164165402
-31.8836462960
-27.8002698747
-26.8089872228
-30.3702870580
-31.8719626585
-28.0484886107
-29.9391834965
-30.5869916917
-30.8361049509
-30.7055589297
-29.7491447570
-32.6338367242
-31.8995684072
-33.0784039973
-32.5505780676
-29.1333839727
-26.6901895378
-25.4945447869
-27.7805131928
-30.4090340335
-29.2048076216
-29.8017178954
-30.5484117401
-29.0227784403
-31.1263057895
-30.0343627320
-29.7566235745
-32.1223316697
-32.9168008548
-32.5623523067
-32.5572282986
-27.4227685953
-28.8438459929
-30.6815404847
-31.2687685182
-30.3971445579
-31.2348775433
-31.7447501833
-31.2810851815
-32.9872780990
-34.3070512614
-33.7303573572
-33.1025985090
-33.8447935827
-32.1534857663
-31.1344098211
-29.7675472969
-29.4012687850
-30.3816159953
-32.0288910623
-30.0779514553
-31.2460446478
-31.6920320579
-30.7047588555
-28.0948101985
-28.9538521309
-31.0950247055
-34.2893853791
-32.5302323636
-28.3862667381
-28.2549867125
-26.6637527994
-27.7817948266
-29.3361472493
-30.7559739861
-27.4532664400
-29.9270389833
-31.6249931855
-25.3170738453
-25.7891874020
-27.6962537436
-29.6778609197
-32.3348327222
-34.1666262873
-33.5084265311
-28.9727297757
-30.3519518597
-28.3019478290
-29.2536756577
-31.6154754350
-29.4987096960
-29.8748568208
-28.6905385359
-27.1753252977
-27.1476574118
-29.6529259429
-32.0361717725
-32.6889252754
-33.4847537429
-33.5566433427
-29.9309693299
-31.0815403256
-29.0240950604
-30.4526356553
-30.5105878271
-28.5790099447
-30.0285876059
-33.3962675099
-28.4712097664
-27.9344705475
-29.6761572942
-28.9551246311
-32.5906713068
