-30.8317473998
-30.2177149587
-33.0600027536
-32.1950006646
-26.9491675957
-29.5244693725
-28.5547817810
-31.7522056986
-33.2490614741
-32.6460188229
-29.1876491865
-29.8940322330
-34.3426925423
-36.6731228141
-32.0409423590
-29.3516861740
-30.4624059325
-27.5295214559
-25.9384130555
-22.1850193662
-22.4159114152
-26.2938429479
-30.8492877383
-32.5698518664
-32.1570239896
-27.0446044823
-29.9004689082
-32.9047068352
-35.2620982531
-28.4359206605
-25.4504719024
-23.4306456379
-23.3999561792
-22.9230539209
-26.4642739128
-29.0975058733
-31.8548262304
-34.7425240528
-35.8068094119
-32.6086376586
-28.5335013745
-30.9728507823
-34.9815485841
-26.1011295765
-27.0013135253
-28.0657454486
-25.1177567962
-25.0604881932
-23.0563872389
-24.8744289755
-28.0253686076
-31.5750584613
-35.0958876880
-35.6793069665
-32.0863473689
-27.2874222163
-29.9719313461
-28.2324505841
-29.8252146356
-25.5320567179
-24.9980257066
-26.7245375010
-27.4729130941
-29.3174987471
-30.4633108484
-30.6475964442
-31.1268107061
-29.8241944918
-34.1943045449
-34.9808961187
-29.1669617012
-29.6652258216
-30.7463966474
-27.7224665533
-29.9619746848
-27.2603912621
-28.0425917825
-31.0783893034
-31.3779746017
-31.7108411022
-31.0899732654
-32.0422783746
-36.2040970246
-37.3840250753
-34.7060762896
-24.7647606972
-27.4819130466
-29.4906250188
-27.5471990277
-27.3055632522
-25.0727751078
-28.6309448477
-32.3164030356
-30.6288754361
-30.9038856097
-31.3453704558
-34.7405925297
-37.4441598709
-36.1014325064
-32.4802030894
-24.5348098329
-26.2294165848
-29.7702012005
-27.9707073063
-26.7412014122
-29.7685842597
-34.4317302667
-37.0665486734
-33.3318113942
-30.8784172217
-32.5308641215
-33.6325604967
-35.7535695750
-30.0107637478
-28.3484066518
-29.5899443562
-27.2914872178
-26.4847581562
-28.2658975082
-25.8069853811
-29.4263824749
-33.4003377009
-36.7524291254
-33.0588117364
-28.8515940933
-30.9478626879
-34.9514947776
-34.4924243320
-34.0442193430
-31.0593394785
-28.4414394832
-28.8325597981
-31.6774925680
-35.1113592829
-33.8114217577
-28.9746626108
-29.8257350584
-30.8203200892
-30.6382844881
-28.0919672920
-29.9552428433
-31.2547248495
-32.6245261088
-32.8349364319
-30.2087033453
-28.6370177654
-29.1666807816
-31.0151073641
-34.7559670268
-35.8053555920
-29.1983023326
-31.7312463500
-36.0429146421
-35.6569921935
-28.3037693225
-28.6750785871
-31.3239903705
-33.9521898301
-34.9492642107
-30.8533605126
-30.5593820671
-28.9391689516
-31.9848557215
-34.3716239548
-31.1078618498
-30.3935818640
-33.2674627132
-32.8327718834
-33.5076912289
-27.9195685692
-29.4429959081
-32.2855012713
-35.0050064808
-31.9308935051
-30.0025521926
-29.5073899083
-29.8024830022
-32.7409417273
-34.3555982790
-29.0428432739
-26.9407618521
-28.0469972583
-29.6034391214
-30.4155846447
-26.8827501554
-28.9312758567
-32.3282213084
-30.2572231230
-32.6252044721
-32.4168046400
-31.4130332816
-32.8550102764
-35.3113468808
-38.7623612457
-32.7114937877
-30.3700618276
-31.9407932043
-32.5510221035
-34.7111795462
-28.5399432321
-29.4595730804
-32.4881971521
-36.7739270116
-38.2234796650
-35.6695587351
-30.3879504100
-31.8865371095
-34.9567870450
-37.5002814488
-28.8224684932
-29.8768647251
-31.7149242164
-34.4403094949
-35.4023083556
-27.7707856790
-29.1808564879
-33.8276972804
-36.6805873936
-35.2153740659
-32.4618989462
-27.4025083244
-30.2466075185
-32.2235773506
-29.9931030093
-30.5000058864
-29.8430449677
-32.5726261614
-35.9065986592
-35.5559342464
-27.9431028457
-30.0140481116
-32.9172202999
-35.2975297672
-36.1157312000
-38.6223427629
-27.1260378215
-29.7679227273
-30.6034756614
-34.0579743096
-31.7285096051
