-23.9979695526
-23.8863050242
-23.8885317110
-20.8274216792
-24.0747825202
-25.7529428842
-26.2637891441
-29.9827825582
-30.0950451718
-32.3640140129
-31.5227002278
-26.5323432465
-28.0951493711
-30.2465660962
-29.7536356767
-28.1928155387
-24.2880798368
-26.3216182920
-21.4382411528
-24.8815893182
-24.4828386766
-26.7057504610
-31.5249735099
-32.0942909368
-35.5875156434
-31.3654132111
-27.1332486556
-29.2533028030
-30.0113126469
-27.5994446313
-27.4889970270
-28.5949061761
-31.8680789031
-20.2093279047
-21.0702317002
-25.5584572001
-28.3491536259
-32.4109375614
-29.9810154494
-32.2018787865
-30.2921976599
-25.5229039879
-27.6760841146
-24.3688257677
-26.1777936719
-21.5138203967
-25.2833511745
-30.3898793363
-23.6876870068
-25.1665859804
-29.0353773855
-28.8874359964
-30.2169821964
-28.3955075444
-30.7465856347
-27.8013637927
-23.9683882474
-22.7777197816
-22.3387113528
-24.5571764015
-24.5490981859
-23.8756712934
-22.5463435663
-23.5747045951
-27.0015064044
-30.8657587492
-29.4913939919
-28.5976726862
-29.3287137315
-32.2709488170
-29.7223973052
-21.2612362506
-24.5359658880
-28.8551969192
-21.7207716602
-22.9124771442
-21.9526980955
-25.2404032881
-25.7421033112
-28.2954231222
-32.3520934639
-29.9093860174
-32.7998466642
-30.3095256904
-32.6948635370
-27.6472679375
-20.2270378478
-23.3859539204
-28.7215917606
-25.7177042500
-24.5771751714
-26.9722681894
-29.6533195145
-26.2084999548
-27.4413925017
-31.4330022509
-29.9774152147
-32.6012131935
-29.9207447072
-25.0690855377
-27.6906533903
-19.1850278702
-22.6069496054
-23.3404505240
-24.8612151381
-28.1776546357
-30.6084559317
-31.7063734793
-27.1713172562
-28.2415657515
-32.4541896740
-30.6938002013
-33.0193812166
-25.3591038986
-22.9274140860
-21.7547700950
-21.9826444604
-21.7265545843
-21.3880099181
-22.8077982028
-25.8119980158
-23.9031100454
-22.7777922829
-22.4966845334
-21.9874888061
-23.0680954748
-27.1271097348
-29.9832058964
-27.8130694473
-30.7883230941
-30.5310694576
-25.5636096557
-27.9764112378
-27.2898689834
-29.9211667471
-29.5893333130
-25.6608745083
-25.1059294591
-28.7721660549
-23.3818319668
-23.1680491829
-25.0151595504
-29.4386991674
-28.4721121081
-30.4764016962
-30.4276074557
-25.9812586710
-28.1107154795
-28.3369146121
-27.4567734897
-28.7368225755
-29.0243086900
-24.9431533760
-27.4452477829
-24.2286415049
-27.3663479374
-28.6650701480
-31.7467464339
-28.0287319408
-30.0101060957
-30.7315283246
-25.4873455941
-27.7356389609
-23.9816991910
-26.1852724933
-25.1766268075
-22.0419183908
-22.5507749364
-26.5002012626
-28.9570251686
-33.2495249239
-28.7770595959
-29.6511031814
-28.7344275875
-31.6447265944
-30.0435232391
-26.9681423417
-23.0193892557
-23.3654593390
-26.2163645675
-28.7654173869
-26.1027801520
-25.3790974375
-27.2611225668
-30.9643839371
-35.5439292575
-34.4910113030
-34.8670584401
-35.9189856237
-38.6181707333
-37.8710123470
-26.1151977619
-26.0113590508
-27.9516199133
-27.2606423809
-24.2139168819
-24.4890578706
-26.6458926884
-25.3968734466
-27.1425023687
-30.4488075944
-28.6762709007
-31.7277781573
-29.1249433272
-31.8741013139
-22.4959155420
-25.1324373953
-23.5597857890
-21.1626043184
-24.2920088992
-23.3194626915
-25.6093279718
-29.1279894859
-25.5790087658
-26.5498046287
-30.5712029172
-29.3692083901
-32.5392400802
-29.6970001358
-23.4652110849
-21.3038100240
-24.9991856429
-23.3275137219
-22.0779959220
-22.6411163421
-25.5409673482
-26.4829664484
-28.5851437011
-24.5929833540
-25.9997207576
-30.4905786958
-28.4287279381
-31.5278863373
-29.4361967430
-24.2513757306
-22.4702024767
-25.6350889356
-23.8863826965
-24.4627855389
-23.3263964960
