-20.4725910996
-20.6426311270
-21.8564274722
-23.9333709895
-23.4512929851
-21.4900712035
-21.5963010691
-24.6758459104
-29.0040962879
-30.8984457221
-32.6934666428
-33.8460712992
-35.3532085574
-32.4583983347
-29.9735495241
-23.2294099657
-21.5549079822
-23.7545226161
-27.7762811961
-23.4103400481
-21.4642882362
-23.6185923600
-25.6396096381
-27.7669744161
-27.5667343291
-27.7121370538
-29.4596235701
-30.9618196208
-27.2360582179
-20.6289499298
-19.8270003111
-22.8727514656
-26.4329423455
-29.1021210705
-28.1203057772
-28.7282394687
-29.6876545236
-28.5394150444
-29.1541388305
-29.1989845821
-28.8945018527
-30.7226668879
-32.2977273432
-22.7210065333
-20.4662515151
-21.9442017187
-26.4049236091
-27.8743499715
-23.6157093211
-24.7914628329
-26.9981275499
-29.0247954516
-28.0832935632
-27.9965834879
-27.0034029871
-26.8469108384
-28.2601288334
-21.5592914361
-19.8203189538
-19.0745517588
-19.9782377762
-19.8006270004
-20.3231867818
-23.4549501899
-26.5533440303
-27.5909029575
-27.8773935463
-25.2845577480
-25.7958635926
-24.3741167430
-25.3486306974
-22.1947611281
-22.9850736619
-25.9638154171
-25.1159288320
-20.4675137336
-19.2758224001
-22.2237248958
-26.9612434909
-30.7671682732
-28.8952798955
-27.4207516339
-25.1175172989
-24.9346401804
-23.5985754763
-19.6475706351
-21.1987297354
-23.9252785378
-27.4412941146
-23.3479396987
-18.6788860177
-20.3892132654
-24.6958045650
-28.1631099662
-28.5512074286
-26.0506096518
-25.1643424808
-22.7158864627
-23.5603023281
-19.5387425152
-18.1252561361
-20.8504730789
-24.9986341558
-21.7236935425
-18.9139376012
-20.8712110581
-25.0812921844
-28.1403653872
-30.9533206622
-29.3036000731
-27.2937488600
-26.1614767109
-24.6410034455
-22.0654203042
-21.8611747252
-24.5209499890
-24.1862282748
-24.0105309252
-22.4159217698
-19.8631568149
-16.0382921025
-15.9613030444
-17.3154780695
-19.7121135354
-23.1575461994
-20.3445098976
-18.3197819805
-19.5536652236
-20.0690465305
-20.3034702285
-21.1173028604
-22.8247404499
-24.3727134125
-21.8834286649
-19.3296008101
-19.3296396497
-19.4244888159
-20.7520392152
-19.6401021751
-20.5584428917
-18.5140139631
-19.7495827464
-18.7703938574
-18.9288240487
-19.5188796959
-20.6443192772
-23.5143147399
-23.8882689092
-23.3766859907
-19.7416184551
-18.5884915254
-19.0109461385
-20.3525583558
-19.5466343343
-21.0271918822
-21.9608229115
-21.6883642851
-19.2293182613
-19.8457731055
-21.1271520690
-24.1907528430
-25.7891550459
-24.0619363505
-22.2354357330
-20.3238962139
-18.0306853007
-16.9847099301
-18.7173520650
-18.9009373663
-20.9417647170
-19.9135343479
-19.7638465069
-18.8460093562
-19.4657317446
-20.2703818978
-21.4710951697
-24.2104732813
-22.5111851924
-18.4313610949
-17.0024185781
-19.0207940508
-18.9792507739
-17.9169429321
-21.0467129319
-21.2673078627
-20.7417601980
-21.3364219481
-22.7371694587
-24.2556685832
-21.8003900178
-19.3045855175
-21.6643522939
-16.7524429799
-16.1118815823
-17.3729577089
-19.4572716223
-18.2836694965
-19.6802343440
-24.3262778769
-22.3802559114
-20.5823655526
-21.1129737635
-23.7636429787
-23.8460226782
-23.3460703215
-19.7637338740
-21.6358584525
-21.6643354752
-20.1651462699
-21.0900738258
-22.8089956923
-22.5451564223
-21.8357827078
-25.0052598320
-23.7963895298
-22.5257195106
-25.0464393339
-26.1393949552
-23.9980627631
-22.1856187596
-20.3492571603
-22.5005385093
-20.6454869898
-19.6756023214
-20.6650145342
-22.8762882819
-20.4122802085
-20.0076222963
-23.6896250006
-22.6866055104
-21.3122468420
-21.9448050021
-24.4545390213
-22.8003866939
-18.5059836452
-17.0439463233
-20.0634111906
-18.8051431429
-17.1521828158
-18.8412750542
