-22.8341456152
-25.9467035832
-27.0045357503
-29.1679106242
-31.9610275799
-26.5665850536
-26.4546409069
-28.1017349423
-31.2640523374
-29.6265668959
-31.7373684566
-29.0748765106
-30.9491935217
-31.9934427124
-29.3390367739
-25.0214615975
-27.1633322600
-28.4900990876
-31.8789482445
-29.6493140671
-25.5383147484
-28.5515906155
-29.4078453111
-31.9430807335
-32.0845983858
-31.5017874971
-29.4620457385
-32.5400349568
-30.0024719253
-25.7302824489
-23.7099461359
-24.6903090547
-26.1818573801
-29.8364982364
-30.6355943384
-28.7901310369
-31.5771336827
-30.9498537628
-32.8510527268
-30.0184807769
-31.0730595010
-29.1152934838
-31.6795004651
-28.5012118113
-25.3583789301
-24.7998724685
-27.4980448891
-27.2634943857
-30.5198622331
-33.1395382189
-29.5071737094
-31.0854693988
-28.7798779149
-31.8319495965
-29.7710167941
-31.5843251099
-28.3011788574
-26.1587580806
-27.8946762673
-24.1373874207
-24.2264070515
-26.9140377109
-28.4651860756
-27.7023797572
-31.5480339741
-30.4595021750
-33.5188207750
-29.4035071548
-32.4724433431
-30.1437099499
-32.1202512742
-30.5637409257
-29.9231358186
-27.5154247081
-26.5834237381
-24.6199301730
-28.0280250921
-31.5814252347
-28.7704805130
-32.0282657669
-31.4882487174
-32.5857053616
-31.1329819959
-33.4678141002
-30.9093138041
-29.0490016199
-32.8914282659
-29.5775862371
-31.1202756310
-25.7594766580
-24.0727707439
-26.9528105585
-30.6082397337
-28.3034120170
-31.9244244459
-30.7359674632
-33.3739838180
-30.3687763014
-32.8361857026
-25.2969870608
-26.9333619961
-31.1580438757
-28.2967371347
-28.5976675293
-25.1075671091
-27.4366815068
-30.8679025914
-32.5553719242
-28.7686201928
-31.2983329623
-31.6131387072
-33.5767897406
-31.2737837418
-26.3365966612
-24.3011810539
-27.1938223476
-31.2438503230
-29.1978647666
-30.7628352982
-25.3559917120
-24.1764878086
-27.4420242634
-26.2357108656
-25.0537239779
-25.2788473293
-22.0704433041
-22.0309351227
-25.0265648495
-29.8721809083
-29.4634710798
-32.2753154680
-29.2214987281
-32.3605509961
-33.2146617425
-32.6345578530
-26.1178504505
-28.9862452655
-26.9204951080
-29.5839698389
-27.7152479421
-22.2107272592
-24.8946465186
-28.4031948238
-31.8818105740
-29.6195178771
-31.7099478275
-29.2208786193
-31.7962759931
-34.0025919390
-24.0607207279
-23.5541918831
-26.2364837263
-25.1902600944
-25.9661275528
-25.7114526960
-26.9191590931
-30.6132899130
-31.4382077975
-32.9627651253
-30.3783342303
-33.4838436571
-29.3465324243
-31.5722906379
-28.9487501799
-26.0897890062
-21.7737603787
-23.8673561616
-23.3241775753
-26.2366714441
-29.1914720932
-31.1973785808
-32.7784704830
-30.5673088162
-33.2460463788
-31.1174042427
-34.2067286799
-29.1234791491
-23.6158064155
-26.4391136324
-24.3065976008
-20.2734798411
-22.9170755133
-23.4941075497
-26.1486408842
-30.4266598211
-30.9974129654
-34.3136549897
-31.4026235145
-34.2721013830
-31.9704495745
-34.3987338714
-27.6971781028
-26.0141657610
-28.3814729639
-22.8363490042
-19.2517197882
-21.9992941326
-26.6084351247
-29.9647994761
-32.3187190496
-31.1193279990
-32.3210285887
-32.8561922352
-34.1555537144
-32.1149680724
-25.2166877726
-27.7531132841
-25.9910729334
-27.3291104746
-20.6013506574
-19.4183252905
-23.3531193284
-29.1662716770
-30.3552427022
-32.3228254764
-31.3539949883
-33.1867427015
-31.1760839351
-32.4296948288
-21.9442897505
-23.3309806228
-25.3859238381
-24.2271799193
-24.4212047222
-19.3412598538
-22.0115331450
-26.8593051970
-31.5381083875
-30.5847313526
-31.5568915399
-31.2692721121
-32.5093727016
-31.8421600036
-23.4219071758
-21.3822360626
-23.5782595324
-27.4963735748
-24.8550153638
-25.3535294112
-20.9305082952
