-24.3902602067
-18.5041388578
-19.6331554172
-17.6451095506
-17.5132520380
-19.8674237597
-16.5666154473
-18.7140961676
-22.3693179517
-25.7379839177
-30.2194509690
-29.4880370959
-29.0578474846
-30.4381000321
-24.6786124068
-19.3127064530
-21.1584875249
-24.0496856812
-23.4717280363
-24.3764702986
-24.6028312771
-24.7011330883
-27.4054043084
-26.1704805465
-27.4177947900
-31.1183169139
-29.0348647392
-28.6303622972
-28.7108687130
-19.5331343657
-17.7435045987
-19.2691190275
-22.9679851148
-21.7337136459
-22.7907472041
-25.0925628564
-24.6922043278
-25.1462130930
-24.4488661464
-25.4848302169
-28.5819564295
-27.6685366887
-27.4590558431
-15.5367511275
-15.1457238692
-17.6950067986
-21.2504937766
-24.1438474038
-20.3316973860
-22.2757232450
-24.8738477097
-25.1134432373
-27.6717524337
-25.3206650442
-25.7491924676
-28.9811044649
-26.8409376124
-17.9453047180
-19.1415439998
-18.6053664560
-19.3520813009
-21.3737668777
-24.1231806297
-26.4071749060
-29.2876235834
-29.6687600393
-26.5691806985
-27.4440735923
-26.5653487231
-26.6325416270
-29.8584375851
-15.4883309975
-16.5636922586
-19.7523466947
-21.0951900305
-19.9612152601
-21.9554775672
-25.0556373721
-27.9045423069
-29.3933032249
-28.1645663770
-25.2050960496
-27.3044783796
-26.3096640914
-26.6929250038
-16.8208696277
-17.1072153463
-21.2104017253
-24.4813240085
-22.0729832827
-21.5352173208
-23.5799916818
-25.9206163799
-28.9002847574
-32.6641714977
-28.5753734624
-24.0154076244
-24.9010366004
-23.0789220953
-18.6749284596
-20.6484489904
-21.3785387224
-23.0131480555
-23.9332376563
-22.1618760438
-23.5312336833
-26.2675732161
-25.6440617201
-27.6662012520
-30.9894033562
-28.5091644508
-25.9843553265
-27.1169524196
-16.3331820603
-17.5114978651
-22.5867229935
-22.2343832336
-23.5951849484
-26.0659958089
-22.2861407882
-24.6249376194
-25.0634735068
-27.5324316763
-26.5864996706
-26.7603574038
-28.2043710148
-22.9084678108
-24.3774658270
-25.9524981520
-26.2915696658
-29.1886110584
-29.1240837241
-28.9318856102
-28.7666019349
-28.2047904582
-28.7801989697
-30.9185843340
-30.7885056431
-28.2355795975
-29.3630862943
-27.5138051782
-24.9903928171
-26.8157902724
-25.5535403744
-25.0389281554
-27.4406183448
-29.4176246131
-27.4019917848
-27.5160551723
-29.7891280464
-25.1663801490
-26.5282989558
-28.5261351828
-28.7534398812
-29.2832595394
-30.3813389564
-27.8593301785
-26.8378344862
-26.6835263057
-27.6070555038
-29.2635080368
-31.8488413533
-27.7387019499
-25.1989946652
-27.4360018472
-26.8083321733
-28.4906441048
-31.9683601053
-24.5223390785
-26.1008564110
-29.3349756569
-26.2126478106
-27.6459124991
-26.4936972702
-26.2994083842
-29.1171550919
-31.5796231756
-32.6076278788
-29.6545118272
-25.9509653593
-26.1584357277
-27.9136173566
-22.8470125083
-24.9199556750
-26.3920489630
-26.4161839317
-29.2087884750
-29.0479128765
-28.8531786679
-28.7142126300
-28.0949992094
-30.4817185543
-33.0160632195
-26.9281499857
-28.3510890253
-30.4814687089
-27.7002281524
-25.0763779323
-27.9904950195
-26.0963370176
-25.1852604034
-27.4882112111
-29.4306494424
-27.3158707439
-27.4846912367
-29.7738946541
-33.6970153259
-31.6844444895
-31.9042599905
-31.0865892174
-30.2257841121
-30.6075885546
-27.8857643297
-30.2586277331
-28.7062250283
-28.3334088704
-29.4987563093
-31.8910539136
-27.6881004662
-25.1731482533
-27.4097049215
-31.3395577579
-25.3637242654
-26.5914605151
-28.5294493229
-31.0062601547
-31.3790400440
-26.4931470673
-28.7596966009
-27.0509350058
-26.4505655483
-29.1696143040
-31.6210887601
-32.0462346275
-29.5813133502
-25.9021814716
-27.8190465469
-26.9831530733
-28.5927558682
-32.0587636224
