-26.7609257186
-27.1521962325
-27.3365698826
-22.6751820819
-25.3160640810
-23.7702544322
-27.6123412901
-26.7768763187
-30.6546622810
-29.4701563170
-24.2015212168
-26.7101818264
-28.9031082566
-25.8640351983
-28.0999678227
-25.8016866304
-22.8785499252
-25.0349252894
-22.7649823481
-26.1331395038
-28.1961426232
-31.3964819924
-28.9741279463
-32.0539361127
-28.7505438888
-24.2441558261
-26.5587864650
-31.4354541978
-29.0134082695
-27.1118698750
-27.4273009377
-22.5899361665
-25.4182768354
-24.0223142434
-22.7429342496
-25.2888104545
-30.2608181806
-27.8011890322
-31.2052483591
-28.9754484266
-23.2827767037
-24.9803558950
-30.0189079730
-28.0435225892
-25.3762610447
-27.2537603737
-21.4235230036
-23.4583381293
-27.9779776908
-25.7773807838
-26.8736789864
-30.5987530027
-26.6935528760
-29.9387808798
-27.9778158754
-23.1622080068
-24.8925039866
-25.1210489315
-21.6624764466
-24.1643096285
-23.8984624788
-24.9188643516
-29.5088877262
-29.7362442140
-25.2712209133
-25.2797574168
-29.0579860398
-25.8620156475
-30.2535490833
-28.8289996791
-22.0312367546
-21.8108852307
-25.0521847114
-22.8139992660
-26.2470889665
-25.1350951879
-25.4697340479
-28.3839443233
-29.6383282081
-24.7929969140
-25.4771313102
-28.5072212729
-26.7877223623
-30.5105929977
-28.4584568132
-24.6318403644
-24.3689189750
-27.1005318873
-22.9759843699
-24.0916729901
-27.0185625864
-24.4865890917
-28.1251073879
-28.5723506049
-25.5644602044
-27.0099121613
-31.6508448038
-28.4150338109
-31.9958105025
-25.8433011053
-27.9393485407
-24.8915446952
-27.2204468044
-23.5657486527
-22.1051912951
-24.3112451630
-27.7236549794
-31.3708012931
-31.2575379771
-25.5502728371
-26.4048006332
-29.6612436716
-26.4523572535
-24.5246719355
-24.3015875498
-21.2975649386
-24.2779354599
-24.2861444361
-21.7549888791
-22.8614109025
-24.5812971332
-27.8560600578
-30.0759435593
-32.1663035691
-28.4354455388
-25.0824016474
-27.8074146961
-26.9940690229
-31.3020885554
-29.2670085990
-26.2701636794
-28.3434807399
-31.5361212039
-27.3474961855
-28.3652725147
-31.3121578470
-29.6691872541
-31.5774314376
-28.3928187131
-27.8996694820
-26.3228041433
-29.6270575351
-29.9136257886
-33.4640248406
-30.2822500601
-25.8886905892
-28.8129248019
-32.6247267624
-31.3302458078
-29.2422651793
-30.3299620269
-31.5827547734
-32.6513693434
-27.2343415981
-26.3155855273
-27.5176863467
-32.2951368625
-29.2192746264
-32.8713634763
-29.3574639085
-25.3381290110
-27.9168123874
-32.7145787779
-32.9489829604
-30.0263298464
-29.2885052003
-27.0785588850
-28.7194518206
-26.8144594481
-24.9014210984
-26.9751111017
-31.4007152856
-29.0643295194
-32.2244848479
-29.7946533423
-26.2138880237
-28.3617033375
-30.5181236104
-33.1788703229
-31.2581037165
-32.8011088917
-25.5200351879
-29.3588905294
-29.8351182150
-25.6280645174
-26.3153149629
-30.0073538049
-27.2245597100
-31.1570366884
-31.2602954520
-26.7472056999
-29.0237882575
-33.4209746833
-32.4444090869
-31.4669087616
-27.2109536049
-26.4811087150
-28.4706621637
-29.8239226324
-24.3302432141
-25.7845709161
-29.3547193751
-28.0972556747
-31.4744548982
-30.9440915606
-25.5641585671
-27.3019138069
-31.2037479323
-28.9632650775
-31.0030689981
-28.2287480623
-25.8730869447
-30.4228990389
-29.0147572277
-23.7613658017
-25.3245138494
-29.9192132136
-27.7225481120
-31.0755968813
-28.4872056847
-26.1371100093
-26.3280912310
-30.4782102256
-25.7518852034
-23.7601217058
-26.3253311656
-27.7736169382
-32.1204169689
-28.9870647402
-23.5577040924
-25.5806904326
-29.9026619323
-28.6662223292
-29.8075720169
-25.8382276241
-26.9758800848
-25.7360705410
-29.1252643709
-31.2186978147
-26.2302308764
