-29.5359342317
-28.6605274460
-28.5641895359
-29.2171981128
-29.1096801607
-28.4526726071
-28.6713916125
-30.1826886393
-29.6046262532
-28.5740037926
-28.4826435656
-29.1693502163
-29.0730291379
-28.4250319019
-28.6484360141
-29.0840810185
-28.5001256554
-29.1374736266
-29.0254259179
-28.3729856619
-28.6173788967
-30.2451342838
-32.1218436209
-30.1265579833
-28.7412461754
-29.2212178023
-29.0553955826
-28.3949923289
-28.6214646100
-30.2360501744
-29.7121519711
-29.4450400598
-28.7185740911
-28.6713618373
-28.3971283957
-28.2832669694
-28.2253562537
-29.7158454238
-29.5019513496
-29.3843084444
-28.6871040009
-28.6539522452
-28.3886229658
-28.7360911356
-28.3585639731
-28.9803432564
-28.5600028454
-28.6053120611
-28.3595154946
-28.2484296606
-28.1832097125
-29.6224358711
-31.8310472803
-31.3299454665
-29.0108139244
-28.7090032189
-28.3880779451
-28.7270717551
-28.3310863857
-29.6660776573
-29.5278378891
-28.5273702188
-28.1636407517
-29.0792871650
-28.7921311703
-29.2434082980
-30.5404163835
-31.2879426288
-29.4463035731
-28.5252872299
-28.1447359125
-29.1275079022
-28.8030794838
-29.2511758137
-30.5519951596
-29.6701724365
-28.3175398388
-29.1021366070
-28.7465721010
-29.1916973571
-30.4726551692
-30.8908594869
-31.6725252461
-30.1070330407
-28.4048661361
-29.1818067208
-28.7863340143
-29.2239325472
-30.5037317033
-30.9105100057
-29.6940497785
-29.0473756237
-28.8967738492
-29.4343247716
-28.9315270092
-28.7241162158
-28.4228867735
-29.4328036324
-29.4126171552
-29.2445151718
-28.9558250930
-29.4583975970
-28.9515154164
-28.7357286520
-28.4169743994
-28.5527725838
-28.6849239189
-29.3347076783
-28.8846720598
-28.7018804073
-28.3967413151
-28.9958925292
-30.5896650204
-30.5569301199
-29.1729349240
-29.4868875497
-28.9348812814
-28.7254289260
-28.4090981383
-29.0058414222
-29.1063906175
-28.5761877588
-28.5514223289
-29.2086396051
-29.1063504855
-28.4430007552
-28.6652397399
-30.2836870522
-29.7218173489
-28.6051864848
-28.5107567947
-29.1868763208
-29.0939418793
-28.4351477967
-28.6583162942
-28.5658647314
-28.3682837248
-29.0972922679
-29.0051410507
-28.3719228067
-28.6125423235
-30.2397151472
-29.5651517394
-28.5458323072
-28.4473777491
-29.1449136120
-29.0438504651
-28.3926879658
-28.6244900574
-30.2646178015
-29.6875289468
-29.4203807869
-28.6972807412
-28.6528181878
-28.3880805343
-28.7402208647
-28.3528406085
-29.6860544130
-29.4698080756
-29.3847356577
-28.6917722779
-28.6601507228
-28.3918205932
-28.2773041063
-28.2264191089
-28.9474284084
-28.5459954252
-28.5967160102
-28.3565353577
-28.7235090545
-28.3171657027
-29.6615712036
-29.4055513032
-29.3381357421
-28.6654235698
-28.6347988457
-28.3713739022
-28.2553168579
-28.1871892698
-29.6254173024
-29.4996301564
-28.5262594640
-28.1508476529
-29.1345698689
-28.8134905442
-29.2562195205
-30.5512779590
-30.9226143838
-29.2211906145
-28.4903062223
-28.1407796577
-29.0635126351
-28.7754802057
-29.2289283542
-30.5279663510
-29.6666278603
-28.3177482672
-29.1409482938
-28.7691768665
-29.2069229824
-30.4860049387
-30.8975589687
-29.1766529747
-28.4765149979
-28.1132671162
-29.0448071627
-28.7399308751
-29.1974142487
-30.4834960313
-30.8933735727
-29.6796656343
-29.3242008201
-28.9656328762
-29.4624794264
-28.9482880137
-28.7406066519
-28.4167284281
-29.0027382998
-29.0582967510
-28.9061142881
-28.8374326181
-29.4169112961
-28.9320655570
-28.7311419339
-28.4203817497
-28.8147566517
-28.7781418758
-29.3737510956
-28.8920033002
-28.7164017780
-28.3992191526
-29.0044989366
-29.0080409246
-28.9585204224
-28.8313208778
-29.3909548482
-28.9084212393
-28.7184808831
-28.4002871861
-29.0015628156
