-23.5631232196
-28.8284196925
-25.1884606075
-26.6841256998
-24.1481428413
-27.4757404522
-22.8428957231
-23.8671114818
-21.8079491036
-24.2804430688
-22.3523899436
-24.9069839274
-23.6658266357
-25.8946819273
-24.5101207765
-27.7536557017
-32.9001511744
-34.0827164325
-30.8922990599
-28.6359445506
-29.1179344400
-28.9338197168
-30.4854340165
-27.6719310862
-29.5627917032
-31.2206875910
-33.5260445607
-30.2561421388
-33.0734690151
-33.8168305264
-25.5841870938
-28.3133466550
-24.9199388509
-25.5826284271
-27.0482552123
-28.5782823953
-21.4039501476
-22.7189947632
-20.6758113805
-23.9388380219
-22.0712226395
-23.5573416058
-21.3284317561
-24.6721796511
-26.4418128436
-24.6591095192
-28.4936941302
-23.8594009232
-26.1787853208
-21.0245392683
-22.8113893767
-19.6491603894
-20.3133013154
-19.7647591868
-23.0238180263
-20.5750407770
-22.1501949914
-23.4868733994
-27.0949910512
-25.3769406792
-25.1180286504
-28.3908535204
-27.5251703230
-27.2697200290
-22.5627019532
-24.9418924410
-22.4742195725
-24.6906443460
-23.0703441680
-25.8450345496
-22.5044779271
-25.0562950180
-27.2725280035
-30.7756995890
-25.0781864627
-25.2032758511
-27.0680157709
-24.7155534758
-26.0358850238
-22.8814782782
-25.4962691730
-24.3962929986
-25.4157951163
-22.8735088065
-25.3251171234
-25.2383979773
-26.6048219320
-25.6605469781
-29.2855354063
-27.1476263376
-23.9800706015
-27.1874115501
-22.8242200187
-25.0447835569
-22.3191786299
-25.1548764568
-22.3304337618
-24.4214105583
-22.0036452374
-25.0421762561
-23.6955995261
-25.5034191761
-24.1477894190
-27.6244197734
-27.3965169682
-23.6463159156
-26.5878589746
-23.1781534132
-25.3098280619
-24.2869406004
-26.7662425831
-23.1294122444
-25.1949697917
-25.3044723629
-27.1069724572
-27.3654132504
-29.5045405174
-28.6842222386
-30.0031476930
-25.1299712095
-20.9747779556
-23.1953196301
-23.5261135981
-23.9213637113
-21.3519725163
-23.0326743005
-25.6427904328
-29.1805923878
-28.0789864748
-30.8654959496
-25.8534182855
-28.2163446324
-28.5043421196
-32.4793447669
-28.3785290616
-21.2834383933
-22.3817485693
-21.3408442510
-23.5091842932
-20.3658433955
-23.2820607884
-26.2037099781
-29.5882678615
-27.7130523198
-29.6388020216
-27.6458568317
-29.9949063612
-27.5382094138
-30.4535884945
-23.3563803815
-20.8046395424
-23.9040058844
-21.2397823656
-22.9221865430
-20.2596536579
-23.7197642613
-25.1307634987
-28.1259566382
-26.1018584211
-29.2013187054
-27.5939750013
-30.0637731507
-28.1282273434
-30.1390727358
-21.4531573592
-22.2052394911
-25.3511628980
-20.8995599085
-21.5008745373
-24.0485257313
-27.5232155217
-27.0197108835
-28.2481021245
-27.8974311391
-31.1661285616
-27.6861754187
-30.3933617757
-24.7451671309
-24.5657983455
-21.8893164364
-24.7726809710
-26.0529101332
-25.8381693720
-29.8932179221
-35.8280781417
-40.8048235661
-43.2470912557
-44.3155720560
-45.4308326545
-45.8843983532
-45.8234376287
-33.7577326894
-28.6307454951
-27.2713214524
-26.5401263078
-22.4539826007
-22.1832561408
-25.5813364254
-30.2472172643
-29.3712913692
-30.6401758718
-29.6943902500
-31.6895076166
-28.5590254250
-31.4613420333
-25.3741663945
-25.5713797649
-22.0610174177
-24.7753568827
-25.7404035211
-21.1592940573
-24.6198977910
-27.5538531911
-30.0208368975
-28.2200613789
-30.5737791408
-29.1057860373
-31.3642196198
-29.3005875657
-28.4997282174
-22.6482611477
-24.3321048276
-21.6510465446
-22.9926288661
-22.1886066635
-24.7082364762
-29.0934628710
-28.2608641442
-29.8520863363
-28.5235822298
-30.6498244036
-28.3681840173
-31.2118455517
-26.8674869768
-29.1782660191
-22.1198615333
-22.5210344042
-22.5566834245
-23.3351556627
-20.6559459529
