-27.7341993866
-28.2035722555
-29.0463270086
-27.5284922599
-30.1931165266
-26.8855024457
-28.0114893514
-30.9721944284
-32.4403169066
-32.7591720927
-30.1216748079
-32.5546728447
-34.8302814247
-35.6497373292
-38.0320713057
-33.0573915726
-30.4808887343
-26.8633727905
-26.8995033944
-30.8277367600
-28.1339882554
-31.0080583373
-34.6333516381
-34.6241393674
-34.3226640172
-28.3037175414
-32.1278711992
-32.7767150193
-34.2665450136
-29.4092861806
-33.1967860867
-27.3337619212
-26.4122328561
-26.2927244376
-24.9188125691
-28.1724167409
-32.8219672616
-34.7262938266
-35.1077681029
-32.8965820168
-27.7473808611
-31.0197846944
-33.1372895267
-26.0432318032
-29.7342272403
-30.7915349644
-30.1310670278
-27.1471771238
-28.8134348780
-28.8064376412
-31.0929831744
-33.4753369346
-35.9409414220
-35.2101232263
-32.4955012122
-26.3567430095
-29.7371517131
-26.4694742703
-28.3539694853
-32.2181478507
-27.8050456060
-27.7101136157
-30.2911801134
-33.5645157675
-29.8689975292
-31.9853347204
-33.5787639836
-32.8283042613
-34.7486448538
-32.3639622280
-26.3877548194
-25.9074698600
-27.9989215079
-29.1872349201
-33.5564634406
-26.1637409373
-29.1756393079
-32.8667029738
-35.6524015870
-30.6246512011
-32.5128641987
-33.6614038677
-35.4896126195
-35.5810789795
-34.4456172964
-29.8839474046
-31.4617627835
-33.3128586528
-29.3223417914
-27.0587633714
-26.9113074298
-29.6109062883
-33.3995259940
-35.2301530557
-31.3394050033
-31.7802516160
-34.2660517824
-36.6639260709
-35.1962478543
-26.8052419887
-29.7629877661
-30.1833087497
-29.3072326816
-26.9525775397
-24.0854317963
-28.0785786703
-33.7881852245
-38.8017036927
-40.0605638097
-32.0281777446
-32.6453093885
-33.4114465411
-33.5314882980
-27.2314365473
-27.8553842874
-25.7344290080
-27.8198000011
-28.0545291599
-26.9692375667
-26.3129122132
-29.7093595472
-34.7843689360
-38.9031707224
-34.6047969636
-31.1402031941
-29.6168445577
-31.1169912691
-31.9128845213
-33.3312132949
-32.5417839505
-29.1897179352
-31.8844463500
-33.9682310414
-32.2156156462
-34.4526766701
-36.6794274418
-36.1126086640
-36.8940697331
-34.3282359148
-27.9083432111
-29.6176484951
-31.2622269752
-33.9515994959
-36.0252047062
-33.4963299392
-28.1991201735
-31.6152475811
-34.5468668401
-38.4657302673
-39.5998726257
-36.8956064087
-36.6838135000
-37.6914593719
-34.8488069493
-30.5765599241
-30.7292938742
-32.0537199250
-33.5659695902
-34.0706651340
-32.7311378333
-28.7784137378
-31.1540254863
-35.9318728459
-38.8158651646
-35.6802105810
-34.8800673127
-33.7666057885
-34.5380688385
-32.9542480447
-29.1960342222
-31.1431263698
-33.1064084776
-35.1349323934
-33.5460951120
-33.4849078102
-29.5842986670
-32.8941184125
-35.6440709296
-37.4497887258
-36.0220821731
-37.8554755927
-35.3539840558
-38.9034166844
-36.5610350037
-29.4655993752
-30.9481643281
-33.1136037861
-32.3577119712
-34.0335584292
-33.2075324564
-30.6356318797
-32.8550206327
-35.8616480573
-36.5461265530
-36.9505538057
-31.8906267049
-35.3881481618
-35.8934379024
-38.3334521159
-28.0934961937
-29.7766184672
-32.1140411477
-33.6604717639
-34.0988987580
-32.8813201420
-27.5461853654
-30.8059268780
-35.2679368270
-34.5601298756
-37.0597443233
-31.6626410782
-32.7634209219
-32.8947747710
-35.3635122005
-26.9629031536
-27.8467377464
-30.5957197958
-33.1516413013
-32.9417488197
-31.7137862838
-27.6577501990
-30.6391298459
-34.3646409549
-33.6308697657
-31.8274120825
-34.9862181508
-34.3912291579
-34.0900606227
-34.9606733906
-26.3521718250
-28.5041168610
-30.7266619799
-31.5654371040
-33.4921393673
-32.4855963380
-31.1831277783
-31.5493259845
-33.8444556938
-37.8828366527
-31.5616167780
