-28.9518105695
-18.7989472415
-20.1675062853
-19.2259523292
-20.6611877152
-18.6581545044
-20.3955813284
-20.7209393659
-22.9024013725
-21.1017613454
-23.1607567627
-21.0440499714
-22.4711060758
-20.1154807493
-21.7350457636
-25.3424244418
-18.7669114097
-19.9707149197
-19.2913846046
-20.9646413273
-18.8538273553
-20.5641118699
-20.8998861480
-23.2814898700
-21.7252431649
-23.5763474140
-20.0872341619
-21.7301237349
-19.8305720687
-21.0507378073
-24.6196505248
-20.0832455351
-21.1159409394
-20.5499762848
-22.7387578876
-22.2273083146
-24.4069500207
-22.2205078517
-24.0905881172
-22.4151333554
-23.9534422470
-20.3753223467
-22.0921470215
-20.1041233090
-20.2975177102
-24.9401447447
-19.9648763372
-21.3182796011
-19.0798983856
-20.9592519689
-21.0426388832
-23.2820258287
-22.0482515005
-23.8277482860
-21.2759116813
-22.9974667193
-20.2953894081
-21.6180164510
-18.0953667148
-19.3846103639
-23.8417790153
-21.0289356856
-22.7179862693
-21.5521945168
-23.5400161401
-22.3358710243
-24.5347748688
-24.0672350769
-24.9002689085
-21.9943669366
-23.7685481566
-20.3574583286
-20.8875513130
-18.8168811562
-20.5197917099
-24.4188666966
-22.5841364197
-24.6006511825
-21.0054078601
-22.6115155959
-22.4232115810
-24.4578932812
-24.0025989874
-25.4790097493
-22.6115052641
-23.5627011927
-18.2973506664
-19.8868257094
-18.9693717851
-20.5525305054
-23.5124518284
-22.8033046925
-25.1624873267
-22.1616274719
-23.8771445080
-22.9384581893
-24.2748336243
-22.9907814859
-24.8416099119
-21.1179280959
-20.6219837708
-19.2468314172
-21.1692235119
-20.6434221175
-21.7578045950
-26.2841050678
-23.3421205309
-25.0635744705
-23.0574215987
-24.6986772363
-22.4900471823
-24.3000832295
-23.0984457494
-24.3386062361
-19.0320893109
-20.5503801921
-18.6821367133
-20.2945285015
-21.8471038697
-22.9730482439
-25.4562211509
-26.0064448478
-28.7630702961
-25.3540058085
-27.1449102846
-26.1014881722
-27.6160968812
-22.7760329271
-24.0772758917
-22.5725783508
-24.6488369699
-23.5491442856
-25.3871523912
-24.7111428250
-26.5524481664
-28.4208672176
-25.1908983210
-26.5394958326
-24.0058225030
-25.7085036109
-25.9147467157
-27.2322573002
-22.2609882660
-23.9969390460
-21.9567604988
-23.5877281202
-23.5929970964
-25.5836744430
-24.6334702447
-25.6674704196
-28.8947452272
-25.8536992156
-25.7337532335
-22.9867954563
-24.9636181820
-23.2103044489
-24.1490464493
-22.1111515637
-24.2661301170
-23.8290389961
-25.8795223162
-25.0396401665
-26.8096461641
-26.5750102206
-27.1441892176
-28.2399578886
-27.5730842743
-27.7985066533
-23.3318661128
-24.6718119889
-22.0277154754
-23.8196519418
-22.0279006045
-24.0071455626
-23.8333331414
-26.2120885351
-24.6009528218
-26.3345576711
-25.1479594874
-26.1770829406
-28.0023793504
-27.5511992972
-27.9171606393
-23.7105610635
-26.3700707577
-23.9243438379
-25.7616580205
-23.4787226562
-24.4237032605
-24.5931387073
-26.9027890377
-27.3351056985
-29.6111742531
-25.9640108969
-26.6407324691
-28.8498321536
-25.2929220567
-25.3679264894
-23.6868248149
-25.8061840075
-23.1432578474
-24.3431502267
-22.9008245747
-25.0273312357
-24.2761916508
-26.3220364345
-26.0731095499
-26.0384638459
-27.0694799537
-27.8476413665
-30.4387318375
-23.7700589201
-24.3186903202
-24.1703152137
-26.6319706914
-23.8494403720
-25.2432319537
-22.6376196581
-24.7042646773
-25.8126621393
-27.9312392521
-25.3010196941
-25.7827481369
-26.6565328963
-29.5079944691
-29.0281328866
-21.8499545349
-23.1577921613
-23.9298082880
-25.8116212695
-24.0296221755
-25.8172229511
-22.4206806604
-23.8756932836
-26.6022405415
-28.9877612226
-25.7152018037
-25.7007853005
-24.6475915903
-26.5095701794
