-32.0795300830
-32.0457388043
-32.7785973537
-32.9861466413
-32.3154864718
-31.4029743497
-30.6906699058
-32.2654727320
-32.7742112958
-32.1928684822
-32.7895184794
-32.9788205804
-32.2961790191
-31.3775901105
-30.6793785278
-31.0189522847
-32.3363318919
-32.8416294416
-32.2394735715
-31.3236524856
-30.6499875447
-32.1085197379
-34.9753980135
-33.8806833877
-33.2106575889
-33.0927104693
-32.3047465879
-31.3449121745
-30.6547192560
-32.1273015891
-32.5510247056
-31.7609092100
-31.6841622779
-31.3714667195
-30.8699842899
-30.9302589125
-31.4385922899
-32.8491380363
-32.6342937581
-31.7722666114
-31.6791962465
-31.3691843646
-30.8613286887
-30.9812953714
-31.4552406639
-31.4939669051
-31.5534997294
-31.3142524979
-30.8236225806
-30.8761491069
-31.4035866886
-32.8229174955
-34.6816086212
-33.0965735097
-31.9640413769
-31.4198894084
-30.8589867829
-30.9647065482
-31.4347978588
-32.8293166331
-32.3541907013
-30.8678313934
-30.3799382235
-30.9692207686
-31.9191205437
-31.5364785143
-31.0513933125
-32.0720978644
-31.9375865148
-30.7477041812
-30.3286195442
-30.9637032435
-31.9241370638
-31.5340045607
-31.0529752964
-30.4946890221
-30.2192503385
-30.9087105305
-31.8670587748
-31.4763657152
-31.0260738021
-32.2231151825
-33.9511554601
-32.0225825443
-30.5725065795
-31.0315343646
-31.9201393828
-31.5098657131
-31.0359281898
-32.2177672485
-30.6761019260
-30.0252579345
-31.0544524185
-31.2286298841
-31.3314200008
-31.0905584189
-30.9685113367
-31.9635222473
-30.4882186780
-30.0464075847
-31.0733171237
-31.2358588515
-31.3360028347
-31.0937534568
-30.9723316595
-30.7638606127
-31.2128191067
-31.2510896541
-31.3160882205
-31.0581898885
-30.9420396449
-31.6367713740
-32.9921392785
-32.2299350612
-31.6204414684
-31.3582179278
-31.3529683822
-31.0737300972
-30.9545116851
-31.6374329073
-31.9093541882
-31.9820995546
-32.7327858464
-32.9646642850
-32.2938086325
-31.3812693234
-30.6859446674
-32.1342418639
-32.6333551839
-32.1597063720
-32.7805806591
-32.9735451434
-32.2955796258
-31.3745348878
-30.6760294341
-30.9794479969
-32.3118214986
-32.8183191300
-32.2269704618
-31.3135029326
-30.6352901111
-32.1164775571
-32.6378098541
-32.1546523090
-32.7529011203
-32.9637153536
-32.2710381627
-31.3373647389
-30.6543528881
-32.1099114177
-32.5372658477
-31.7484255188
-31.6739700036
-31.3649666039
-30.8593104294
-30.9912546204
-31.4628139911
-32.8373314140
-32.6085043148
-31.7720866640
-31.6760050925
-31.3711288326
-30.8682547231
-30.9257382186
-31.4339278971
-31.4854899571
-31.5371672344
-31.3008121076
-30.8236898991
-30.9587255614
-31.4302888163
-32.8246224651
-32.5427160543
-31.6131477720
-31.6152864276
-31.3385881227
-30.8358357037
-30.8921980879
-31.4105606226
-32.8215957235
-32.3424501028
-30.8666675607
-30.3685963566
-30.9982181972
-31.9435092460
-31.5479537231
-31.0616127733
-32.1581269744
-32.0545458704
-30.7825194791
-30.3342419307
-30.9464218168
-31.9030625011
-31.5159645070
-31.0468260135
-30.4794103195
-30.2078217343
-30.9336183626
-31.8878381718
-31.4871159560
-31.0333623206
-32.2217144406
-32.0498646483
-30.7868537526
-30.3147972506
-30.9271104795
-31.8831012823
-31.4770971562
-31.0353495099
-32.2233948131
-30.6714944949
-30.1010792421
-31.0844505623
-31.2326547515
-31.3377388743
-31.0846227427
-30.9660839882
-31.6328436007
-30.2696174945
-29.9278545853
-31.0150348681
-31.2101470819
-31.3198166278
-31.0788488897
-30.9622610761
-30.8628925483
-31.2482234407
-31.2578784623
-31.3163303081
-31.0603971575
-30.9373415928
-31.6314195561
-30.2295811314
-29.9404198362
-30.9951655644
-31.1855214697
-31.2970409789
-31.0595906305
-30.9365557791
-31.6329083298
