-23.3224635421
-26.7784816006
-28.3332910659
-27.4998715526
-28.6811735039
-30.8901306325
-31.0956306058
-30.4983047980
-32.2779072292
-30.1781795975
-32.0915283008
-32.0737743541
-33.4934714990
-32.5641815808
-29.8537615492
-24.6722676972
-25.8618098043
-27.1271006839
-27.4643740044
-28.4884161257
-28.6431942354
-31.3378023017
-30.3921837074
-31.9375191918
-32.4341404359
-33.2269214656
-32.4637139550
-35.1821213324
-30.3791588762
-24.9320626536
-21.0967241154
-24.4692157336
-28.1075566938
-25.9242891198
-26.8950306008
-27.3838041479
-30.9104763376
-31.2211394085
-31.9992825895
-30.1292830891
-32.3497865168
-31.3684257342
-34.0302701765
-30.0649758282
-24.5213966283
-23.5056151264
-25.1587887027
-27.2465366010
-26.1303781642
-29.3564528264
-28.8017305256
-31.1595455995
-30.4129695807
-32.1339324594
-29.2631662676
-31.9177702821
-30.0838612485
-27.4007515741
-27.9203168349
-21.5644995676
-22.4381782983
-25.0994578207
-28.3734115755
-29.0374552114
-33.0134999316
-30.4857227164
-32.4832945626
-30.3434749160
-32.2536596366
-30.0768665988
-32.4915734343
-27.6504435550
-28.0003326118
-30.8848137615
-25.9118649755
-24.3716181930
-23.3394006147
-27.1578548557
-28.1292811446
-31.9546090115
-31.1160889447
-32.4354363179
-31.4139718540
-32.4199103465
-30.1136289568
-25.9145849038
-25.5252963921
-26.3919531623
-24.5800413789
-23.7079498860
-25.4258126271
-28.0836599313
-32.2010114178
-29.6623919730
-32.8185404937
-31.2014422856
-33.0965126640
-29.4247228230
-30.9348054905
-27.7266364167
-27.3166371416
-23.1476206107
-24.8229160997
-24.5854682888
-23.8197607057
-26.9231062817
-30.1922621033
-33.5228650627
-31.3494975944
-33.4553135765
-31.8769261054
-32.0253684949
-31.1521871748
-27.6439123713
-28.7757313565
-27.7488243265
-24.8183423279
-26.3196337008
-24.4926788263
-26.0351781869
-26.1725337708
-23.1873682917
-24.6613983551
-22.2131520200
-21.7748607798
-22.7786285859
-23.0051552848
-25.4100976437
-29.6565598579
-29.8458205585
-28.7825693605
-29.6058211587
-30.4237418311
-30.5297632371
-32.6616703613
-28.2718551918
-24.9654137856
-24.6925072626
-21.7913059079
-21.4348959489
-23.7906830029
-27.1853920028
-27.6178924875
-30.5431583109
-29.4634827303
-29.8892526232
-30.0197313482
-30.4937646871
-30.8026321653
-25.0057971026
-26.2839639685
-23.9769092227
-23.6929482213
-21.5519640924
-22.3360768693
-25.7896172051
-29.5430026684
-28.2957312423
-30.3267113205
-30.3210617514
-30.3732801681
-30.7280640191
-31.2750356080
-22.5915841714
-24.4375281590
-25.6033288636
-22.4678359730
-22.3729544543
-22.4979092132
-25.4702544689
-28.6116568238
-29.7551827145
-28.4868108388
-30.8806426102
-31.4710255481
-29.9509991914
-30.6154894197
-25.4904888516
-24.7558177027
-26.2727955765
-24.5243314590
-20.0941809281
-21.7701614293
-25.8216530308
-28.3833319925
-30.3133719093
-30.8861692010
-29.8231924920
-32.2392340682
-32.5290698259
-31.0854849357
-22.2270895311
-23.7740747562
-23.4362317779
-25.4694919600
-22.2502665142
-20.1587354789
-23.7334661660
-28.6382657388
-29.2050005244
-29.7654630227
-31.4476686293
-29.6251596828
-31.0804179252
-32.1254477468
-22.2486262666
-20.9213322684
-22.2577673468
-21.4747200126
-22.0646344965
-21.4927652514
-25.1755030959
-28.4397422808
-31.0137363961
-28.5064859551
-29.8943998947
-31.9780643293
-28.9268703822
-30.3493109078
-23.2131706866
-21.7656614477
-20.8874438830
-21.9519433514
-19.7416870713
-20.3371165308
-24.0749650551
-27.9942635884
-29.3721432205
-30.7753461780
-30.2633542894
-30.3644951078
-32.3584874316
-30.5725350592
-23.4097730209
-24.2209011758
-23.7142558140
-23.0829612092
-23.3813037812
-21.0488904470
-20.9926859838
