-19.2296341372
-21.9728535010
-23.3309663856
-25.8716033426
-24.1214407094
-20.3756343572
-23.1662173388
-28.4323657132
-26.6145507628
-28.0931337125
-31.8741997035
-31.8391902235
-28.5509588677
-28.9870427380
-29.1145219113
-22.2522485211
-23.1476452098
-23.7609722516
-25.9718081944
-22.6078428855
-20.0681934041
-23.5552158921
-28.9827537630
-29.0017272272
-28.7296479811
-31.4467559431
-32.4624361992
-35.8310168603
-35.8501288319
-21.1328831968
-21.1402714109
-22.3427103183
-21.4538202061
-24.3620861470
-22.6641056044
-25.2615037543
-24.5281595484
-28.8889312297
-27.9181471093
-27.8153155585
-30.7790344497
-27.2648886511
-30.6348577096
-28.7594674725
-20.9735027986
-21.7571275344
-25.2004122349
-20.7248787936
-22.8215790705
-27.7368079641
-29.1759590754
-28.6987462136
-32.4839327862
-27.1748437188
-26.7419742828
-29.7682088344
-28.3248154108
-24.0977005872
-23.3899516142
-21.5155719773
-22.6967097584
-21.6292897303
-23.0202398005
-25.4028518467
-29.1090509869
-29.6278459492
-27.2244095337
-29.1340429639
-26.0559692330
-24.9816957968
-28.6156182516
-27.2859748595
-24.0761625514
-22.6606762249
-23.0424950340
-21.6766094485
-21.1195088366
-23.9437781740
-27.1899036396
-31.0783478775
-29.5920713622
-26.8397660167
-31.1230175531
-26.4091905733
-26.7985438084
-25.9802993896
-27.4763489204
-23.1612771986
-26.9757286051
-25.3524536089
-21.9229808665
-25.1540194432
-27.7699092482
-29.1012355776
-32.3372380977
-29.2497893133
-26.5630210617
-30.2290348074
-27.4156613170
-22.4863718574
-21.9099236712
-25.7184965294
-23.1739991008
-23.1745117577
-21.9776331215
-25.8929445909
-29.7343502342
-30.9616746277
-30.2638695347
-34.1426997619
-29.9494858183
-25.4935143009
-29.2370492817
-28.8421125435
-22.7236643360
-23.9990854860
-28.5273986871
-28.3726400021
-24.9046394403
-22.5566471788
-25.8915826926
-29.8245181431
-33.2603101271
-32.9619068159
-33.6805080698
-30.0109695887
-28.8802860033
-32.7210763027
-30.6503513198
-30.4337476850
-34.7960292695
-30.0988240716
-29.2246432779
-31.2435655190
-33.2738398430
-30.1827456023
-34.4087034643
-29.2794871107
-32.8121853702
-34.8680626171
-29.5459582083
-26.8062245868
-30.2628468042
-26.3946005893
-28.7071623135
-30.8443398365
-31.1916642786
-30.3143700356
-33.0428805628
-31.7665743120
-31.3321475565
-31.4874745538
-31.4698643042
-33.4873908268
-38.2378482580
-33.5317096746
-29.4150924025
-33.2408020049
-29.8398408647
-29.9410761894
-33.3850887734
-31.7224509473
-31.6949474720
-29.2589070815
-29.0784897019
-27.6681729134
-31.9773820695
-32.9763621610
-35.0840176348
-37.8102479518
-32.6947263131
-28.6737244540
-32.4381290442
-28.8550454571
-30.1577833973
-33.5812353448
-32.3207942715
-30.8238581947
-34.0801868125
-31.8297112644
-27.8950698231
-28.2562450760
-26.9307922447
-28.9626229615
-33.0258386321
-29.6112856044
-26.1385444126
-28.0129457533
-27.6758860559
-27.8525931628
-31.7838790367
-27.5729133869
-29.1487572365
-30.5759411138
-28.5821312036
-28.3831002613
-30.5157558162
-28.9271034100
-30.1053617319
-32.5187765723
-28.7822987908
-25.2618830692
-29.5679324959
-26.9773041321
-27.7934810707
-30.0209417837
-31.4065538747
-32.0436467522
-34.2205509731
-27.8939836633
-30.7507619867
-30.5764654206
-34.3412451972
-28.1699919859
-30.7448276058
-25.8242499788
-25.5525241267
-29.7669025890
-26.4660565629
-26.1037083975
-29.2375399367
-32.1074646533
-33.9296226137
-27.4641746329
-28.1297420162
-29.0499971582
-31.2083566660
-33.5800469132
-28.2177505589
-30.6576152369
-28.8822641299
-27.0472299025
-30.7154560345
-26.8680061118
-26.4498716503
-30.9218246706
-33.8264415401
-29.0308282221
-29.9559250904
-30.2978407636
