-23.1646314637
-23.3027405167
-24.8290718540
-23.9116336019
-27.4380408158
-26.4641107938
-21.9724249892
-24.0393095591
-25.2157556706
-27.8658898462
-32.6061313209
-30.5255700684
-25.2883366401
-24.4016512952
-25.3675238831
-19.9505543355
-22.3803491176
-24.7229235608
-25.5182590216
-29.2792799689
-26.7336254861
-24.2875853040
-27.4165247931
-26.1076478180
-28.3337791167
-32.1738044005
-30.5885322512
-28.9410745801
-28.0683579223
-22.0583570428
-23.7521923638
-26.7078968867
-30.9092451847
-32.6376791007
-35.5466067515
-34.1544895641
-31.4382699326
-33.8639379123
-31.8707444550
-32.2885759122
-36.7064337842
-36.2479847794
-34.7723344811
-31.9054458296
-27.3960328025
-26.4556778673
-29.8487955074
-33.0684654616
-33.7319691476
-36.4958590812
-36.5242195741
-31.7973103633
-33.9533290529
-32.0188554311
-33.5479580193
-37.5507379125
-36.0180223508
-32.8389612978
-33.0718935231
-27.7969026549
-22.7996228871
-23.5433082940
-26.2901016020
-29.6009353850
-34.3510620347
-32.3740587030
-25.8087848483
-27.3268928417
-25.4736903003
-26.5729608899
-30.6664831455
-25.9446154113
-25.4531905347
-24.9358221344
-21.7718948778
-22.9163039433
-23.7321767691
-25.3733870650
-28.2957972627
-32.8694047638
-31.9355837860
-26.8661535599
-29.1876310552
-26.0872723196
-26.5318474205
-29.9571575191
-27.4799646992
-28.3498125703
-28.3169249054
-22.8951775897
-23.9059542476
-25.4515243962
-25.0970188228
-27.4426637910
-32.3872531144
-30.7539622007
-27.8337569321
-29.6449111755
-25.2761312761
-25.0539686486
-29.4469858019
-26.7627536782
-28.9599392794
-24.8639234039
-25.0573941300
-24.7653471471
-25.7704948779
-26.5350321062
-28.3983232951
-32.3551422080
-30.4720661191
-26.6185536199
-28.6343897475
-21.7646671956
-23.2071288462
-27.8998170497
-27.0364071616
-27.8278290253
-25.1211783849
-25.6696233145
-28.9976557348
-31.4916651172
-30.6094372285
-32.2159988429
-36.2827780518
-34.0517926525
-29.8811368585
-28.8437942081
-25.7365339991
-27.0985679992
-31.6405554293
-32.3786363644
-30.3564505471
-27.3988653557
-26.4304787486
-28.4366715155
-30.2805942828
-31.2134560380
-33.3585173983
-37.4905590875
-33.4290425332
-26.8326522620
-29.7254124021
-25.3207957932
-27.3200069370
-32.0097156341
-31.1547426878
-27.8382853939
-27.3260177073
-28.4826474451
-30.4255853106
-31.5845296422
-30.8437261897
-32.5470451392
-37.1610313951
-34.2998456415
-27.4553377861
-29.7355658428
-25.5955703994
-27.3142317887
-32.6558951964
-31.2465094040
-29.6481269238
-30.7809633747
-31.7020625132
-30.7549551533
-30.1525804510
-30.3648187399
-31.8692958111
-34.6453886810
-34.0408792953
-25.8756450391
-28.4606045178
-25.4492627545
-27.7570850707
-32.3133698108
-30.6281168061
-30.4917386568
-30.2511217406
-31.5665931647
-31.6981735738
-30.6217150727
-31.0763490220
-28.8817540594
-32.1772518789
-30.7354405625
-24.8083015116
-26.0042259194
-25.5816251250
-27.5703190341
-32.3504972335
-31.9109167508
-32.8126345890
-30.5598584599
-30.8037571554
-31.7186383773
-28.3185664394
-25.2455868201
-26.7543556998
-31.3606594989
-30.9409858448
-24.9685790425
-27.2787096403
-26.0996045551
-27.6329252132
-31.7147779149
-33.2321800722
-30.6145987326
-29.7243573142
-29.9709176858
-31.3066597404
-29.0000908678
-32.2575187886
-30.7124034067
-24.7841018129
-27.9249630894
-26.3384660410
-27.7950397471
-32.4519746369
-31.8957118403
-32.7762140072
-30.5805977257
-30.7959999969
-33.4068611162
-34.2672777451
-26.5888053248
-27.2668680729
-31.7369282840
-31.0001665426
-24.9756215910
-28.1990761390
-26.5222118197
-27.7024108233
-31.5911773333
-33.2195928154
-30.5998844694
-29.6853566187
-29.9393272005
-33.2371189164
-35.2540575584
