-34.0045363571
-31.7025570407
-32.7998945778
-30.9082069346
-32.8075080348
-37.0152183456
-35.2296002643
-35.7053721494
-32.4729404599
-33.9486426563
-36.3224325151
-31.3938112632
-32.6010423154
-30.0497735006
-30.7200570011
-30.8747134100
-29.5263374637
-30.9434882745
-29.9165217759
-30.8999513579
-34.2252024225
-31.2581787983
-32.7735497519
-30.4378256230
-32.3565364783
-33.7359409349
-27.9000915122
-29.1052889146
-28.4510711997
-29.2711344356
-31.9774066801
-30.6466798752
-32.8948291377
-32.4964320203
-32.4135435777
-35.3192373719
-31.6375830668
-32.2856527315
-31.1624493540
-33.0471280885
-34.2976694496
-29.8934457803
-31.4758737631
-31.2612443844
-31.4733765160
-31.8050468170
-31.2185994298
-33.2405547421
-33.0653882305
-33.2352728384
-36.6110927351
-32.1195651363
-32.8364433213
-31.2282751614
-33.2146591407
-34.4200065062
-30.1753871727
-30.3458219878
-29.9317642293
-30.3882339262
-32.1551183563
-30.4970063268
-32.7342681335
-31.9629124942
-31.8598129763
-34.8084275181
-31.4582285566
-31.3168274201
-29.2135836230
-31.1540681961
-33.4277078367
-29.9601415571
-32.6099503616
-31.0337416276
-31.3157050204
-33.5649986487
-35.0368338707
-36.3390045024
-31.4956705655
-31.6832910169
-35.8044195936
-31.6166340770
-32.1622812953
-29.6848983454
-31.8956082590
-32.7452630631
-30.4615294942
-32.2706083491
-31.8599955081
-32.0705029308
-32.1305497082
-31.2139233878
-33.0805102876
-31.9216954707
-32.4352019972
-35.8333406376
-30.3625907582
-31.2853353234
-30.9355602387
-32.8549183483
-34.0242244647
-31.7339235659
-33.7038442642
-31.1611638295
-32.4736589566
-35.2581769509
-32.7543251583
-34.0759030260
-33.7230546266
-33.0621996695
-36.1499056664
-32.0792944568
-32.8568175145
-31.5513261179
-34.1129411284
-33.8605823562
-32.7051321987
-34.3841348222
-35.1114395488
-32.6756492997
-30.8115440911
-32.2304515979
-36.2477116132
-32.8080543483
-33.9277713483
-35.5042440302
-30.6460934211
-32.2388715745
-33.5647669241
-35.3177252993
-34.7871665457
-32.7133243376
-34.6123974746
-33.7384860902
-34.5313848929
-32.3075674841
-31.1050771978
-32.6963820899
-29.6463740572
-29.5826946757
-29.8997465363
-30.3362317070
-33.8588747882
-33.2589870599
-34.4318441944
-33.4365809243
-32.5714157273
-33.6480644552
-33.5638477694
-33.1927288697
-31.7081820200
-30.8286662861
-33.0864951582
-29.9412794340
-29.9100022446
-33.2403165355
-32.6363922788
-33.2234312625
-33.2051335879
-34.4336229566
-33.8635508404
-32.6314780349
-35.1462535394
-32.2238090755
-30.5926529244
-30.3900968381
-31.8418816659
-33.8503758408
-29.8049155214
-29.8353162877
-32.9832804211
-33.4758910232
-34.5832770636
-32.2246505578
-33.3729520320
-34.8931620474
-33.7706539579
-34.3925936542
-32.9925833168
-31.4175034846
-31.2065649614
-32.6140969238
-34.4385553303
-33.2692440641
-32.0348176748
-33.5721758301
-33.2728663160
-33.2060488626
-31.1726947083
-32.8140172115
-35.5564481968
-35.6855546351
-35.6404422092
-33.6841290237
-31.7431190090
-33.3775736965
-28.7932820493
-29.8920243168
-30.5042922557
-30.9080748879
-34.5622400383
-32.2273018697
-33.5623641665
-32.6189257275
-34.4063525040
-35.8909445321
-32.4251262304
-33.1119984969
-32.5814306395
-32.3330501165
-35.4059603718
-31.9651896732
-33.3306928713
-33.0947300212
-32.9243741854
-35.2055209683
-32.5587210122
-33.8397925959
-32.1685600381
-33.3706813262
-31.9533778686
-31.3582205161
-33.6372585446
-32.9014198839
-35.3435250919
-33.1163004084
-31.2366757337
-33.2712040612
-32.3627427327
-31.4226326352
-34.3946494477
-33.6875311937
-33.4883514110
-30.7861352531
-30.5507691875
-30.6773071899
-29.9921385434
-31.9852842270
-28.8631819270
-30.6871084850
