-26.3102583101
-27.6970680713
-28.2718655502
-29.8263991790
-24.2560932038
-23.2147617388
-21.2959091649
-24.9839962632
-28.6554047681
-33.4517210925
-35.6456140781
-32.7539173687
-35.6208719528
-33.7812022424
-33.0285236114
-26.2737043738
-28.7808734467
-28.1917954075
-29.4385606567
-24.3958010593
-24.1852741665
-27.4582622573
-31.5196255909
-32.5701988167
-35.7471354804
-35.1235219188
-33.6074714258
-36.9810581170
-32.0929782351
-26.4943613933
-23.1600706477
-22.2040018864
-23.3392866907
-26.4907132476
-25.7072854223
-29.6489515692
-31.4545221683
-32.8536885039
-32.2280346099
-35.0688580340
-35.6242443515
-32.8425537744
-35.8093312586
-30.7816870576
-25.6442364879
-25.5105743595
-22.6793402943
-23.4005296801
-23.4127363341
-27.2530328236
-32.9548383642
-31.8934657328
-33.1877783658
-32.3828787244
-35.7157016451
-34.7550452876
-31.9295743231
-28.4425359970
-30.5319290754
-24.0283858523
-25.2757675073
-26.2426110109
-25.9250619908
-28.8755607592
-33.1729644232
-37.1396927557
-33.4951557524
-33.1303829143
-32.4831664034
-36.2937198913
-35.8703230773
-30.6374533632
-27.7769297884
-22.9056184308
-24.2447150879
-22.9647383026
-21.2681804212
-25.5507867692
-30.0582931735
-33.5042942316
-37.9161644667
-33.1483776536
-33.2257602264
-32.0238395902
-35.2966377936
-23.2601706348
-25.2715057252
-24.0814328191
-21.6907450358
-23.7488523338
-20.7281528032
-23.9547420166
-29.8685586504
-31.4452076226
-33.1035021340
-37.0874626953
-32.9162636024
-33.9726818290
-32.8994987190
-23.5359563374
-21.8878108428
-24.7135248627
-23.8405854180
-24.5629515529
-23.1548068615
-27.1338907717
-30.2784336258
-33.9426823880
-33.2304867576
-34.3819366256
-38.5242377696
-33.0046242592
-32.7595436389
-21.3073571835
-21.8680192070
-22.9976531569
-22.3226766076
-23.5178230735
-21.4392729451
-19.7268588820
-22.6359159843
-25.3138878898
-28.1342432903
-28.4022031734
-29.7863084447
-27.9083186174
-24.8352327942
-28.0340902275
-30.6062111221
-34.4540799959
-34.5838259705
-33.7387126443
-36.8259810052
-32.4498334035
-34.7970222239
-28.8108780678
-27.9508030450
-27.8689735598
-25.1415098644
-27.6630683552
-27.7515740276
-28.9462127928
-31.2562990654
-31.1180968480
-34.5933334024
-35.7883525057
-34.6263311060
-36.6607750552
-34.0697874107
-27.2991731732
-26.9149581649
-25.8199545456
-27.3853938996
-25.5666752477
-28.0576814731
-33.0179766059
-32.6490468568
-32.5848781251
-30.6845465126
-33.6492774767
-35.7659691173
-33.4101247728
-35.5730059459
-27.5337275612
-26.6000785882
-26.6521895610
-30.7743700486
-29.9113266066
-27.0007853347
-30.0913944357
-34.5598567126
-32.5821607879
-32.7082599155
-32.5761137787
-36.1377042006
-35.9505614957
-33.5917305573
-29.7757485064
-28.3294111914
-27.6022629504
-27.3381751642
-28.5027044693
-29.2856985402
-33.5144618928
-39.4993182712
-44.8312610157
-46.0248841320
-46.2973580411
-48.7872103231
-50.2195703066
-52.1671491316
-31.1825814522
-29.2951270089
-29.2007542828
-29.7725418185
-28.6715521420
-26.2016062900
-30.0549155859
-32.6231085373
-34.4340398165
-37.1891834713
-34.3238045490
-34.7211219643
-32.7602530721
-36.1719925944
-29.4439901464
-24.9463924313
-26.2296172485
-30.0145452301
-25.1360182275
-27.2379301909
-30.8437287878
-35.5684218086
-33.7436035885
-34.4848354769
-38.1771192542
-33.8484015973
-34.7718736077
-33.1579783033
-26.6932214625
-27.1106180141
-24.9740939857
-26.3162988486
-28.0877676550
-28.5538276724
-31.0966274327
-31.2710327440
-34.5792638389
-32.8340509286
-34.5658118058
-38.6254756511
-34.0614062573
-34.4289482037
-24.5789720498
-24.6680991339
-27.1674710524
-26.1088220113
-27.7792846393
-26.1265099405
-28.0144811394
