-19.9714372910
-20.0344279987
-21.2620181861
-20.5430075380
-20.9272239241
-19.2832882754
-19.0087349853
-22.2042465431
-25.4692084463
-28.8226316016
-32.6301342442
-29.9787434128
-29.5728855689
-31.9065487943
-26.5187720723
-20.9378175244
-22.1934199322
-22.4862126254
-25.1205828697
-25.3604554471
-21.7213594099
-22.8651457799
-27.2356297038
-28.6447075997
-29.6340081734
-32.2986581434
-30.7364386910
-30.8646143457
-32.5164502014
-18.6129255194
-17.1989044402
-19.9802094232
-21.7516527319
-24.9017408505
-25.6752806648
-27.0398818300
-27.6347674156
-29.1078094812
-28.1798670901
-27.9157521286
-30.7982370374
-30.6555892161
-30.6020088959
-19.2252480502
-17.5590130796
-17.1559202862
-19.7696902629
-20.4126931863
-22.8324380550
-27.5287330388
-30.0719316392
-28.8047805700
-30.6582236922
-28.3254135076
-29.0845794320
-32.4298527605
-30.9890628827
-19.1063674877
-20.1049648186
-18.7679872223
-17.7292434390
-19.6362779640
-21.4587771820
-23.9032097245
-28.2674950163
-31.4083494660
-28.6755006240
-29.1176056090
-29.3800971560
-28.7569507987
-31.2245635813
-18.8186987252
-18.5283916328
-21.7360387160
-18.5112072989
-18.1907997530
-21.4506730651
-25.7492714280
-29.0832964970
-31.9121401291
-31.0002610498
-27.3934656423
-29.6745248245
-29.4270155378
-28.9182652710
-18.8699682425
-20.5444587439
-22.2565348963
-24.1556902775
-20.4041126612
-20.3058924010
-23.7208025235
-27.4002156117
-30.5690202488
-33.7350942682
-28.0277648815
-26.3221361377
-28.6644086063
-26.7198562736
-18.5483295557
-19.4203577828
-23.7654049012
-23.2770274483
-22.7557208834
-21.5204551548
-23.3399650463
-27.5355852879
-28.4625813672
-30.1429409681
-31.9812088785
-29.0212495806
-28.1683452763
-30.3232068745
-18.7693685087
-18.5578072254
-22.1468433007
-26.4986594109
-26.3400881630
-27.7641107952
-23.0438167997
-23.0439682729
-25.2502162591
-27.5123410043
-29.0278234876
-28.9271551936
-25.8220064621
-28.3178142789
-32.7069057719
-29.9914601745
-28.6007615912
-31.5009641308
-30.3074867212
-30.7357823381
-32.1406189965
-29.7807753810
-29.7420840944
-31.6950859914
-28.7418675726
-30.7645454375
-32.0942598803
-27.4722554382
-26.5155485868
-29.8310829772
-29.1111883516
-28.6849368660
-31.1002613324
-32.4844247400
-30.3037091195
-31.4908275310
-28.1683051395
-25.2637187923
-27.2135829030
-29.7033306662
-31.7269988231
-29.9529294176
-30.4332169014
-29.7962016624
-30.2551880314
-29.3217967698
-29.2286098861
-31.4730269744
-33.9164993875
-29.4571431350
-29.5956754815
-28.7947242255
-26.0020626752
-28.3899473180
-27.6968505804
-29.4459643868
-32.9037048217
-30.9580018842
-28.5639953484
-30.5654200087
-29.0858429479
-28.2728261331
-30.6402121189
-32.5651240400
-28.8465283758
-29.7073943690
-25.6247788549
-25.8519826045
-25.1332413436
-27.9676248846
-33.1388339555
-30.1390313153
-28.6241236897
-31.4927797592
-30.4225184452
-30.6817372618
-32.1203755581
-29.6541881804
-30.9249019112
-26.3697354713
-26.3129057381
-28.0136590793
-29.7420840942
-27.1042551208
-26.4155405185
-30.0831854528
-29.2231091892
-28.7204693670
-31.1052441936
-32.4345909543
-30.2362353028
-31.4773599543
-28.1498792970
-29.6726489736
-30.9517775187
-32.1010681066
-28.8250317746
-28.1115155415
-29.6903744459
-29.5193803550
-32.3252476220
-30.3036417941
-29.4586629861
-31.5438188123
-33.9019365930
-29.3665014063
-29.5563058289
-28.7606623743
-30.9466315301
-26.5301838749
-27.6790759040
-29.9567743402
-32.2401156791
-30.8024444467
-28.4919814145
-31.3169102679
-29.1203514317
-28.2871921539
-30.6203130398
-32.5190587937
-28.9549175844
-29.7321352006
-25.6010115486
-27.1857480133
-26.2188592379
-28.4503255137
-27.7352091638
