-28.0583339477
-28.7501762312
-28.5044987679
-28.4524745361
-28.1810205687
-27.4086420766
-27.2364854377
-28.2025365864
-29.1167822605
-29.0097795534
-28.5566679934
-28.4601928578
-28.1762979190
-27.4078446116
-27.2298118467
-27.9175528992
-28.3319369300
-28.4033229903
-28.1379794683
-27.3840449421
-27.2173410994
-28.2597987133
-29.4482933555
-29.2507550761
-28.6110742633
-28.4707476172
-28.1623060337
-27.3963927036
-27.2253960137
-28.3572176034
-29.0319558108
-28.4925808098
-28.4709003786
-28.2093435213
-27.4374504990
-27.7969013671
-28.8495085173
-29.2177780889
-29.1313644766
-28.5126637220
-28.4823263945
-28.2162488429
-27.4366219640
-27.8657824049
-28.8643172862
-28.5524101006
-28.4766716429
-28.1928440228
-27.4161429077
-27.7818919370
-28.8385977469
-29.1612551717
-29.3897858390
-28.7200641618
-28.5169643368
-28.2055154305
-27.4234275432
-27.8576006214
-28.8499318470
-29.1702667844
-27.7187743940
-26.6708082984
-26.5214752072
-27.5654526892
-29.0801817264
-29.0996846640
-27.4101955777
-27.7806827939
-27.2133990836
-26.5662704742
-26.4943471562
-27.5448325235
-29.0621675629
-29.1021288422
-27.4102162911
-26.6905054252
-26.5252346852
-27.5417824786
-29.0509098435
-29.0801933779
-27.3986543433
-27.3939148656
-28.5497186562
-27.6476032357
-26.7279901643
-27.6085895904
-29.0725850961
-29.0873317248
-27.3977869706
-27.4023982878
-27.7612575319
-27.6668498468
-28.0838903710
-28.5500552483
-28.7602131562
-27.8592900563
-26.7881780588
-27.3983565897
-27.8242261953
-27.9115201291
-28.1362939174
-28.5771431652
-28.7670770510
-27.8665500946
-26.7921161896
-27.0036942702
-27.8814883230
-28.4780128334
-28.7236682890
-27.8459532313
-26.7857002211
-26.9631232389
-28.0616804536
-28.3888352781
-28.2347847248
-28.5839656333
-28.7573249349
-27.8633045675
-26.7942897995
-26.9701114144
-28.2789106877
-28.7628346927
-28.4817567760
-28.4584386937
-28.2109332726
-27.4362866665
-27.2473884412
-28.2958658792
-29.1830223397
-29.0178305834
-28.5649818245
-28.4755337016
-28.1969776356
-27.4335447333
-27.2462712134
-27.9054278064
-28.3417330620
-28.4086903437
-28.1523700862
-27.3887792432
-27.2209050948
-28.3512871048
-29.1776394516
-29.0277471118
-28.5656226446
-28.4702414341
-28.1793492582
-27.4028785796
-27.2396299871
-28.2646935429
-29.0127609849
-28.4833581794
-28.4682154073
-28.2090198748
-27.4383450579
-27.8643480035
-28.8521598294
-29.1581274524
-29.0826660370
-28.5094091329
-28.4805010282
-28.2167537315
-27.4523706029
-27.8010181506
-28.8444052595
-28.5475929462
-28.4831510457
-28.1950577649
-27.4192343791
-27.8449680510
-28.8564979870
-29.1729582286
-29.0631514488
-28.5005891187
-28.4767829773
-28.2089719751
-27.4325129479
-27.7998582015
-28.8469387642
-29.1709982255
-27.7175005214
-26.6752396664
-26.5220590655
-27.5545820506
-29.0802801149
-29.1058818469
-27.4141751352
-27.5146311284
-27.0107419967
-26.5287624321
-26.4878923501
-27.5496600344
-29.0757296453
-29.1032175890
-27.4072918211
-26.6941833442
-26.5238818427
-27.5432686635
-29.0677964226
-29.0974243169
-27.4036605074
-27.4076776095
-26.9637045077
-26.5283222729
-26.4810918895
-27.5405966378
-29.0623345645
-29.0973518201
-27.3999929453
-27.3990401315
-27.7476151846
-27.8997898854
-28.1383108824
-28.5908385902
-28.7696403312
-27.8648710166
-26.7915608121
-26.9529918087
-27.4516741162
-27.5959557275
-28.0622345364
-28.5623007370
-28.7601070002
-27.8685942460
-26.7954316245
-27.2106079567
-27.9525416757
-28.5072407009
-28.7397742331
-27.8607309306
-26.7875424171
-26.9672024795
-27.4282330472
-27.6633945967
-28.0716086335
-28.5429842197
-28.7456296454
-27.8592434512
-26.7912462278
-26.9676788872
