-33.4796673180
-36.5564431013
-35.5600963369
-30.9109255628
-32.2388897090
-34.1845731480
-32.6193490580
-28.4911036844
-31.0880417346
-33.3107200037
-36.3184167056
-33.1914692343
-29.6316468522
-30.4130886821
-34.6606168972
-31.6871217000
-35.0784353716
-36.9483064011
-30.8297032419
-32.6319117150
-35.3577979044
-35.5020108675
-31.6871372308
-33.1385400948
-35.9059461907
-36.6086938712
-33.8947451751
-31.6688563881
-33.5403588013
-33.1617921488
-37.3293391848
-38.1211595047
-38.2904822223
-31.4232928665
-31.4136857517
-34.0450180972
-35.5534253393
-31.4674628437
-32.5317004223
-34.8923425683
-35.2884314193
-35.0385867403
-34.5795719635
-36.2324134888
-35.2300002943
-34.0879556262
-37.3931014091
-40.4099024901
-35.1433148243
-35.3279331079
-36.4031861765
-36.2565873017
-32.0829231871
-32.0590225478
-34.9244392323
-34.3014807117
-33.7987620019
-34.5822996531
-38.6243920789
-40.4190500541
-31.7042956629
-31.9379735945
-32.1463967310
-32.8643468299
-33.7554024400
-36.2908899237
-36.4113537038
-29.9736893951
-30.4834999148
-34.2632502877
-35.2435455365
-31.0071573088
-33.0720501673
-36.4600236594
-34.8698141914
-34.3643535583
-36.1932082660
-34.3708679139
-34.1113293668
-35.5427993635
-36.2017978261
-34.5170939470
-29.1311521589
-29.2720730204
-33.1967744383
-33.8253139541
-30.4353956885
-32.4936175845
-36.4500527552
-30.6572501636
-31.8825368305
-32.8993601919
-32.1596895405
-32.3637991154
-35.7914543124
-37.3205631867
-34.5083438482
-28.7089138850
-29.8186044776
-31.5272662361
-35.0136607837
-29.5605430118
-31.4468983453
-32.2194761036
-34.3867809607
-36.1124623650
-34.7061474770
-33.4197111775
-33.5185786931
-34.8712058482
-36.4541915379
-35.5273316639
-28.6442208341
-28.4464184579
-32.2338265813
-35.2536886226
-31.4042650443
-30.7799782055
-33.8449528140
-34.9091644095
-33.9808169800
-32.1272303707
-28.7053162342
-29.2243947150
-30.4599099686
-33.6058518819
-30.0122758178
-23.2723734113
-25.6358307372
-29.5254765616
-30.3938252449
-29.8254476607
-28.4947142857
-28.2093189214
-30.8625909018
-30.9246054440
-30.8164233649
-29.4022967084
-31.8865810914
-32.9797371406
-34.7759437710
-29.6932199475
-26.3561966924
-27.7095698844
-30.4346707218
-29.6877529100
-29.4058503512
-27.3603345925
-27.5258279934
-28.7507639694
-31.7902975938
-31.8116427126
-28.4612323978
-28.9249647440
-30.4569117091
-29.2160692344
-29.5343535421
-26.0333178646
-27.9710956769
-31.1756981401
-32.0249684619
-28.9996015118
-28.1266272302
-29.5532052880
-32.0933096493
-31.6805076485
-31.9748757582
-30.1832168140
-27.7336970760
-30.1252776283
-32.6400235946
-29.8081222143
-26.9679701656
-28.5961243730
-31.1722221855
-33.7619815202
-30.4959395818
-28.9998902023
-31.2842426798
-32.9851096730
-32.5236558618
-33.6431579548
-30.7433310390
-27.8748328511
-30.0419063031
-32.6226813208
-29.7490062405
-24.8364691219
-27.0940006975
-31.2667994414
-32.1411057191
-31.3348143986
-31.1715412109
-33.5950070996
-34.7396125275
-33.6795876076
-29.2720574785
-24.9880172579
-25.8486231525
-27.6484537772
-30.8496346880
-27.9608192517
-24.4080374835
-25.8200490431
-29.1898305602
-31.2237350504
-31.8373337802
-28.9171765153
-30.2392723837
-30.6291472974
-29.9497201316
-27.8668983349
-30.1342206346
-32.7098380145
-29.8587690023
-33.2392860367
-32.2152673834
-33.7193365693
-32.9729405190
-31.6598098170
-31.4181416912
-33.8379827191
-34.9230592046
-31.7843179076
-32.5707011095
-25.9534626126
-26.2324109648
-27.9206560203
-31.0464932991
-28.0764969836
-31.7183354353
-29.7935412867
-30.8409467246
-31.8435400288
-32.1986397362
-29.0995539002
-30.3864370247
-30.7765113026
-30.8230516677
-33.0630372562
