-30.6657322907
-31.1154766064
-31.3408627098
-31.6712086522
-31.1457763888
-30.3508255761
-30.4044058969
-32.2938202778
-32.4983661329
-31.5945186814
-31.4535602915
-31.7036108410
-31.1445776024
-30.3320217159
-30.3948932799
-30.9837745035
-31.2842038655
-31.6351880958
-31.1226900393
-30.3131026377
-30.3708269281
-32.1193839025
-34.6819232047
-33.1702004861
-31.7893421980
-31.7839088219
-31.1613877998
-30.3270323819
-30.3779134913
-32.1503982947
-31.5475653443
-29.9971045752
-29.3577254177
-29.8204402030
-29.6446509704
-30.0254508275
-30.5513025571
-32.0154687955
-31.3967719858
-29.9709073348
-29.3562923110
-29.8183792222
-29.6467391375
-30.1174648154
-30.5689050413
-29.9609636205
-29.3535374321
-29.8180892349
-29.6371177749
-30.0092154257
-30.5365002620
-31.9315977585
-33.9070489235
-31.4260140883
-29.6231414250
-29.8891412884
-29.6558957437
-30.1116262331
-30.5747915233
-31.9366893646
-28.7445797232
-27.5039197238
-28.1524749479
-29.6019438726
-30.8532414106
-30.1140988923
-28.4770263576
-29.6532987983
-28.0265518567
-27.3714110768
-28.1089354317
-29.5733671828
-30.8446725468
-30.1091367445
-28.4720564421
-27.9623365137
-28.2394335833
-29.6150217796
-30.8466882170
-30.1132056280
-28.4618939421
-29.6238741561
-32.3610416502
-30.1387115546
-28.6734551833
-29.7486567065
-30.9002167536
-30.1170440752
-28.4715308401
-29.6266329185
-26.1722994411
-26.1526087930
-28.8308302293
-30.1639572795
-29.6700093189
-28.5803705682
-26.2340253132
-27.2553307202
-25.6599307519
-26.1179449561
-28.8183543043
-30.1564111383
-29.6712806023
-28.5826270315
-26.2376902864
-26.7435083637
-29.0656512924
-30.2402239241
-29.6749326291
-28.5684759123
-26.2224141706
-27.3201299286
-30.1867756499
-30.3805829258
-30.1745418141
-30.5815751536
-29.7598652330
-28.5821532130
-26.2328873720
-27.3322019434
-30.0281060234
-30.9316182279
-31.2827837048
-31.6522999314
-31.1358559775
-30.3348633320
-30.3974669166
-32.1564504839
-32.3705685069
-31.5682010459
-31.4493930196
-31.7015019607
-31.1424130548
-30.3441895288
-30.3966409708
-30.8520335617
-31.2306572054
-31.6217308761
-31.1137806994
-30.3124372206
-30.3621700323
-32.1461792399
-32.3671572737
-31.5798562022
-31.4368510720
-31.6895645847
-31.1336603599
-30.3203212487
-30.3733785569
-32.1222824801
-31.5316898382
-30.0001960464
-29.3576309129
-29.8195793034
-29.6467533779
-30.1159747471
-30.5648439254
-31.9303704914
-31.3207590835
-29.9552117751
-29.3519450914
-29.8189436616
-29.6416889578
-30.0264994421
-30.5367643576
-29.9563924376
-29.3506647459
-29.8124163595
-29.6310578182
-30.1043157064
-30.5618482536
-31.9387373994
-31.3160403184
-29.8686117452
-29.3266683010
-29.8044909045
-29.6364899007
-30.0167628616
-30.5341402320
-31.9310825134
-28.7761961012
-27.5151230712
-28.1591330036
-29.5911586772
-30.8531857434
-30.1120676869
-28.4707929261
-29.5955227238
-27.9662370956
-27.3580069331
-28.1111504684
-29.5916299064
-30.8436006296
-30.1114424020
-28.4758832381
-27.9480662922
-28.2395915228
-29.6078303548
-30.8528051352
-30.1061371890
-28.4627082367
-29.6238909856
-27.9412256943
-27.3543613788
-28.1006436085
-29.5658365764
-30.8390786412
-30.1072272303
-28.4646656507
-29.6169714239
-26.1778079047
-26.2762456471
-28.8799649449
-30.1772837468
-29.6747475034
-28.5834322640
-26.2394004346
-27.3211552408
-25.6797845243
-26.0094042696
-28.7685464039
-30.1400786425
-29.6678667792
-28.5764376160
-26.2296133639
-26.8498935616
-29.1068955062
-30.2582277301
-29.6913026681
-28.5654297515
-26.2206121069
-27.3238039637
-25.6381765272
-26.0567045612
-28.7842769180
-30.1422807332
-29.6630043145
-28.5663760938
-26.2197667422
-27.3142007245
