-20.5492215545
-18.3418365617
-21.1440075747
-22.9974291930
-20.1282026585
-21.6620181631
-23.3107824901
-18.2790517077
-21.6281310629
-24.0156290009
-23.6624128118
-24.9480054866
-24.0166141816
-24.0526722916
-22.4708795466
-20.9281456756
-19.2773888477
-19.9619479949
-21.0685099035
-20.1433946309
-20.2479635479
-23.6694553544
-18.2008845781
-21.2514996649
-24.6191081070
-24.7084617399
-26.1815803388
-24.5761899875
-23.4803020806
-20.4787403882
-18.0432065425
-19.7103529028
-21.0220627316
-20.6848191173
-21.9583204830
-23.2783052056
-26.9168003511
-19.5365003073
-22.4081658949
-24.9676314095
-24.5891164299
-26.5092569003
-24.9472041319
-19.6800297990
-18.8325068230
-18.5998269242
-18.5296849381
-19.9109891913
-21.4655685822
-21.1807841939
-22.7117463735
-25.9240599733
-17.7616080939
-20.7782131497
-23.8539054136
-22.8438912630
-24.5086307165
-23.0655878542
-19.7639008766
-17.8564896348
-18.3572550879
-20.3995207671
-19.4366035545
-22.0884095674
-21.7607536714
-22.9165175511
-25.1418024388
-20.7857592986
-23.4484565467
-24.6141148907
-23.2563580844
-22.9805516729
-21.6721224077
-21.1456012210
-19.7150315394
-17.9948045443
-20.3130682900
-21.6125572023
-24.4340936222
-23.2870151810
-23.3997347989
-25.8566094469
-19.4209261089
-22.3444127003
-24.3681603482
-19.9856583379
-20.8851783557
-23.2525429335
-19.2952295392
-18.1402772243
-19.1297011369
-20.6028705068
-21.3649300298
-23.7426473810
-22.9142779170
-24.3440758660
-27.6698222078
-18.7053512448
-21.8479505181
-23.5577998874
-19.5656220280
-19.8687662597
-21.8690522791
-21.0978478176
-17.9341311611
-19.8220769978
-21.6446279892
-22.3701943937
-24.6936697979
-24.9127720311
-25.2119301670
-27.1331243879
-19.5340134070
-20.8902350075
-21.0686600732
-20.3186013570
-21.4115791542
-19.7557682884
-21.8251541586
-21.4094197783
-22.1881768614
-22.0415002399
-21.8388223988
-24.2282350026
-24.7424873461
-23.7419055796
-25.7184447486
-17.9295094804
-20.6388431674
-22.1946692091
-20.5147389496
-23.0313356950
-21.4833264169
-21.3618890475
-22.6477096701
-23.7318142859
-24.3000664151
-23.7576917691
-25.8440830395
-25.2822300783
-24.0900715875
-25.4265751320
-17.5922192237
-20.7523369578
-22.5068612723
-21.6776943104
-24.5047171799
-22.3790260579
-22.1783341216
-23.3159737807
-23.4990088522
-24.7473990078
-23.5206595095
-25.0339776570
-24.9197822100
-23.2597110612
-25.3892884660
-18.2548947234
-21.2508303645
-22.8319590653
-22.1768116886
-24.0110241603
-22.6761232462
-22.6203317564
-23.4635540198
-24.7117577550
-24.9187750274
-21.7771819692
-24.7083568723
-22.9870129517
-23.9960574450
-26.0687597458
-17.0996044741
-19.8171886349
-22.2080681789
-22.3334773371
-24.6561060858
-22.8326814423
-23.2618005256
-23.2299575911
-24.1102282971
-23.8130897011
-22.5299515160
-23.8510107201
-22.9635006759
-23.7353523863
-25.9952168989
-20.6698316785
-22.9678763712
-24.2870532317
-23.9146939998
-26.3771133186
-24.0138709495
-24.3802763785
-25.8326622008
-21.0852747906
-22.2880425403
-21.8720958593
-23.9944107351
-22.8068376158
-22.6624990149
-25.0038733432
-18.5628548256
-21.5854369038
-23.6753496120
-24.6173397003
-27.0755735676
-23.9107481005
-23.7791637722
-23.7885080997
-21.6298567581
-22.0784192513
-21.7682648589
-24.2601219545
-21.2955725664
-21.9837668668
-24.9300922922
-17.7201839172
-20.7348095565
-21.8564870308
-22.6208262831
-25.3476558689
-21.4013273208
-22.2863686397
-20.4463304222
-20.2701501685
-20.7507627545
-21.3476356499
-23.3995639160
-22.6486456550
-22.7584330359
-25.4324175974
-19.0954528514
-21.5697983030
-23.7874413572
-23.1953507033
-25.8011286666
-24.0439972692
-24.1128834958
-21.9059130418
