-23.2089244453
-23.3358754557
-21.7323491402
-18.8530272997
-22.6544660867
-26.2265490740
-23.8651928971
-26.6164900163
-26.8035111122
-29.7888199233
-27.7734007254
-24.0829863043
-25.2425975952
-28.8347010236
-27.2402811345
-27.6268354705
-24.6499296102
-25.1791797235
-19.8055839595
-23.2724963734
-25.1159961594
-26.1301127617
-29.2586157626
-29.3056053613
-33.1176532238
-28.5537072377
-24.5544758688
-26.5208162310
-28.4359413601
-27.3928299896
-26.1422650295
-26.1277307254
-28.6278624399
-18.4767441069
-20.2180003384
-25.0936697113
-26.4910666668
-28.8566364755
-26.4156091058
-29.1548793060
-27.2470272397
-22.9061737957
-24.4482783816
-23.0583161709
-26.4085704634
-20.3965043704
-23.6420890829
-26.2518517311
-19.4307183357
-21.2465038328
-26.0198101250
-25.9226721649
-25.3547993236
-24.4447143590
-27.6819666794
-24.5790885501
-21.0847310439
-20.5305315955
-21.5766635029
-23.6740433724
-22.2434155539
-23.6043182546
-21.4713825564
-21.8597325407
-24.5545134153
-28.6775693539
-26.5538631384
-25.6125915998
-26.1757300712
-29.6001301352
-26.1290097613
-19.6369925649
-22.2154524800
-25.6199578093
-19.9896689575
-20.7838821465
-21.2504665968
-24.3031229236
-24.1255419503
-25.9628082224
-30.1220385715
-27.9011699020
-29.5462287419
-27.4736095571
-30.3329822834
-27.8368341521
-18.8077348997
-21.9938892222
-27.1756023358
-23.1042623199
-25.1287025210
-28.2926811945
-28.9894882040
-24.5221565403
-24.5135591920
-28.4920150512
-27.4734995343
-28.9561953130
-26.8562020577
-25.0301417971
-29.1118705882
-18.0284016402
-20.9682428795
-23.3379247822
-22.9940839794
-25.4211857610
-29.4249014656
-29.8812831330
-24.6148255898
-25.3799311736
-29.7470254990
-27.6536165698
-28.9884719017
-23.1328403132
-23.2386339073
-22.4731839091
-19.2179116480
-19.5743889564
-20.6415462717
-23.9377842376
-27.2343856125
-23.3048519895
-22.0147890408
-22.7380963845
-21.5683393133
-21.9186724849
-25.2058236028
-28.8415726910
-26.9229120943
-29.3763545007
-27.7759510670
-23.5466470223
-26.1211839976
-26.8648460298
-29.0724051366
-29.5099790786
-25.0982693912
-23.8465107394
-25.4031690184
-21.7524993887
-22.1686739219
-24.0932135496
-28.9535802675
-27.5354713707
-29.3456689355
-28.5345240970
-24.3950929172
-26.4562992620
-27.8519808222
-27.6088355621
-29.5418478990
-27.1992104203
-24.4053525172
-28.1224987937
-23.2666008491
-26.0454714314
-27.6716890067
-31.5796956610
-26.9300193722
-28.6590179554
-28.5454918295
-23.9368417789
-26.3238281518
-22.7190206548
-25.4873313527
-25.4616182901
-22.4925806945
-22.2251230604
-24.0693180764
-25.9762434424
-30.5531408537
-27.3632202249
-28.9191714654
-27.1576736172
-30.0192847052
-28.0733770310
-24.6216183031
-21.8976898264
-22.6046853905
-26.1701284225
-29.2828180749
-25.0314466875
-24.5065230532
-25.9435018632
-29.1364181333
-33.3561504066
-32.7807493488
-33.2285321008
-34.0628923765
-37.0946606618
-35.6769095260
-26.5928275432
-25.4385448208
-26.2710970357
-26.7980828966
-22.8096779401
-24.7214567949
-26.0123766365
-23.6333195724
-25.0339064501
-28.2417055730
-27.1059070097
-30.7135957081
-27.6891115442
-30.6197265910
-21.8155198436
-23.0313991322
-22.7640787306
-21.3026876183
-24.5029254622
-22.5991549159
-24.8955993401
-27.6320358357
-23.5544249008
-24.1214653013
-28.0638773489
-27.4120118803
-30.6602160510
-28.5838180419
-22.3008149254
-20.3102435072
-24.2272912392
-22.5214396095
-21.1015606915
-21.1770622591
-23.6978326859
-25.2809458510
-27.0854849157
-22.4107227015
-23.8869082901
-28.5045712496
-27.1096548382
-30.4652099889
-27.2902845445
-23.5747058944
-21.6474825518
-23.1880116991
-22.6239009322
-24.8774570126
-22.9642528306
