-28.8594781233
-29.1139963110
-28.7919874733
-26.0153813765
-23.8165294178
-26.2265788523
-28.2099688055
-27.1814525837
-29.9342614852
-28.2147626556
-26.8647541175
-26.0358889163
-29.0100190457
-29.2497737795
-32.3334151838
-31.9192551770
-28.2577558537
-29.2103562237
-25.4838774005
-21.5041498416
-21.2608440010
-25.2464930186
-25.6772121874
-28.9599017359
-28.0936308339
-24.4824748982
-25.2334591386
-29.3896654295
-29.2488610961
-26.4220030962
-24.9839328417
-24.0346335302
-23.7354973854
-22.2546681079
-26.1213082817
-26.7795172766
-30.0483507497
-27.0806871834
-30.0819012371
-28.1756635689
-26.2600374335
-25.3702761784
-28.9412428684
-25.8610369365
-27.1579092409
-26.4869214086
-24.5540849319
-24.9717481975
-22.3838289759
-24.1104056540
-24.5726971976
-28.5966409100
-25.5880902878
-28.7590337755
-25.6478134280
-24.4241512047
-24.0954260020
-24.1925639802
-25.7822769106
-27.0339836991
-25.6692621347
-23.4892489666
-24.7257975441
-26.1645487630
-27.1490193201
-25.3703447901
-28.1011018853
-24.7846157664
-28.2488076654
-26.8220275978
-25.1594774259
-25.2656503167
-29.8279358410
-27.7859064460
-28.2513890818
-27.3581363916
-24.9316742819
-27.9278047152
-27.6237181227
-28.8274500655
-26.7761461741
-28.9926923075
-26.6048543140
-29.9026230942
-28.0225891328
-24.3953130019
-25.8013461636
-28.1507518513
-27.6842089496
-29.2644880363
-25.9519026407
-26.8945528972
-30.0567655619
-27.3003654875
-27.8793652010
-26.0387771363
-29.6824308587
-25.6183460591
-28.8016152980
-28.1442892794
-24.0088376029
-23.7984349869
-26.8665885409
-24.7967952357
-25.2858613964
-28.9120447757
-30.2960982503
-30.8199601957
-28.4401073538
-27.6777567334
-26.4544376553
-29.4208766068
-25.4172994249
-25.6106924695
-22.6841781622
-25.6562282316
-23.7281337756
-24.1496419756
-24.4828309106
-23.4359197832
-26.2068428862
-29.1794195037
-28.3013445677
-26.4294262516
-26.8807357794
-27.4881749674
-29.4036340224
-28.0242060723
-30.8021829373
-27.6339181620
-26.9140144104
-27.2837002835
-30.4978749902
-29.4918199212
-31.7027473449
-28.3920083056
-28.9862659880
-27.5710297668
-24.2521563694
-26.4319222100
-24.6874337773
-27.5617747613
-26.2828143790
-29.3811354051
-26.2130944418
-26.4949763206
-26.9808577726
-29.8944969843
-30.4807942285
-30.6737406022
-31.4991711369
-30.2734546488
-33.8269334753
-27.3844954513
-27.1182884367
-27.0707680670
-30.2947220995
-26.8949089073
-30.2416621962
-26.5390893372
-28.1229091874
-26.7204000044
-28.7223400404
-30.0815517075
-30.9822365339
-30.8447709328
-29.8277351944
-32.7634364525
-26.2819638322
-25.6933038929
-26.7153744219
-30.5664116582
-26.1589341403
-28.3182427939
-26.7917329898
-28.1059332844
-28.1734239377
-29.5487273295
-30.4257108956
-30.4490535735
-27.0935579579
-28.3838588876
-32.4205809375
-29.6756601853
-26.8963471929
-27.4767398878
-31.7355391972
-27.1087939386
-29.9962773253
-28.7087896105
-29.6928717056
-28.3046004499
-29.5297331650
-30.4175511212
-31.3212587952
-30.9264062231
-29.5650313456
-30.8623073899
-28.2630041068
-26.7733641099
-24.8544625760
-28.4743815037
-27.4362555944
-31.0794896953
-28.1448757231
-26.5676996949
-24.7595331640
-28.6556131833
-29.6196576938
-25.0574394377
-27.3700957713
-28.6656022233
-32.5179143707
-27.6955029141
-25.8116950858
-25.6883495122
-29.7350221178
-26.5755681875
-29.5056551543
-29.2423389720
-26.8886871271
-26.3170458258
-30.4193751790
-29.4400714400
-31.1123255828
-32.2159250478
-30.2408492064
-32.3948277466
-26.7767727488
-24.9679097494
-26.1818975117
-30.4001208046
-26.0452384114
-27.9001109351
-26.5626391562
-26.4492230623
-23.8686028513
-26.7706234630
-28.6295751913
-29.4359585403
