-22.3655002226
-25.6139936519
-24.9546842563
-27.4594377356
-26.0886950801
-21.7544257338
-24.0477865205
-28.9040752978
-29.2436283778
-29.3348410215
-32.3337453045
-28.4081414359
-29.5336156284
-32.6078129942
-27.0471832931
-22.6227293316
-25.3750506052
-24.5024684874
-27.7835761844
-26.0132569602
-22.3574271852
-23.9971669085
-28.9408506028
-28.9400233758
-27.5535036607
-30.5707070943
-29.7537780872
-29.9225053560
-32.1876098672
-23.8611253125
-20.4379751606
-24.0062730145
-23.8405064485
-27.5688742691
-27.3841368569
-28.0267577009
-28.2735614584
-32.3465306251
-29.8860925345
-29.5724156645
-33.6264228566
-30.4553478469
-30.6200670748
-30.5759941910
-23.1666083031
-20.9934018888
-24.0069008979
-22.6660824375
-26.2987934454
-31.1112199991
-29.5846792755
-27.1949551153
-31.0841618543
-25.6564276022
-26.8596948726
-31.0978961204
-30.4891676106
-24.9311409091
-26.8593582786
-20.7182336791
-19.8789663066
-22.8225357672
-21.8289809583
-24.8705542741
-29.8340980734
-29.6863094497
-27.2788637088
-29.6189961482
-27.2150885147
-27.3705851300
-31.6812468565
-30.1321143471
-25.0593502469
-28.4093285598
-21.7437699897
-21.3789542860
-23.6822419918
-26.3858543669
-29.7913353180
-33.5721602974
-28.9477015642
-25.7249383982
-29.6872583657
-25.7779141514
-26.5340275121
-25.3297634001
-28.8252906874
-24.2128074198
-26.9484283843
-21.4795863579
-21.6905249566
-25.3693440670
-27.1824830746
-28.9458774927
-33.3020618030
-29.9795215073
-26.2917509064
-29.6063273313
-26.1420009539
-21.3393813692
-22.8474410206
-26.9985469860
-22.8617436082
-25.1618322714
-23.3138661943
-26.2943892646
-28.7690901306
-28.4379130312
-28.3164575637
-31.4493464066
-29.3009746515
-24.7063360283
-28.2159225931
-25.7802651209
-23.0963420520
-25.2181441822
-28.6636150301
-24.8683366524
-25.8906156429
-24.8657332428
-27.1389720350
-26.3740710461
-26.9215307772
-23.5253718031
-24.5366339107
-28.5096136674
-24.5131462315
-27.5123047457
-26.4330083709
-27.9775297720
-31.4930619836
-30.5535771437
-29.3194367433
-31.9155837299
-31.0810988743
-28.8011997460
-27.1740760328
-23.1705580892
-23.3572788501
-27.3192832639
-32.5436287258
-28.4409164696
-31.2573903962
-27.6897251786
-28.9658180018
-31.9291807662
-31.8605871400
-29.2546388320
-31.2435422141
-32.2711870369
-25.9143285698
-23.9165362009
-24.5066318777
-24.5727593384
-26.7017709101
-28.9409826640
-27.9049992982
-31.3808343312
-27.0212734500
-28.0538404382
-31.2758589615
-31.2713175574
-28.2451284641
-26.4297369521
-25.4555169065
-22.6463490590
-23.0275593937
-26.3429957974
-26.1825266814
-29.7400800645
-29.0739806575
-27.5190417811
-30.7060094456
-28.3019879760
-27.8861423599
-31.1002587436
-29.8502454536
-30.3877031444
-27.5318063986
-27.2293082509
-25.2474419619
-27.4794740510
-26.8082350792
-26.7409412025
-30.8064615378
-29.9815915509
-24.9652519597
-27.4830419197
-27.2879931308
-26.5513426020
-30.7668808666
-28.6637017700
-24.8481126303
-28.3259157972
-26.7024117299
-28.0539685961
-31.9402896058
-30.6844999068
-27.9463587297
-31.1773137817
-29.7891202836
-26.5711743640
-30.3005244263
-27.1862917440
-26.9808098726
-30.2884744271
-28.2277836007
-30.4757298056
-28.8727243256
-23.7534998970
-25.6453653659
-29.9717992877
-29.7899306946
-28.5200363883
-31.1377680757
-28.3474421852
-26.1905000353
-29.7814666800
-25.9856758012
-28.9550768090
-29.7379582501
-25.4798654778
-25.9972222186
-26.8686624705
-26.6308431310
-25.1658234856
-28.2179667505
-30.2761292626
-28.2604330603
-31.4402687675
-29.3686672562
-26.0395849570
-29.4735636602
-25.4100212609
-28.7076361220
-30.0317891205
-24.8395631811
-23.4710820393
-24.7969868360
-25.3067521328
