-28.4404206392
-27.0021485335
-28.0381604093
-24.0736782400
-25.5069728086
-29.7641256963
-27.3396238018
-30.0821187119
-29.6927797805
-31.4715576161
-30.3750045458
-25.8021254959
-27.6526689366
-29.3666075683
-28.7344211108
-26.1782299425
-26.7142999133
-28.2329451079
-24.8670019274
-25.9204843208
-30.1071352949
-30.0164987604
-32.6604650797
-31.4058366637
-32.3728845172
-30.2262035525
-26.7125781062
-28.6824137026
-30.4292930132
-27.6399289266
-30.6224465094
-35.2587310173
-40.1113749826
-32.4276234772
-32.4845477165
-36.1118914498
-37.6909544802
-40.3375649443
-39.4989428426
-40.2594690975
-37.8432650580
-35.2456738342
-36.7063664619
-36.3588906346
-35.0635670607
-34.1235865045
-37.3073156901
-41.4242554933
-34.2185676575
-35.2077334094
-39.2099538209
-39.6957729240
-41.6514707539
-39.2276029024
-40.2497079250
-38.6737895848
-35.2370933172
-35.3638099542
-36.4359702622
-35.5709151846
-29.4785374586
-28.1550783578
-30.4208950283
-27.5083963943
-28.3485361040
-31.5789629284
-30.7850659226
-29.9416613249
-30.4440914189
-31.8128324539
-30.2073543813
-23.9404640293
-26.7485158074
-29.1270535033
-27.3064694566
-27.3429262903
-27.2749385238
-29.8559778712
-28.9165253416
-30.6681324506
-33.0892280281
-30.8373231781
-33.7233562490
-32.6313097285
-34.3425592066
-28.9533187689
-24.7435139456
-27.5966936222
-29.6828205403
-27.5537405672
-27.3983151535
-28.2927847606
-30.9899082430
-28.9623070784
-30.1803273082
-32.9406859564
-30.8111388808
-33.5633066109
-30.9946917327
-31.9793809133
-29.2502398159
-23.6266019620
-26.5073939732
-28.5202020931
-28.1572506678
-28.4938870381
-29.5180145723
-31.6400078314
-28.2800796884
-28.4264637062
-31.6736916576
-29.8688292278
-32.4113815955
-27.6319995829
-30.3997246600
-27.6589735747
-23.7552398163
-26.1906605483
-27.2122494906
-27.1972711263
-29.1663351202
-30.4163134942
-33.6190191227
-29.2154258183
-31.0491420157
-34.7200836920
-32.1305289918
-32.9844041166
-30.2082165778
-32.2672320727
-31.8469512614
-27.5545147297
-30.4626855518
-28.2362670212
-28.2967953901
-30.6463497493
-31.1863564742
-32.3696584072
-30.9821057745
-31.3241068773
-33.5312915184
-29.7591907510
-32.7606802754
-30.1480196280
-32.6612664446
-31.6371584506
-29.1536688935
-31.8708324799
-29.6492247374
-30.3666480004
-32.4590236662
-32.0397591114
-32.5615237965
-31.0467638683
-31.9398390867
-33.3908535637
-30.3872306213
-32.0938973916
-30.5027426377
-32.6734174293
-34.7464388794
-29.2294500663
-31.2666997595
-30.8991616636
-32.0110503724
-32.6159080493
-31.4257642341
-31.9105413221
-29.2544757105
-29.9387925290
-33.2713322253
-29.6009832878
-31.8017080749
-31.4297140177
-32.8205250959
-34.9943986429
-29.2308624592
-31.1525949613
-31.7670830883
-32.6079049173
-32.9649943969
-32.1383211074
-31.8343950782
-26.4636978242
-28.9621478403
-32.4411894490
-30.3518832484
-29.9544453660
-30.7956155074
-32.9404542290
-32.6700230255
-29.0079218155
-31.6249013042
-32.7198723522
-33.2922553257
-32.3566517080
-30.4020691673
-29.8116266598
-26.6698671279
-29.0234387176
-32.7042674053
-29.7229022136
-32.1064004999
-30.3612612285
-32.2476294553
-32.5448883643
-30.8840784379
-31.6155997117
-30.9410208037
-32.1610812145
-32.4050782788
-26.4765698929
-28.9616869674
-32.4132121554
-30.3067280923
-33.7434365697
-31.9728367876
-33.3677050762
-32.7253588003
-28.9587443789
-31.5771103735
-32.6645365772
-33.2261563657
-36.4559819589
-35.5713372226
-31.6804960057
-26.8819941130
-29.1054895756
-32.7593688601
-29.7590470524
-33.4336279601
-30.8160997352
-32.3670278099
-32.3469876235
-30.8550033342
-31.6097960833
-30.9568626509
-32.2029727170
-36.7065826645
-34.5067087913
