-25.8297675067
-29.0687349882
-28.8588347133
-26.9826999684
-23.2200527105
-22.7772912797
-22.7463571415
-26.4129604029
-29.0443670046
-33.2083765158
-34.8890426748
-31.4065888308
-34.1300827355
-33.8084390331
-33.2874524156
-26.8745864936
-27.5729638788
-28.2969675737
-25.5246361517
-24.1247419063
-23.8930498187
-27.1954949513
-31.7040328679
-31.6822670021
-34.9658038307
-33.8130438718
-32.1954693044
-35.1256592732
-33.0771469570
-27.0265696017
-23.8871672169
-25.3621837176
-26.0151069262
-24.3393221501
-23.0783473054
-27.1007700836
-30.0178878564
-33.0276860098
-33.0100058547
-35.7814950777
-33.2694175382
-31.9080013459
-34.7082227088
-32.7423528345
-26.5993432589
-23.7384658706
-24.5557303520
-25.5213388427
-28.2799903693
-30.9131302449
-34.6030143156
-31.9325337433
-33.9540708619
-32.8121504255
-35.7446252745
-32.3435479071
-31.3492166705
-27.9630498282
-28.2925815153
-24.4287094395
-26.3800144892
-23.0020353290
-24.0507951429
-27.3238531581
-31.0741870800
-35.0907857219
-33.5633532351
-34.6642171545
-33.2657422102
-35.7955957033
-33.3371515594
-26.7981062348
-27.1010121858
-26.7519516563
-23.6006701156
-22.9412687495
-24.1941537320
-28.4742805279
-30.6237890096
-32.0104781686
-35.4173488443
-33.5594992547
-35.3061866601
-32.9932267258
-35.6452852447
-23.4297342383
-23.0845185972
-23.8839475826
-23.8303724283
-25.9467747854
-21.0310122076
-24.2613945247
-29.3048312162
-30.7139802183
-31.4429912911
-34.2929014879
-33.3098888809
-35.5285433989
-33.4425347212
-23.6274421522
-22.2193763924
-22.6029325211
-23.6785342980
-22.0429631226
-22.4370623653
-26.6486449698
-29.9072085278
-33.1746279663
-32.8339874995
-32.7456993379
-35.8526027822
-33.2826520873
-34.2877438600
-23.5289073129
-22.3955799379
-21.7371999705
-24.3468152125
-24.9057980965
-25.1314444584
-20.6706887049
-22.4293660471
-26.9825717921
-29.1888622153
-25.0120732569
-25.1040626671
-25.6898382863
-24.7007964974
-28.1700502363
-30.8921760793
-34.6574904803
-34.1739018777
-31.9466499087
-34.0167624714
-30.9405107361
-33.6033287452
-28.6129617659
-31.4497308978
-32.6822270926
-27.1593022137
-26.8810374216
-25.9530548251
-27.9649179123
-32.0039042571
-30.4371433826
-33.3582468311
-33.8017486143
-31.5092870327
-32.2661459221
-30.9490058102
-25.6954412511
-25.6813716931
-27.6408675020
-26.8938913658
-24.4229977276
-25.5820018525
-29.9157514886
-31.2488616708
-33.2651531731
-30.9820281050
-33.7253978234
-33.7848309676
-31.1024880263
-33.4135826087
-33.4715127356
-28.2666160009
-24.9285374999
-24.6705808562
-25.4663966079
-26.5037238427
-29.8168749058
-34.1768690622
-32.6042956150
-34.3876858739
-33.4500394402
-36.1733104853
-34.3793733459
-32.2328944851
-29.6024759483
-32.3256010626
-27.8702603752
-26.2396528728
-28.8802601062
-29.2612671140
-31.9012668861
-36.1582427385
-40.6059259752
-41.1443141786
-43.6892825782
-45.8680190339
-46.8417646528
-47.2009446946
-28.1405232838
-28.6738228397
-29.8042281033
-28.6871881333
-27.9443443540
-23.7808855746
-27.2519246561
-29.7357483921
-31.7126561102
-35.9570124072
-33.9658373555
-36.4511156157
-33.2612914246
-35.8612208405
-26.1499354694
-25.3151384613
-24.9315189334
-23.9683597794
-23.2817630473
-25.4952244496
-28.9296407938
-33.6487803508
-31.3754410952
-31.9342723746
-35.3524150158
-33.7149556986
-36.2605940355
-34.1568172295
-25.9248367269
-25.0852821060
-23.9291364078
-24.2015988974
-27.2287619284
-28.1015938342
-30.4643542815
-30.4656514598
-33.5566472764
-31.8052940823
-32.4742259919
-36.5834144937
-33.4946055509
-35.5112140726
-25.6450507771
-24.3947149039
-25.0596997890
-26.5437278454
-27.3615256180
-23.9144687443
-25.7172550280
