-31.5618977000
-32.8380770966
-32.5311346898
-32.5881611943
-32.3032785272
-31.1442384212
-30.2611755026
-31.8870963674
-33.6909268964
-33.4850670487
-32.6737682685
-32.6115569487
-32.2975706983
-31.1382509617
-30.2525315525
-31.0348290837
-31.9848647897
-32.3943552272
-32.2233132564
-31.1050292994
-30.2412427635
-31.7368001319
-34.5770591731
-34.2719809883
-32.8222469013
-32.6329810490
-32.2912337007
-31.1251484581
-30.2480704096
-31.7703014240
-33.2303055170
-31.5710789084
-29.8252690084
-29.9242323345
-30.3635630067
-31.1936682968
-32.5375920842
-33.8081891776
-33.6926564625
-31.6691217772
-29.8397023468
-29.9179043986
-30.3565787158
-31.1153303173
-32.5004297042
-31.4677411832
-29.7894025056
-29.9030852736
-30.3437351292
-31.1869390396
-32.5317690372
-33.6616174744
-34.7286059663
-32.1786875844
-29.9156078024
-29.9380222636
-30.3591730659
-31.1100665313
-32.5009980274
-33.6579680371
-29.7437411541
-28.2590374986
-28.3301309828
-29.8677767326
-31.0286655626
-30.4640293442
-29.8969942467
-31.0521933627
-29.1218945742
-28.1670131482
-28.3008979367
-29.7883771889
-31.0058614327
-30.4585869051
-29.8925382820
-29.0690107444
-28.4878050820
-29.8969308075
-31.0110281247
-30.4446972931
-29.8919660750
-31.0234755655
-33.1619034885
-30.6248945802
-28.7653112356
-29.9179367583
-31.0301310339
-30.4525852049
-29.8865637680
-31.0270279091
-26.9619192632
-26.9331794590
-29.4702572984
-30.4324479215
-29.6642251088
-28.7135498052
-27.1139942946
-28.2455194272
-26.4224238317
-26.8592598901
-29.4361268350
-30.4281330668
-29.6674046119
-28.7134151683
-27.1135347166
-27.7585816192
-29.7690891574
-30.5001521744
-29.6691108762
-28.7032915060
-27.1126802898
-28.2996797260
-30.7460134514
-30.7926547912
-30.6967881185
-30.7779871339
-29.7296340624
-28.7307975740
-27.1199222041
-28.3001561335
-31.2928089749
-32.7407915647
-32.5033036845
-32.5715866123
-32.3003734766
-31.1361304300
-30.2534105764
-31.7581866901
-33.5348827085
-33.4557783405
-32.6703337325
-32.6088965749
-32.2987927873
-31.1325949160
-30.2531904968
-31.1171828687
-32.0027469035
-32.3841642476
-32.2175445820
-31.0978870692
-30.2343193181
-31.7642311108
-33.5255966453
-33.4437555227
-32.6549812395
-32.5959157631
-32.2847102829
-31.1265297812
-30.2459550562
-31.7416690690
-33.2147678987
-31.5686399087
-29.8206072046
-29.9159961789
-30.3495465253
-31.1139968939
-32.4959957478
-33.6471414169
-33.5713343592
-31.6400699767
-29.8373695029
-29.9221985400
-30.3556064818
-31.1898169040
-32.5341873235
-31.4682939715
-29.7866049054
-29.8930574111
-30.3335001331
-31.0961108956
-32.4988800850
-33.6484515373
-33.6081743863
-31.5746338410
-29.8120668212
-29.9061754502
-30.3449818154
-31.1766936872
-32.5296627461
-33.6610608024
-29.7545224654
-28.2581545910
-28.3264595370
-29.7884535696
-31.0097697875
-30.4571046042
-29.8864084177
-30.9746722673
-29.0420121488
-28.1547909619
-28.2942618890
-29.8511710791
-31.0106177411
-30.4525114134
-29.8897471548
-29.0679996728
-28.4851226999
-29.8260949498
-30.9988939715
-30.4462261990
-29.8922120463
-31.0242044174
-29.0637275338
-28.1698690050
-28.3004849638
-29.8347078301
-30.9974362678
-30.4443490495
-29.8853675706
-31.0217356421
-26.9679843987
-27.0034314651
-29.4989116637
-30.4427722440
-29.6743526546
-28.7155628864
-27.1148111785
-28.2936404824
-26.4263619625
-26.7942237707
-29.4028456197
-30.4066999027
-29.6579036458
-28.7148184994
-27.1111397325
-27.8431362097
-29.8096472397
-30.5154891333
-29.6711796243
-28.7082782511
-27.1092781177
-28.2998803867
-26.4221856280
-26.8396132523
-29.4214242226
-30.3970720675
-29.6458160970
-28.7061098196
-27.1087576942
-28.2994208088
