-29.7607792063
-30.3871283522
-30.9535329773
-30.9958050904
-30.6117597180
-30.8054025788
-32.0140576995
-33.8530323308
-32.1416158246
-30.9545660569
-31.0803156547
-31.0149313019
-30.6058771198
-30.7925576977
-31.9987984164
-31.8023087689
-31.2431111208
-31.0506916472
-30.5887652836
-30.7665378163
-31.9731707955
-33.6783681173
-35.2142503682
-32.8987051342
-31.4988513765
-31.1169602029
-30.6132834456
-30.7804416686
-31.9768836676
-33.6794387396
-30.1307977463
-28.9937629359
-29.4125873807
-29.2790404847
-28.9937901227
-29.4712515413
-29.1894823227
-30.5915939486
-29.4653754118
-28.8601810839
-29.3733420081
-29.2727682158
-28.9863604938
-29.5431023552
-29.2213291369
-29.0720983319
-29.3942094388
-29.2708263370
-28.9749059973
-29.4497471744
-29.1802596924
-30.5456982897
-33.0090646921
-31.3136751091
-29.8995212785
-29.3934262144
-29.0048847242
-29.5536195713
-29.2112261882
-30.5510889455
-28.4198289532
-27.6968803582
-28.4527243915
-29.3350533333
-30.7012829203
-30.4911806937
-28.0391559488
-28.9174315535
-27.8457745748
-27.5599312820
-28.4157341863
-29.2209135744
-30.6663239231
-30.4890174407
-28.0444197353
-27.6273546164
-28.4233903678
-29.3115695444
-30.6704691872
-30.4625586943
-28.0131218243
-28.8704070136
-31.4868906977
-30.1532549356
-28.9841338060
-29.3640857175
-30.7066334437
-30.4842934968
-28.0347504725
-28.8743490279
-26.4869900156
-26.9226272863
-29.0853781944
-29.2794456898
-29.1460489651
-28.5949696146
-25.9668188609
-26.6715552691
-25.8875073390
-26.7371377019
-29.0226865750
-29.2569367241
-29.1333451932
-28.5999110492
-25.9658725184
-26.7218615867
-29.0023253272
-29.2480830508
-29.1175978497
-28.5789827724
-25.9521317817
-26.7773656701
-29.4149888369
-30.3236405663
-30.1261734954
-29.5231657325
-29.1949584220
-28.6005195046
-25.9566524762
-26.7862711274
-29.3046357426
-30.2535154369
-30.9085176375
-30.9883664000
-30.6045786501
-30.8032859308
-32.0099253815
-33.6954683009
-32.0503397578
-30.9372121334
-31.0874242257
-31.0274952578
-30.6130426526
-30.8007601939
-32.0076999886
-31.6828987609
-31.2154665344
-31.0368033301
-30.5846044845
-30.7647991875
-31.9807816656
-33.6831813871
-32.0216646822
-30.9420979004
-31.0640452996
-31.0104494457
-30.5934050794
-30.7755753202
-31.9882734337
-33.6850857228
-30.1402534017
-28.9961333228
-29.4123206961
-29.2764072969
-28.9907543186
-29.5643594562
-29.2316379247
-30.5577405280
-29.4309316588
-28.8553820538
-29.3799223885
-29.2713855981
-28.9936800829
-29.4615123714
-29.1971488606
-29.0694936250
-29.4030695850
-29.2661036874
-28.9731557171
-29.5390438284
-29.2071935530
-30.5554452269
-29.4194163173
-28.8458914441
-29.3616855563
-29.2591077450
-28.9811808555
-29.4461003259
-29.1802687545
-30.5415077152
-28.4219818496
-27.6971056162
-28.4574910570
-29.2368408654
-30.6846461970
-30.4950269084
-28.0410149742
-28.8814783127
-27.8068321335
-27.5520783232
-28.4173498296
-29.3182237161
-30.6916473175
-30.4945725087
-28.0375700809
-27.6270905208
-28.4242913996
-29.2148225476
-30.6502024452
-30.4623852199
-28.0147245217
-28.8772631409
-27.7531301169
-27.5303059755
-28.4008464475
-29.3055626657
-30.6864599120
-30.4635348121
-28.0191545951
-28.8837244194
-26.4782658002
-26.9118692762
-29.0843166339
-29.2798780815
-29.1361673906
-28.6045184807
-25.9695556158
-26.7861339014
-25.9504708277
-26.7561991871
-29.0281769140
-29.2694696106
-29.1395889812
-28.6035799058
-25.9638723828
-26.7312848787
-29.0052951073
-29.2552990728
-29.1277901249
-28.5856473010
-25.9565411417
-26.7821193900
-25.9144903968
-26.7355039347
-29.0072512268
-29.2509660937
-29.1295831264
-28.5864188742
-25.9565437309
-26.7799651988
