-29.0057986983
-31.1511955166
-31.0958027834
-27.5926169820
-28.2249419828
-29.9876074926
-32.8834704443
-31.6336035149
-30.5306733293
-29.5903456790
-29.1825459314
-28.1333409643
-28.4736643181
-31.5196916113
-34.2300156953
-29.7341016719
-30.0060553394
-28.6641056818
-24.9728796607
-25.4113598666
-28.4024141853
-29.0715390703
-26.1106396041
-25.9577360460
-27.6597826997
-29.0331494167
-25.5808975638
-25.8209267772
-29.3870516630
-30.8902186645
-31.9429253785
-33.4891553415
-30.9366489829
-25.9323336738
-26.7695865035
-28.9355958930
-29.7071535780
-28.9848717171
-29.5823606693
-30.8061003586
-31.3080229497
-27.5852909218
-27.8412137502
-31.1856120790
-30.8174072686
-30.2005176735
-32.1855035773
-30.3325511953
-28.3056995540
-27.6296887543
-27.3262339063
-28.4659537606
-29.6437123942
-30.4158914594
-31.0024605552
-30.9684220081
-27.6539389348
-27.5715527792
-29.9916919079
-30.7931557907
-31.3329476049
-34.1413572812
-33.5806916210
-28.3458058216
-28.2736171233
-29.8555765578
-30.6606368066
-32.0394976042
-32.3544043073
-32.4546622121
-31.2416857802
-29.0296294382
-28.8658759673
-31.1726856447
-32.5498259147
-30.9358359850
-33.4045153214
-31.9045240834
-25.4155141850
-25.8104975900
-29.0792832790
-31.7070997442
-32.0630966090
-31.2476162783
-31.8963332432
-31.9432373820
-26.6091393854
-26.8831890190
-30.3815163166
-31.1462696253
-32.0312549766
-33.8591492466
-31.1339852944
-26.7817530227
-27.1178664006
-30.2137794100
-31.8101280675
-31.7845561129
-31.9505233091
-32.6111970525
-30.9310835615
-26.9132156466
-27.2472835765
-30.7966679935
-32.0916461102
-31.0563904122
-33.0696267034
-32.1008933350
-29.5201985395
-30.7568866723
-33.5100473737
-34.4463111951
-34.9131517414
-33.1134225443
-32.1501109014
-30.3361203732
-28.4403222559
-29.4543779043
-33.5310584906
-33.8300327203
-30.9935809864
-32.8421705657
-34.9188077880
-33.6668501870
-32.8241538254
-33.7330811948
-36.7818835344
-36.8601865472
-37.4709150594
-39.6640918171
-39.2821826259
-36.1639570982
-37.8331646924
-41.9191042823
-42.2132910519
-35.7708289812
-36.6821473637
-35.5329721795
-33.5060833507
-32.8834730413
-34.2638807638
-36.2122063111
-35.8150882832
-37.1805019728
-39.6312494901
-39.0039762103
-36.3329186485
-37.8805491162
-41.5551743376
-38.2313585052
-32.7583992130
-31.8907587554
-29.3670723232
-27.8035154070
-26.9802816809
-28.9617115661
-29.9102520991
-29.1267440980
-29.9409182496
-30.9253563156
-31.0100481224
-28.8757834313
-29.7155787413
-33.2243775950
-28.8603506608
-28.7929312201
-30.3523829618
-28.8940435667
-26.4993274251
-27.6701031347
-30.8688774148
-31.3783254331
-30.6414031441
-30.0275985450
-31.6583236357
-31.6086024789
-30.5993433442
-29.3877028492
-31.8936793320
-29.4599459152
-30.3654608550
-33.0577178142
-31.1798718936
-30.4527133689
-31.2100072647
-33.5331466614
-33.1275516509
-32.5072198053
-32.2496295958
-34.6179460652
-35.8977009747
-31.6277157381
-31.5379763481
-34.4327788803
-33.5844355621
-29.6596785199
-30.9010698803
-30.1815817692
-27.6114985244
-28.1996690772
-31.0593718404
-29.7086850710
-29.6375152115
-29.9433934994
-32.5470063033
-30.5678797226
-26.9385649361
-25.8228104024
-28.1161721600
-31.1273997338
-31.8017287880
-33.8286021865
-30.1240645964
-28.0235781967
-29.0324335089
-31.9801123528
-31.2438101892
-30.4593882530
-31.1404258646
-31.3647659428
-27.3217792279
-25.8316796118
-27.2382900879
-29.5256746375
-29.1834430764
-30.8185413195
-34.8153639128
-31.4667223340
-28.9161783940
-29.4907441156
-32.7733710967
-32.5078463729
-31.8786802611
-31.4682732507
-30.0653499605
-27.9633980689
-27.4893569209
-29.0142018532
-31.7289109274
-30.8798930418
