-17.7573333689
-19.6679720273
-19.6728966358
-21.4412873148
-22.5645078953
-16.8245268529
-18.7570699633
-19.4341839443
-19.9016215553
-22.7076179213
-26.3727401762
-25.1929049305
-23.9126873887
-21.9760692492
-18.8409229186
-17.4474883328
-17.4381012927
-20.2934190515
-21.9564549816
-23.5351485121
-22.2448849164
-21.0100644993
-19.5841643660
-19.5740018766
-21.6490062663
-24.4467313326
-27.1179686407
-27.0133700026
-23.5838689705
-19.9153739434
-15.0449079350
-17.8746177149
-18.1947806040
-19.8498614122
-22.8326671804
-22.9837220879
-18.4361640046
-17.3497133843
-17.8515585417
-19.9493154063
-24.3580547582
-25.9752970941
-24.6453157054
-23.5109837721
-18.2488153320
-15.7563932904
-18.8874632958
-18.3085281463
-21.6395273081
-26.1760161721
-23.5490005555
-19.1402325893
-18.7502306443
-17.2353522201
-19.7464601985
-24.3780004515
-25.5660408890
-21.6184061376
-18.8006832922
-14.8491017160
-14.8923447971
-18.5881950421
-20.1543041056
-23.8128696088
-29.0124774427
-26.3798914914
-22.2915663999
-20.5479101256
-19.9581328426
-21.5964434737
-25.6882277578
-23.9261873136
-23.7286192283
-23.3518118060
-17.3816534299
-15.7951234411
-19.1725299264
-22.8451483021
-26.9706758423
-31.5709791969
-26.1968655027
-21.4400069684
-20.3290111005
-20.0769538542
-21.7391690143
-23.7860975682
-22.3709478413
-21.0763848676
-21.6853440172
-17.6714220204
-17.5947682670
-20.5993543991
-23.0760015057
-26.7963481785
-30.9778646873
-25.2941790992
-21.3884228843
-18.9601685529
-18.7030520512
-18.8675033600
-22.8513480491
-22.6905009179
-22.1896047864
-23.6586390595
-17.4801274526
-18.7769043303
-21.1756161952
-23.3712163583
-26.4503933612
-28.3644854032
-26.2555827548
-21.3924412772
-19.7404183568
-20.6728325212
-22.2969790604
-25.2430804633
-26.8102494357
-24.0070303565
-23.5447426761
-19.6752553677
-20.7473709259
-21.2304380469
-24.9608516492
-22.2220238167
-22.9227380376
-24.7537567132
-20.1211095884
-19.9783426334
-20.4138945563
-21.9487159394
-25.7064050626
-28.7174620199
-27.8699173032
-23.9152312434
-21.6272028496
-20.2981857118
-21.0069432555
-21.3800041911
-23.5960743269
-25.7159552395
-23.7038032628
-21.7548050375
-20.4721975281
-18.3553093134
-20.3787258169
-24.7990348431
-29.2986521489
-27.3434816619
-23.0899312502
-21.4642830468
-21.2714543978
-22.4000721476
-26.5013845142
-27.2039395405
-28.8749976083
-27.5241864474
-21.5268063849
-18.6063037131
-17.9824490023
-20.9681134266
-25.7643158029
-29.4437804125
-27.1903800346
-23.7861402812
-20.6955589775
-18.2882872731
-18.1625052693
-22.2708465363
-23.5941920079
-26.0022931011
-24.5965874848
-20.0257827449
-19.5832167264
-19.9540147638
-22.6090507283
-26.2234601844
-27.0079767558
-28.0841220937
-23.6830562807
-22.0207972027
-20.2031501208
-19.1027983332
-19.7895854705
-22.0447444673
-24.2605193720
-23.0817390840
-17.7432417926
-17.9539875231
-18.4321883358
-20.2670392718
-24.4340366478
-26.6498101046
-22.4138737294
-23.0656461126
-19.0441354386
-19.6165536457
-21.2152473588
-22.7137180131
-25.9404235412
-28.0475927011
-24.1935633768
-20.4691177237
-19.2172462336
-18.6246881540
-21.3991912445
-24.4831182914
-24.2743248571
-26.0549749890
-21.8118600494
-18.4503591405
-17.2393499060
-18.8916940108
-22.6493201212
-25.0574303769
-27.3962515372
-24.3143961624
-20.1320993545
-17.4860877199
-18.0783234876
-21.2499008466
-24.3849252260
-25.5828381481
-28.6932209038
-21.1760019633
-22.0162066055
-19.4623632231
-20.3716509079
-22.3336404470
-24.9364150505
-26.2147424196
-24.2477780530
-18.6184236447
-17.6300742216
-18.2831205898
-20.6918538835
-24.4492557835
-23.1488905998
-22.1803588548
-20.1149279636
-17.9051311195
