-21.7887659131
-20.9298713572
-24.7590671028
-23.7317832087
-24.1425282185
-23.6643223013
-21.3345939839
-23.3521794344
-23.0197918515
-25.6784769732
-29.9071243593
-30.5625978006
-25.6394995733
-24.1300354279
-22.6356984612
-23.5773908222
-22.0523993300
-24.5841413097
-20.4714868211
-22.2448965682
-24.5375711765
-24.1353199455
-25.7473774141
-22.8190105911
-24.2417905969
-28.0594200735
-31.0953574185
-34.2319005524
-29.4844174416
-23.2320405711
-24.2659566226
-24.7675039091
-24.7985351474
-21.3535972218
-22.1755921891
-24.4435078483
-22.9788246804
-24.0881866259
-23.0166511798
-24.5200372936
-28.6202813326
-27.9653114670
-28.7538463693
-22.6215900915
-24.0358400487
-22.1515219116
-20.2869512920
-23.5448410640
-20.9322495137
-24.9826964959
-28.0016336468
-23.8529952925
-24.9589006804
-22.5230630049
-22.8364383158
-26.6066084501
-27.0140522458
-26.7632611597
-20.1345448234
-22.5069130203
-20.9137123082
-24.4564951140
-20.7210494026
-23.8578357664
-28.6629767888
-29.8848613703
-25.7255287023
-25.7380149670
-22.6050452576
-23.7938909586
-26.5575371575
-23.1847182625
-23.9968290133
-25.8912538644
-24.3618336812
-20.4809437591
-23.5504375688
-25.0522934565
-28.4535244351
-32.1759145804
-29.8948827563
-25.2076295376
-25.8133067959
-23.2137117952
-24.3502678429
-25.2944276568
-20.6408355426
-22.6668902563
-22.1904850995
-21.4720246606
-20.1652174586
-23.2432076547
-26.8566305727
-29.5960638597
-32.8721337606
-31.0675756221
-24.9058149046
-27.1159840293
-24.3753012640
-25.5109652841
-26.6247999880
-24.6375960925
-26.3160761767
-27.1607430601
-22.1579327173
-24.5277064106
-27.1128097115
-29.2923578619
-31.3206257343
-34.5065443675
-30.6044944779
-25.3735592258
-27.0991207519
-24.1190081706
-24.8551577472
-25.8670658232
-24.5347645284
-23.5504324030
-27.3708945210
-21.2879824013
-22.2494379628
-25.7980928225
-27.3960224203
-30.6373135284
-34.3643004723
-29.2145441585
-23.3798615842
-24.1585926846
-23.4389335362
-25.6681293189
-30.5479818631
-28.6932843409
-26.8879776812
-26.2348551060
-26.3236494464
-24.4047932210
-26.8772416497
-26.6299187812
-27.8670756908
-30.7362030709
-29.6032914916
-23.6781200112
-25.1355508364
-22.4676106910
-25.7022572124
-29.1889165610
-29.7889455120
-30.2208763317
-28.2928533398
-22.3718889899
-23.0181477274
-26.2360448293
-28.6609067243
-31.3271478391
-35.5399810254
-31.4045329970
-23.1700479986
-24.2565048185
-22.7785146217
-25.7760214223
-30.8543197513
-29.8424274484
-29.8488201021
-31.3110004144
-25.1485510863
-23.2168369414
-25.1303155555
-28.2081964867
-30.2093959377
-33.3396513874
-28.4289350465
-23.4751172405
-25.0830178182
-23.6871290194
-26.7537329638
-31.7048134664
-31.4446651878
-25.4953474281
-27.6895413209
-25.0376231799
-22.5007883517
-24.4763009832
-26.1815181747
-27.4547966362
-31.2931895347
-27.0891394952
-21.4140246121
-21.7411820803
-22.1492654550
-25.1926084360
-30.0029495886
-32.8676946094
-29.3446695072
-28.1474117755
-23.3239251091
-19.6848909625
-21.4897138840
-23.2862591196
-26.9481267235
-31.2915130498
-24.5259651996
-20.4940125991
-22.8067003351
-21.4010463683
-24.6395392271
-27.3554345788
-29.1904545539
-29.1324104820
-27.5052349890
-22.8706464571
-21.1000913101
-21.6486567040
-26.4054905896
-26.1460115773
-28.0132279588
-24.0455999331
-21.1187967797
-23.5440979326
-22.7382581752
-22.5943597451
-26.2944423266
-29.5238647899
-29.5806427324
-27.3579395701
-19.6166261239
-20.1466491890
-23.2283289609
-26.7695786976
-26.1349363940
-26.3144566131
-25.3201018482
-21.7256871808
-23.4221518025
-23.6525027189
-25.0252676446
-29.4922885138
-31.8375667987
-27.6200117095
-25.0334274208
-21.3059978447
