-30.5895446153
-32.2518485027
-33.8470163500
-35.4169850115
-32.6197400134
-34.0176246595
-32.1946304104
-33.5722975248
-32.9758779698
-34.6595605066
-37.0284231101
-36.4705563918
-37.2130180720
-33.0929097935
-34.8161587524
-30.5987918443
-24.7752986299
-26.3846413364
-30.8707869245
-33.5686390308
-34.8250383592
-34.2324301006
-34.6194982813
-30.6190559981
-32.0828947033
-34.1613159169
-35.3661932990
-36.5828953758
-31.1954095105
-30.4521165646
-29.9135727126
-28.7202945975
-30.5314824435
-33.0380970704
-36.2404787669
-39.2600750053
-34.5990282866
-28.8820336892
-28.7095806022
-31.1456197382
-34.9353461147
-35.2909817531
-36.7382624769
-32.9787338300
-29.4232262856
-31.5201097624
-27.5945718094
-28.5650607903
-30.1095859668
-33.0052249423
-36.7162480484
-30.9080295671
-30.3980572422
-29.5513177952
-31.4347214711
-34.8892718106
-35.9861457716
-35.9347882595
-26.3110868340
-26.9350112976
-31.3793675638
-30.3252406705
-32.3399657864
-35.4070180550
-38.1929753424
-37.3057828966
-33.4151218659
-32.0795274923
-31.0006817925
-32.5306013160
-35.9762434813
-36.6905427466
-35.8819885814
-29.8667164645
-31.2399380852
-33.2337193374
-31.6080768713
-33.2972006382
-35.3936941824
-36.6823907460
-37.8223134855
-32.9352331635
-32.0558300975
-31.2176919250
-32.6699285226
-30.0465085605
-31.9400125636
-34.3883525922
-27.7281277738
-29.6294097961
-29.4501277815
-29.4813739089
-32.0894297763
-33.7580990638
-36.0479130386
-36.6011244340
-31.5612089812
-31.9455093778
-30.8410748874
-30.4974257717
-32.4527552826
-33.8135513510
-32.9103900691
-29.8155168911
-31.5927476837
-35.1081629477
-35.2744693145
-35.7158660642
-36.4223525190
-38.8776945718
-39.9859710859
-35.3471292221
-35.2904056599
-29.8233413577
-30.6448803974
-34.0998787569
-32.4505648462
-33.9648495806
-32.0919852842
-29.4127258996
-28.7310344826
-27.0938932221
-28.2397338896
-29.9107116750
-28.6799048022
-27.3866910573
-27.0945198043
-30.2504588595
-34.7585249947
-38.9890817718
-41.6418347718
-41.3067260089
-41.5810990975
-40.1616894360
-41.1362909336
-24.6875114330
-22.0171063516
-22.7207554039
-23.4487051173
-23.9499455868
-24.8720365844
-27.6966978132
-31.5889441879
-33.0032468213
-35.7453981450
-38.3168425865
-36.5606440371
-35.6265551867
-34.1477719606
-30.0958128643
-29.3823277290
-28.2258689112
-28.4118077072
-28.2027734975
-28.8585434331
-32.5101597975
-37.7910647787
-40.6420048613
-42.8939840427
-45.1226216792
-47.8421800708
-48.1044319449
-49.1395096781
-32.4712510184
-28.8399674182
-28.5336114177
-26.5809536649
-26.9905516290
-27.7059126833
-30.7428468823
-34.2783814170
-31.3472825549
-30.7493107587
-31.1918817662
-33.7858886361
-36.7427184398
-36.8876071695
-31.1110102796
-24.3193557437
-23.7559634981
-25.5787239581
-26.4836253825
-26.7840754871
-30.3029374917
-34.0826827365
-37.7979609597
-40.5171120902
-40.0251047562
-40.8959955612
-39.8160274274
-40.9660775777
-34.6251543029
-29.9578760286
-27.1610304538
-28.1970021964
-25.8703242978
-25.3794923372
-27.9633113268
-33.0541589724
-34.2073397291
-36.2583129760
-38.5118744866
-36.5443736850
-35.5838869382
-34.1413106833
-30.0861669047
-30.1913054070
-23.7851344021
-21.8881306060
-22.6743069445
-25.5416793754
-30.2518971865
-35.7706490323
-40.9259410899
-43.1287182551
-44.9535527302
-47.5154669180
-47.9376699648
-49.0274076749
-32.4683783327
-28.8173989011
-29.4809065635
-29.8569850698
-28.5840096495
-28.5962784412
-31.5874502323
-34.7003593980
-31.3655271529
-33.9671513411
-33.3379386665
-34.5851231407
-37.1103289681
-37.0206633830
-31.1969940827
-24.3192340527
-23.7482412916
-26.9466094899
-28.7281009513
-26.6015621803
-26.9880142403
