-21.3481677161
-21.0513242659
-20.5299076180
-18.2664735033
-20.5252937066
-19.0215073604
-19.8816732733
-22.5327801695
-26.8579329110
-27.0737908727
-25.8188204169
-25.6747718239
-28.9652845548
-31.3292864261
-30.1370466266
-25.0755519867
-20.7475469962
-20.6931381241
-18.4031404055
-20.2790543244
-23.8633325892
-26.8097005443
-24.5867952372
-23.9098328323
-24.1813645136
-22.2162564380
-23.0833521730
-26.2686580725
-28.2217210482
-20.8956890834
-21.1941520858
-20.1539105525
-20.7631092217
-17.3849494592
-15.5487519732
-17.8977014915
-22.7184018336
-23.9165517348
-26.6476559099
-26.1874124480
-21.9191890204
-22.6327015291
-25.9415821955
-21.2171918397
-21.4103078698
-20.5717887832
-18.6612874116
-20.1766447814
-23.0285096150
-22.2187886489
-23.2882191470
-23.9137191796
-23.3692382359
-26.2042226356
-26.8161799508
-21.8595448408
-22.0839989166
-18.7168575266
-17.4207007623
-18.9552090150
-17.6821696843
-18.1172219340
-19.1018843618
-21.5888507327
-21.4494535712
-22.3724560359
-26.1130216383
-24.3728881817
-27.0665075768
-27.1870205974
-22.3532430784
-16.3046455063
-16.7666290637
-16.8098151778
-17.9330307620
-16.4122657857
-17.0336931962
-20.6429923111
-25.2293035097
-24.0595530160
-24.5304211908
-27.0408191051
-24.9367296374
-26.3922159600
-26.0413688955
-21.5769638460
-17.0974399258
-17.8668346729
-17.7182912367
-16.8504380085
-18.5027342361
-21.2010172787
-24.6334119871
-25.6561635078
-21.8060382965
-21.4444642350
-24.9359774802
-22.8365664953
-24.5222847122
-17.9391321347
-19.6128368756
-16.8578404479
-18.6617003794
-19.1577263460
-16.9241245752
-19.3036559935
-22.7493191507
-26.1396422106
-28.2268748001
-23.3115838362
-24.0666965438
-27.5752423427
-24.7239915914
-19.5480803839
-19.8021144807
-16.6235202944
-18.7421200861
-19.9479405733
-19.2133184736
-19.4088074913
-21.1168471649
-24.0202597332
-25.6869824278
-25.5121006739
-27.5657659744
-24.3267115834
-24.7521436668
-25.1738706280
-27.9906465054
-27.5455380716
-24.6850530323
-25.1912362099
-29.0371199026
-28.0700072234
-28.8786832975
-24.9935697318
-25.2661487295
-26.5254314582
-22.9066566867
-23.8611421489
-24.3186035928
-26.7128266599
-25.6180198229
-27.3272553287
-27.3272462726
-23.6285205478
-25.4566198877
-28.1453132925
-27.5249256686
-27.6023678038
-30.6003194498
-28.6409054057
-28.7302085364
-25.4564748949
-26.3651655850
-26.0807877267
-26.6245643798
-26.1093372557
-25.7880119280
-25.4475577903
-25.9909162881
-26.7464341276
-29.7907333280
-30.3676668383
-27.6585385955
-24.9190857265
-23.5525581150
-25.7167074141
-22.7443764194
-22.9334326084
-24.8690667966
-28.1020093830
-25.9627719826
-27.7143223051
-28.1620121601
-23.8706431165
-25.5888799822
-26.9882330286
-28.1239565086
-30.1429681455
-27.7331248794
-24.3423799595
-24.7621042126
-28.5505523551
-31.7139701143
-28.3118617806
-24.7959239786
-24.7149760953
-28.7015748729
-27.8501852266
-28.6380145886
-30.4451465108
-25.4134402591
-25.8189797185
-26.3586732394
-25.5224793715
-24.7953763684
-26.9057303374
-32.3547046353
-33.7227905332
-28.6412290484
-23.9089732254
-25.5591614645
-28.2003746235
-27.6698066734
-27.6916062071
-29.7062305334
-25.0305444063
-25.2181467711
-26.4768262245
-27.9095238722
-26.6299278317
-26.7401268986
-29.8413516308
-27.7905384714
-25.8217734385
-26.1017354462
-26.7194730788
-29.5576444268
-30.2735349087
-27.5809061564
-28.9217451115
-32.3677942056
-29.0869575868
-28.8616970435
-26.3356917296
-26.1034831279
-28.8866773609
-33.8118308326
-34.1513385434
-29.3809179178
-24.0775218705
-25.7139823103
-27.1309572553
-28.1979951757
-30.1930000068
-31.0327370324
-26.1615466130
-23.7657220874
-25.7941961597
