-30.1986690046
-30.7930742366
-31.2564764253
-31.5753070276
-31.4917065578
-31.2341551765
-31.4511640132
-33.1235850404
-32.3732081653
-31.3318148489
-31.3876127936
-31.5993992701
-31.4875625885
-31.2191107943
-31.4450807543
-31.4690137625
-31.3969830060
-31.5912382010
-31.4538671082
-31.1977604844
-31.4341622173
-32.9498296221
-34.9881328542
-33.0887334975
-31.7690741620
-31.6984402650
-31.4967645047
-31.2102804242
-31.4410157548
-32.9675926332
-31.0682772949
-29.6260231739
-29.3949887795
-29.5411086937
-29.5580522344
-29.9602011089
-30.0372160247
-31.4535499307
-30.6094411109
-29.5299364172
-29.3719244365
-29.5345490268
-29.5511728048
-30.0530345698
-30.0653033605
-29.6109049993
-29.3712603138
-29.5228213728
-29.5346862530
-29.9412509603
-30.0209935688
-31.3715741658
-33.5451526571
-31.3911042876
-29.7308470903
-29.6106991602
-29.5659595653
-30.0556263308
-30.0621355088
-31.3954023130
-28.5394486950
-27.5737030884
-28.5388777932
-29.8841907902
-31.0665296104
-30.3674351121
-28.2560418244
-29.2809137447
-27.8925829201
-27.4371436820
-28.5074685483
-29.8051550255
-31.0503330466
-30.3567845540
-28.2544197082
-27.8034558572
-28.5967380188
-29.8769773576
-31.0530387311
-30.3488500371
-28.2376548197
-29.2516133816
-31.9439701174
-30.1549107095
-29.1180108230
-29.9944946886
-31.0914011940
-30.3669263399
-28.2466185331
-29.2565923591
-26.2328821869
-26.5458147124
-29.2011491310
-29.8454865571
-29.4033129666
-28.5699582134
-25.9494998884
-26.8382422844
-25.6640074046
-26.3748387306
-29.1270056046
-29.8192556573
-29.4062361417
-28.5696332724
-25.9520605798
-26.7149627380
-29.2659962356
-29.8413801306
-29.3854878128
-28.5501277455
-25.9312591705
-26.9230169564
-29.8005605412
-30.5143110602
-30.4955589836
-30.1859043945
-29.4773827006
-28.5793970398
-25.9405970200
-26.9292076666
-29.6512067530
-30.6313739880
-31.1991029694
-31.5612089879
-31.4735797668
-31.2187327752
-31.4504571694
-32.9661168062
-32.2640072639
-31.3121565628
-31.3839529994
-31.6041322760
-31.4847921748
-31.2229479467
-31.4488350533
-31.3463336294
-31.3526473245
-31.5791273506
-31.4483858318
-31.1920798416
-31.4318811571
-32.9697960186
-32.2300489840
-31.2989686167
-31.3630907485
-31.5880379849
-31.4606986377
-31.2046515648
-31.4325206825
-32.9516795851
-31.0575231701
-29.6235181500
-29.3912331857
-29.5348869137
-29.5467517939
-30.0647712857
-30.0665073254
-31.3890575479
-30.5545959803
-29.5250079285
-29.3702350019
-29.5316258517
-29.5527250133
-29.9490896780
-30.0335639979
-29.6086187606
-29.3666244016
-29.5171316677
-29.5259529763
-30.0488439953
-30.0584265202
-31.3883286959
-30.5422249179
-29.4750861059
-29.3468625474
-29.5165840578
-29.5408458928
-29.9391692662
-30.0260230350
-31.3769143325
-28.5780946750
-27.5875603371
-28.5502196610
-29.8275526563
-31.0601511859
-30.3699686167
-28.2586089884
-29.2380564773
-27.8491133115
-27.4331395274
-28.5031640500
-29.8787651807
-31.0613888099
-30.3617609422
-28.2491973483
-27.7926111102
-28.5900877307
-29.8222823972
-31.0410418040
-30.3476020563
-28.2437795059
-29.2574972747
-27.8119522206
-27.4246612836
-28.4904887587
-29.8489379212
-31.0528238299
-30.3419977940
-28.2413780490
-29.2516146763
-26.2323747090
-26.5502784455
-29.2030910098
-29.8507555218
-29.4098441527
-28.5731985621
-25.9537668443
-26.9257498276
-25.7109232047
-26.3849416802
-29.1369027142
-29.8322312919
-29.3959428889
-28.5699776322
-25.9505964030
-26.7284963407
-29.2640427054
-29.8426061035
-29.3974562599
-28.5529447646
-25.9411019085
-26.9206841122
-25.6579785172
-26.3538806768
-29.1136234696
-29.8023211789
-29.3889560086
-28.5524580003
-25.9403238622
-26.9170812793
