-37.1331110855
-38.2514129377
-39.9082454723
-38.1511951861
-38.7391454479
-32.1854608489
-33.1286520446
-35.1806817603
-37.6998741761
-35.9203212665
-36.3176762065
-37.2205344510
-39.8223561992
-36.6403607303
-34.9603730514
-35.5603707851
-35.5737024337
-35.8073039388
-39.2248687495
-35.4108733258
-32.0430706605
-33.3123835420
-35.2223130473
-36.2119383374
-33.8694619168
-34.4641868272
-36.5682846829
-37.8704565419
-37.5764522770
-37.5698887231
-38.2691992461
-37.0340688153
-39.4097847506
-41.3694168712
-40.8476264533
-34.3019868853
-34.7565923147
-35.7457684046
-36.6342593545
-33.9919659766
-35.7842124106
-38.9902070059
-42.2979155129
-43.1272178320
-44.3322631390
-38.9328050636
-35.6591606219
-37.1327550692
-39.5829705175
-39.0560509209
-34.9395043248
-35.8375027375
-36.2178947254
-36.6470071382
-32.7863816897
-33.8521778987
-37.4382410218
-38.4427850436
-38.3330637421
-37.7776930109
-37.5214958230
-36.1901284531
-38.1068116109
-38.3608792083
-35.5884115157
-36.3558613035
-39.7712511410
-41.1631311572
-40.3406525532
-36.1872376381
-36.1223957322
-37.4796548125
-39.5868581582
-38.2719178780
-36.8076535588
-38.4515830332
-41.4227550845
-40.4125072276
-37.8637544720
-36.0996835232
-36.0660993822
-37.6951191618
-39.7245813373
-37.4291167814
-34.0189554988
-34.6216731800
-38.6265100277
-42.4547467652
-38.0352507992
-37.3305133794
-40.3688499173
-42.2094590907
-40.3678207248
-38.5911134783
-37.3666763357
-35.4912036697
-36.4802204944
-36.5391862793
-36.9521111906
-33.8004333105
-33.8923722037
-37.1279599218
-41.4871335189
-38.6930284213
-39.8711310004
-42.0137915738
-45.2201621996
-39.8320202720
-38.4634207405
-37.0782931557
-36.1451661995
-38.1245370741
-39.8400674253
-39.3545150171
-34.9902158345
-36.2613979725
-37.8914184725
-38.8695011438
-40.4735313959
-39.5602091176
-36.6960149697
-37.9274649082
-41.0927808010
-37.8871787034
-37.9286857053
-34.2775697088
-34.4524604751
-36.2652403095
-39.9170693629
-37.9989726338
-36.5614207902
-37.8859242422
-39.1912147098
-39.7538117875
-40.8787120412
-38.5506719188
-40.3749111642
-38.7016231802
-32.5602693340
-32.7524803770
-32.3800552314
-34.4727026038
-35.9319828986
-38.2651847294
-37.6826665462
-37.3849416427
-40.5120776690
-40.1277812783
-39.1660803324
-38.0129904127
-40.4503220596
-35.7425604135
-35.3471382922
-34.6962620358
-34.8878956727
-34.9487903938
-37.9595602711
-38.6103963288
-40.1308636840
-35.2822769531
-35.2765872555
-38.3210564561
-40.2912589428
-38.1915487120
-35.0121681284
-32.8676790957
-32.3044112900
-34.8283874426
-34.8655045168
-34.7040463792
-35.5431502140
-38.3105547744
-38.4563432383
-38.6527150344
-35.8507321095
-34.8064248063
-37.9098430014
-40.6806158716
-38.2752488439
-37.4534446399
-34.8323708903
-34.3438874576
-36.5247374078
-37.7264934497
-36.9251747487
-36.7622032516
-39.7492962640
-38.5717943772
-39.6338101844
-38.2896032093
-38.2686697642
-40.0230881529
-36.8609710641
-38.2362818144
-40.1031479097
-36.0514589094
-35.3220958274
-36.3055265213
-36.8088782411
-36.1826768192
-35.1340598464
-36.1652879358
-37.5554786965
-39.3026293221
-36.2914621373
-36.9438543136
-33.5042955208
-34.1026711785
-37.1503666175
-35.6471960628
-36.2117842822
-37.7071575168
-36.3500628549
-36.0140557452
-35.4766577044
-34.1846495300
-36.8335478564
-36.9508347286
-38.0786388439
-33.6867000629
-33.2507198387
-34.4816145476
-36.9603460465
-33.1610982467
-32.1983950688
-33.2144714358
-36.9413868330
-39.2813217423
-37.2065114953
-34.9628094599
-34.7598365490
-37.5827154704
-38.6271081319
-36.8780000497
-32.3195553450
-33.4470618859
-37.4196468887
-37.1675328241
-35.7158065126
-36.5998699802
