-19.1915655351
-22.2948222783
-18.5928633403
-20.8111306037
-23.0455334252
-21.4723043092
-22.3124713836
-21.1978054128
-21.0091220501
-21.2332926138
-23.0274674765
-21.7883050574
-18.4581163155
-21.4746785780
-21.8143909683
-21.7069286578
-23.1606661534
-19.9031556482
-19.3823331996
-22.7201055144
-20.1334832710
-21.0554268101
-21.4174850572
-22.0730065849
-22.1038449254
-23.3775313558
-22.0827949510
-17.9397354253
-20.5526729117
-18.8362132202
-20.1052379880
-21.7116564824
-19.1737403746
-21.7506183521
-25.7135007247
-22.3627673495
-22.9451576843
-22.6808562548
-22.9124020638
-21.5923267025
-23.7320058835
-21.3175766531
-19.5068672303
-21.8929102094
-22.7718371867
-21.4547510180
-25.0630074481
-20.0641646483
-20.5203406298
-23.5312712293
-21.3229465955
-22.5077040492
-22.9453272746
-23.0666804930
-21.3376013142
-22.3191229661
-21.4602076969
-18.1089417560
-20.4038498622
-21.6748721117
-20.3297852878
-22.1707646754
-20.3015503574
-20.3782908493
-23.1880854895
-22.0104379355
-21.6643057008
-20.9499180295
-21.2625865135
-22.0836636166
-22.0140809028
-22.3419180399
-20.1240043137
-21.1380162390
-20.7524004057
-18.9405361743
-23.0857121910
-20.9078905784
-21.2796659907
-23.2029758217
-22.9188879411
-22.7220486957
-21.3359597789
-21.2684315696
-22.4760565939
-22.9474555745
-21.1755048710
-20.2049276123
-23.3962070501
-20.6787617458
-19.9270330032
-22.4689389575
-20.4129883510
-21.0599267954
-23.2232218562
-23.9938411192
-22.5767831721
-19.7179844897
-21.1248438242
-21.0211176864
-24.1012839994
-25.2403424484
-20.4358468604
-21.5495652232
-19.1126928619
-21.3764880949
-25.8089285466
-21.4521243009
-21.4569815904
-23.0749749063
-23.7057115438
-21.6904382185
-20.9253040576
-20.9768997943
-20.1223213522
-23.8847411533
-21.9053278884
-20.4399791802
-24.6569838031
-21.4027733776
-22.5782253399
-23.3019016239
-20.6035152100
-21.7791937592
-22.9124240714
-22.0496263506
-20.0553912348
-19.7170394421
-20.3733623553
-20.2689448999
-23.7327593236
-22.7588990909
-20.1622386291
-21.5387127025
-23.6559838934
-23.0214903697
-25.5016650050
-20.6012729826
-21.0317721321
-21.9993083787
-21.3744763093
-20.4032698917
-20.7295328323
-21.8621391960
-20.1852188234
-22.7950089773
-23.5422415580
-20.7523330869
-23.4983188314
-23.5819180326
-23.8314313925
-24.6473430226
-19.6405034934
-19.9068491048
-22.0414588100
-21.2772878348
-21.4336699745
-22.0199557340
-22.3023917332
-20.9239628619
-23.8401996249
-24.0498902259
-21.5997770465
-23.2075638327
-23.7790912754
-23.2575167385
-23.4403161827
-18.2945893343
-19.5615880998
-21.9143304370
-21.7823810302
-22.0728059236
-22.4889856275
-21.5073409965
-21.4748002692
-23.8827824493
-23.9957584008
-19.9140249965
-22.5116007496
-23.9399319569
-22.5489961694
-25.4134065911
-18.8975960339
-19.5704469566
-22.1692124655
-21.5534981767
-22.2740881959
-21.6489972171
-22.5398551011
-23.5408058584
-24.6760323580
-22.3196110259
-19.4428706466
-22.6596949404
-23.7674205830
-20.5644199937
-22.0181769615
-18.9147855495
-19.4540921211
-22.0768929269
-20.9866713321
-21.0937621011
-21.3001605835
-21.6409694844
-22.5463344972
-23.3425827050
-21.4187641082
-18.4265698323
-21.4839944177
-21.5550335513
-20.6345024219
-22.5833272974
-17.7806307483
-18.4939582359
-21.0096877807
-21.5552730537
-21.6601915037
-20.6265057685
-20.9903738502
-20.9599303554
-21.6527592855
-20.7860777734
-17.8689176647
-21.1731034034
-20.7501478195
-20.5769011024
-22.1324928119
-19.5235194933
-19.8091479681
-21.1646290491
-22.0576359620
-22.5776893835
-22.1968363493
-20.7506941405
-20.9852796529
-22.0076739946
-21.0050997673
-18.3206169955
-20.3875303049
-20.3928562351
