-26.8743974850
-29.6578738665
-33.7277034739
-32.3787528775
-33.1978282412
-32.3383242568
-33.0942846826
-31.0005134954
-31.9589950776
-31.1390147638
-32.5088470958
-30.5221277686
-32.6258168042
-32.8786921359
-30.7847435757
-28.3788009419
-30.5480285441
-32.9926713446
-32.7587888926
-33.6872191988
-31.9585652732
-31.4196939233
-30.5742426173
-32.1319620973
-30.3246425714
-30.3493678662
-28.6086533837
-30.5776020566
-30.4104826788
-27.9330141399
-28.6669304696
-30.4072630443
-33.5057143916
-33.3945133619
-34.5564856149
-31.8747887418
-32.2477252586
-32.2565362106
-32.4611454982
-30.3051163353
-31.2348011725
-29.4387885013
-31.7408159280
-33.0150741587
-30.5295962328
-29.9882729070
-32.2571860918
-34.5195187188
-32.5370535319
-32.3534230104
-29.7527385327
-30.5523395154
-31.4641875453
-32.4562454893
-29.4143027015
-30.5712935460
-29.6147874579
-30.1377367199
-31.9620891405
-30.5790299969
-29.9574527028
-31.7674365089
-35.2726905448
-32.1045790157
-32.0732383944
-30.7145239427
-31.9831572267
-29.9299168561
-32.5452987515
-30.9961248496
-32.4975492449
-31.2817195537
-33.2854820507
-34.0052199470
-32.5809270473
-30.5866059137
-32.2079478120
-35.1893839557
-31.2747093628
-31.7571510227
-30.8194449493
-31.1163944621
-32.1485418630
-33.4050241026
-31.3395888328
-31.2419679903
-32.2386696298
-34.1413171463
-36.8811381232
-32.4435701961
-30.4685047265
-30.9634909312
-34.2818651395
-31.6358781007
-32.2880049997
-31.5846863010
-33.1707183179
-31.9237473894
-32.0024232564
-30.5540600244
-32.8623207961
-32.6892631627
-34.0278026939
-34.9144204370
-31.2368181313
-29.7357225003
-31.0781459280
-34.5917540025
-32.7711314689
-32.4332096219
-31.4531641437
-32.2104127048
-31.2665845495
-30.1618238006
-29.5758333700
-32.1442166375
-32.4158686516
-32.9432285230
-35.9728827413
-31.8849861909
-27.0450420478
-28.9187817967
-31.1362184604
-29.9233248283
-33.3915604031
-29.9086959944
-28.7820139802
-28.5490156945
-30.2363078006
-30.5300260378
-32.4250770387
-31.3665874246
-34.1028122828
-33.9062346264
-31.4759669814
-26.0503856796
-26.5400680476
-27.9149313623
-30.8654169821
-35.0690457452
-27.7273264132
-27.6324164338
-28.6292373033
-29.9684243141
-29.2819170525
-29.8431459397
-30.6581356672
-32.8215478177
-33.1656681426
-26.7171259857
-24.9363878692
-27.2385619381
-30.8220962603
-30.8615914885
-33.5393632561
-31.2533215157
-31.6718533540
-31.2420456745
-32.1720152905
-30.4800873843
-31.9409705565
-31.7362641767
-34.0047862506
-36.1744160628
-28.0120188230
-26.2578560525
-29.4775587525
-33.1306586580
-30.2778264601
-30.3035964831
-29.3508576355
-30.3658621863
-31.3351587643
-32.4626472152
-30.4358190192
-31.7980133274
-32.5124991273
-32.6194163765
-31.2104228241
-27.6972260081
-25.4760231485
-27.9207505135
-32.3158385936
-30.5496467807
-31.8926009495
-30.2643925448
-31.5575893206
-30.5641331949
-33.0813763674
-32.1071500692
-33.3057966926
-31.5384902983
-31.2585632963
-31.6228442188
-29.3687293939
-25.9812107739
-28.1942667591
-30.8439708668
-29.6212668602
-30.9350695870
-29.4874908239
-30.3294519545
-31.4118202528
-32.8499264346
-31.6435912490
-32.8909272531
-35.1259259624
-33.8975880872
-33.4441840254
-27.1147309015
-24.9137766296
-26.7022278899
-31.7064602108
-30.6851277790
-31.6611743130
-30.6629075097
-32.0614977932
-31.5257567527
-32.8196188885
-30.2817399910
-31.9949262951
-31.1429567760
-31.3467932061
-32.3489049015
-26.8953865997
-26.3111929955
-28.5232158911
-32.0507397725
-31.9350258206
-31.8677241845
-31.2732283634
-32.1524437421
-31.4383139520
-30.3376169142
-28.1749696683
-30.3294364114
-28.8016619090
-29.2909946820
-33.5079087114
-28.2120323641
