-23.8877355219
-22.2571627721
-19.6452934521
-16.1941771414
-18.0661737635
-22.1449842626
-19.9630444850
-20.1959703001
-21.8670870665
-25.9811071865
-24.2925228368
-20.7432127052
-19.8709333616
-23.8846116596
-23.6059701068
-24.3589739628
-23.8535519906
-22.3865475537
-17.5044747315
-19.0114095681
-22.8826459762
-22.5353991140
-21.0030840100
-22.5147387853
-27.2034915814
-23.0979188150
-18.3917751943
-20.2131235874
-23.5196704168
-22.5995471431
-22.5642813231
-25.1852888637
-22.3732701775
-16.7628242590
-19.4801404796
-24.4790739981
-23.7081751285
-21.3259654885
-22.3835376476
-26.3834179124
-21.7103023128
-19.4510355706
-20.4099965092
-20.9496370995
-23.2051041208
-19.2519709291
-23.1632436596
-20.1894455786
-16.8145235597
-19.8641341974
-24.7797144367
-23.6394390569
-22.0343876963
-22.8633255586
-27.1309986394
-22.8530271287
-19.6074306702
-19.5627959346
-21.4877150648
-22.5525795795
-19.9413549841
-20.6329631595
-17.9847688932
-18.5200415393
-21.9631143062
-26.3945940872
-23.8392998667
-22.8691706060
-22.7113709162
-27.2179132666
-23.1139445032
-17.3296654250
-19.2938663061
-23.5306588604
-18.8665803261
-17.2470578638
-18.9703038909
-21.0407060558
-20.5167118823
-22.5477391021
-27.2363947778
-24.5925341082
-20.1514390815
-21.2959518269
-26.0998906080
-22.2278455122
-16.8588968228
-18.7792487893
-23.6971620457
-20.2645368038
-23.0952273327
-26.9792084038
-24.1595247850
-20.8322129176
-22.8713558838
-27.5939943927
-22.6381335791
-20.8372397236
-21.9152171724
-23.6460375866
-22.2036457842
-16.2856849861
-17.5754530013
-19.6353795112
-17.2463885583
-20.1661948553
-25.2234066408
-24.9773278129
-22.2282235636
-23.8749592448
-28.2623179495
-24.6433854548
-23.0857729422
-20.8085401138
-22.9623847341
-22.9925356470
-17.3687709977
-17.2571245657
-19.2310530086
-23.2075676964
-27.0638406980
-29.5345308915
-29.5876309184
-25.7461178088
-24.7341527879
-27.5479175156
-29.9456978468
-29.4981659386
-25.2138047083
-27.6106376133
-29.2331849491
-24.5051521517
-25.8599183870
-28.1939094585
-27.2723648767
-28.9533213420
-29.8158016984
-29.1529607464
-25.1172441114
-25.3487601357
-28.4341846135
-26.3324073729
-28.9486258623
-26.5686136483
-28.9737706318
-28.9004815372
-24.7412276975
-25.6422984673
-29.2579956781
-30.6051663676
-30.9451246041
-30.2693883529
-28.3599051400
-25.6595941356
-25.7701375561
-28.0304822130
-26.4750215507
-28.5491645158
-26.0745063948
-28.4028750457
-27.3360429714
-24.5764281763
-26.5354100996
-28.9290737596
-30.0420292747
-29.8601308905
-29.2967866655
-28.8232206434
-25.4479409662
-26.6254783447
-31.0149273990
-27.7092980067
-30.4064435346
-27.7679738275
-29.9484954523
-28.1825792359
-25.4138351025
-27.1418822489
-29.0642893844
-30.4269614490
-28.4872004740
-28.9590071787
-28.6384508588
-23.2176279366
-24.6309885000
-28.6861136193
-27.4859210746
-26.7531724191
-27.2974215762
-30.2046098469
-29.5714874332
-26.5568355092
-28.3069280883
-30.3979420229
-30.6305790960
-25.5090001136
-27.7386553351
-24.5575828789
-20.9510546391
-23.1489410464
-28.1608340444
-26.1542308929
-26.9315792718
-25.4779442585
-28.2465019905
-25.9214902080
-24.3743950461
-25.9478984444
-28.0960672312
-27.6236624280
-27.1184748287
-28.8073412508
-29.6011424917
-23.2245073558
-24.8077331639
-28.7087339177
-27.5046485456
-28.3750905765
-28.1295892178
-29.7869635002
-27.5287408091
-25.7712806721
-27.4881050329
-28.3685944218
-25.0928929558
-25.7462925776
-25.6576950002
-27.4618456506
-23.1982868125
-23.6970611068
-27.7455347663
-27.7710329339
-29.5775719488
-30.2911282946
-32.1728049827
-28.5096537930
-25.6985417657
-26.8723584944
-29.3958509631
-28.1668500101
