-35.2805512775
-30.0158708858
-32.0530014220
-30.9642003639
-32.2897242120
-36.4939081369
-33.5356011987
-34.2376718750
-31.8961028044
-34.8801436794
-36.1942892496
-32.5676096425
-34.9301923702
-32.0229010106
-33.5886170735
-32.6761813770
-31.1985204030
-33.7688855449
-32.4683537497
-33.7163253705
-36.7151295254
-33.7758970287
-35.4319453017
-33.3540329591
-36.2717248799
-36.1317866552
-35.2332561799
-36.6170361870
-33.4743918905
-32.6415589737
-36.3227082535
-38.0159330052
-41.1590635659
-42.8103240580
-40.5067167991
-43.1457990072
-42.3441063282
-42.2247507370
-40.8106492128
-43.6181530581
-45.5220594825
-42.9878880869
-44.9974961333
-40.7083653101
-38.8616960929
-39.1455883394
-38.0957131347
-40.3733252984
-41.2104767425
-42.5335209964
-46.0502023448
-43.2663119623
-42.6962141268
-41.3564153553
-44.0248962264
-45.4958752025
-45.1741409986
-44.2663350930
-42.4746976250
-41.9572285520
-37.6980669376
-31.5054459905
-33.8244258627
-34.3022341618
-34.7983931960
-37.1855210867
-34.0964675256
-34.5445417696
-32.9992763281
-35.2812179835
-36.3625581973
-32.0331114116
-34.6241057057
-32.5312783848
-31.7276720128
-32.7341179736
-29.7811495171
-32.9131060954
-35.5984575012
-36.7980205447
-38.3099916354
-35.0558578070
-34.8678749053
-33.6554306487
-36.8470128377
-34.2256412891
-32.1902210517
-34.7620554630
-32.0119229225
-33.0968622012
-32.1647306557
-30.3862156664
-33.9945408954
-35.6069991759
-36.6524741632
-38.9790515450
-33.9519011324
-34.3070163603
-33.7063492955
-36.6459882875
-36.9096552546
-31.6035160469
-33.9958691469
-30.6613889585
-31.6806979637
-32.7625561376
-30.7385993543
-33.7117904284
-36.1365895657
-35.1187099435
-38.1143072581
-33.5404791964
-35.0134238756
-31.9420916716
-34.2975386925
-32.1860045845
-31.0537248611
-33.7245848238
-29.8932011044
-29.7815262430
-31.9568732517
-30.9062805904
-34.0043603324
-36.2987869080
-37.4606528894
-39.5078042944
-32.8239052593
-33.5397477587
-32.6860266998
-34.9702831005
-33.6824693649
-33.8248530843
-36.9140697875
-30.7818359277
-30.9616098943
-32.6403278195
-32.7222336737
-35.9335648676
-34.9776609453
-35.6897931069
-36.9281691243
-32.5466282870
-33.8650422006
-32.9068312512
-35.5913308007
-34.9968700106
-34.6444268225
-37.6207775827
-31.3154331505
-31.2908347318
-33.8537003356
-33.9611613086
-35.6117347679
-34.5432096401
-35.3349109294
-38.1089800406
-32.6939016586
-32.6667063010
-32.1292162847
-34.8475499008
-36.4142445237
-35.3037826107
-37.5602803056
-32.4391854321
-32.9855109960
-34.8594186686
-35.0978683975
-36.4776986361
-33.5753877043
-34.4037076684
-38.4238258295
-32.3349570332
-32.3252075138
-32.6012701691
-35.0549839567
-36.6843688759
-35.3163905757
-38.0303067700
-33.9391416974
-34.3925845907
-35.9645727965
-36.3541990560
-37.5397378295
-32.4285128693
-33.3627027997
-36.2793305761
-32.7382075664
-33.4515748189
-33.6913579917
-36.5750527659
-35.9286829977
-35.6578466177
-38.9685032711
-36.7524977334
-36.5231593024
-37.2230058122
-32.8137725361
-34.6576911406
-33.4149004961
-34.2652957465
-37.1482926883
-34.0512592975
-34.4706028003
-33.1262415322
-36.1420669507
-37.8456393367
-35.1261589864
-35.6584952061
-35.9297147777
-36.4936531124
-37.7345134074
-32.4250627980
-33.3585005741
-36.2340045440
-32.7159083263
-35.8931712028
-34.7741261847
-36.9875582308
-35.9960855989
-35.6098213735
-38.9000947834
-36.7291369361
-36.4917189959
-38.6672791163
-37.7040906434
-37.9462325178
-33.9189293308
-34.3867913218
-37.2246512301
-34.0856629133
-37.4157074531
-34.0975096644
-36.5604977393
-37.9654752384
-35.1653124356
-35.7004643786
-35.9536930929
-36.5388432124
-39.5064838150
-39.0089176481
