-18.5263138303
-20.0550805354
-18.9981413639
-19.3816055856
-17.4654338952
-20.7919033972
-18.8743141838
-18.8137029504
-20.7139395308
-25.1574746759
-25.8903502012
-21.9769430635
-20.8486981920
-24.0195800698
-23.9185621988
-21.8250311553
-20.5236638134
-18.2731729655
-18.0001666814
-17.3755921723
-20.9774201973
-22.5814190625
-20.1909460479
-21.2936772639
-25.9826062938
-24.1246978377
-19.7279967820
-19.9488713468
-24.2721693350
-22.9439148463
-17.4492839309
-19.9818457778
-17.2324005649
-16.4011478639
-18.5597620562
-22.9533355714
-21.8029662425
-18.8793087042
-19.4624318436
-23.8555987139
-21.6841594693
-17.5529867771
-18.5509562789
-19.7688720893
-18.4437373345
-18.9262491065
-23.2568124497
-16.2826168234
-14.8905194211
-17.6818330697
-22.5511943558
-21.9260438479
-17.2017693520
-18.5723933304
-23.5236810453
-20.3722787784
-18.0564643749
-18.4585460951
-18.8588231725
-16.8382365265
-16.6425066966
-19.9498552463
-21.4678987898
-19.4450079816
-20.4713897161
-24.9884392719
-23.0614826998
-19.7406190214
-19.6184372630
-23.5556858137
-21.8018968989
-19.5141440708
-15.7548786234
-19.0008159857
-19.4852683077
-15.7164785982
-17.0426361984
-19.4261614157
-18.2472359490
-19.3593620527
-23.8233777611
-22.6768948129
-18.3837086542
-18.3539008055
-22.3970816335
-19.0423100602
-16.3714138020
-15.6856998071
-19.7641351817
-17.5819013634
-17.3262179532
-21.6272313141
-20.9837908723
-18.2558281204
-19.1014208945
-23.0854584529
-21.2596037815
-17.5739267116
-18.7934582081
-20.8487525753
-17.0263671211
-15.2154917260
-14.0290561969
-17.6017460771
-15.0890818236
-18.0615326961
-23.4350821694
-23.2433824464
-21.1093450173
-22.2811320199
-26.3754445791
-23.4208326634
-20.1942848128
-18.3709919372
-20.9723467287
-21.9981523074
-15.6867471134
-17.9685684239
-19.3390965962
-18.5934187137
-21.0160286410
-21.7999058394
-19.8543989332
-21.0656773223
-21.8081756532
-23.0459010893
-19.5452503962
-20.6622052223
-20.0177303765
-23.7169018986
-20.0067781698
-17.5227749799
-19.4240304788
-23.3714389929
-22.3529206792
-25.2774737116
-23.3583261616
-20.5363585353
-17.7858763967
-18.6556999692
-22.3758374875
-22.1070205379
-21.9720883523
-21.4278261811
-25.0527737244
-23.0053856933
-18.9860227329
-20.5450892033
-24.7076694263
-24.8131885460
-25.4182961797
-23.7074074455
-23.2679355697
-20.1561255630
-21.1143343629
-24.5930105338
-22.5700655445
-22.3108906303
-20.0593668781
-23.3514764813
-22.3376795420
-18.1161771741
-19.9230559942
-20.7877723806
-24.3408173754
-24.7440783574
-24.3113060103
-22.5756387545
-16.7915019313
-18.6751821867
-23.6123226495
-20.5076174009
-17.5303845165
-17.9977677943
-22.4759607354
-20.2763952210
-17.5376381374
-17.9078147940
-20.1066387259
-23.1223023621
-24.2149952310
-22.7497747775
-22.2369269837
-22.0993174241
-23.3983631009
-27.6974413354
-26.0445635975
-26.7545777027
-28.1820332034
-31.8514142461
-29.6233746606
-26.4784804788
-22.1723763302
-22.7100801656
-25.8898142477
-19.0656139201
-21.9263364160
-21.8912505393
-17.8894083498
-19.1182013039
-23.1117048752
-21.6462876163
-22.0939347935
-21.6046110054
-25.4788051871
-22.4091433133
-17.8693940560
-19.7258969906
-21.6050162365
-21.9213729800
-17.4240757342
-20.6083142174
-21.7130999276
-17.3461584464
-17.2135539579
-21.4519015971
-20.8907230429
-20.9550885433
-20.8854165216
-21.2181679605
-20.2864373582
-19.1073552647
-20.3532897873
-20.0288004337
-17.2368539426
-18.9258684982
-21.9546244243
-21.0576094494
-16.1323398942
-17.4733891024
-22.0856559436
-21.1573055449
-21.5820644243
-19.0290819617
-21.5905880541
-22.3207606184
-16.8854358361
-18.2157619534
-22.5756296709
-18.2534085254
