-27.0778779259
-27.6314752806
-30.0253912726
-31.5133352000
-34.0994593144
-28.5238023361
-31.2211355192
-29.9281614018
-32.4619533128
-30.7202719028
-30.0835764390
-33.0523763392
-33.3141182837
-35.3433917551
-31.1874995822
-30.7783936298
-33.3741754177
-35.3021138968
-34.1116387792
-35.4382240448
-36.2171542242
-38.5110977314
-38.2844818278
-39.7189317619
-38.8803290527
-40.7405836443
-44.8809070714
-42.3193085312
-40.4976145651
-33.9951325296
-31.6588777144
-31.7126146843
-34.6998480327
-30.1632439591
-27.1629257610
-28.4821826911
-30.2799715921
-30.0628876626
-29.2547139190
-30.5293437902
-31.3734629684
-34.9341563854
-32.0315022299
-27.9892664877
-26.7533083810
-26.9202556074
-28.5338716280
-30.3367689607
-29.5196832959
-27.3529153247
-28.0571519904
-29.1752276351
-28.3718658437
-28.7424941569
-29.8033594360
-29.2021796165
-32.6161553020
-30.3218423839
-30.3093703451
-29.6173326155
-31.0402883522
-34.9593878650
-32.0911800574
-33.1433766678
-31.2498351972
-32.4101426998
-33.0381592094
-34.8439211831
-35.0336802621
-34.5623151369
-34.0715674633
-32.6936026148
-32.0464456471
-33.7605328856
-31.2593542816
-31.7839178782
-33.9212608844
-34.4548438067
-35.4737681886
-30.5684571098
-31.4221911802
-32.7943602268
-34.6294161029
-34.4368788438
-33.5681859265
-34.4042164421
-32.1736904855
-33.7649396540
-34.0527843222
-34.6505463288
-36.0830636287
-37.1996955062
-34.4707827414
-35.0162823234
-31.9246302980
-33.3160925332
-35.5834118272
-33.6644487326
-34.8587532522
-28.6832733178
-30.6810278249
-30.0494006664
-30.8903105803
-34.4000388052
-32.7823723632
-31.8699210980
-33.1033377195
-34.0644485348
-35.0874327515
-33.5496228584
-35.3407093783
-36.0039540914
-34.9857741167
-31.9654731863
-34.0423331259
-28.9738030037
-29.5584859196
-31.3312594702
-35.2799674124
-37.1801705668
-28.5174562703
-25.3435183764
-22.9260741892
-25.2239568724
-29.6497348005
-26.0778814016
-22.6280034777
-25.6595734440
-29.5432460500
-30.9365790807
-30.9632980376
-33.0196388652
-36.4908930530
-37.1569690045
-35.0507493659
-25.2649784184
-23.8251073457
-25.7447999352
-27.9420749464
-31.2029685975
-24.7741270295
-27.7373892358
-30.0672193466
-31.4806469088
-30.5009496378
-30.7943286911
-32.6945644944
-34.4429517420
-36.8623433281
-26.9859416030
-23.9461161980
-24.1683759331
-27.1252817868
-29.1422312305
-29.4337745739
-30.2190457927
-30.7519633677
-31.4297580354
-31.0215285088
-32.2385246385
-33.0418733788
-34.7622444773
-35.6074794670
-27.5628764591
-25.3787725450
-23.9833756840
-23.6164122859
-25.8956476974
-24.9366053618
-28.2631969899
-29.5891054663
-30.1122333941
-29.9434206868
-32.3002699056
-32.9988672401
-33.7870395309
-34.7935281425
-28.9160502296
-26.1629732520
-23.6774170690
-26.0898356082
-28.1527752899
-26.9394646774
-30.7992196189
-36.5784847057
-41.7429409934
-45.6871255340
-45.6468095417
-46.6132924561
-47.6132442845
-49.7121758359
-32.7057238110
-30.1877763654
-27.4781561657
-26.2987390835
-27.8429316634
-26.2245062231
-29.0881058784
-34.2857074664
-34.7295898472
-34.4103657266
-33.9516758824
-34.6073926117
-35.2003633474
-35.7652467406
-35.0200107288
-31.9001263753
-30.2438539424
-24.6980856298
-25.0361111360
-27.1861415737
-31.6152398072
-32.2227772939
-35.8959726891
-32.0848844775
-32.9634124161
-34.4448483135
-32.9849465589
-34.1489189628
-29.3531464629
-31.2677652101
-31.2035304516
-29.1681941511
-27.8104297918
-30.2580141192
-32.8286317941
-34.3639664787
-33.8745664680
-37.4112644382
-38.1303406993
-35.3235483454
-35.2925443157
-35.3793424025
-25.9369980648
-24.7297654505
-27.2739701710
-25.5946732601
-26.3465028368
-27.3266572379
-29.3057723875
