-7.7391718550
-8.0887761941
-8.7875304606
-8.8857675544
-8.0717718026
-7.2418668572
-6.8391016116
-8.4199378473
-8.7726453060
-8.3428620660
-8.8510169734
-8.9057650291
-8.0684693129
-7.2385216459
-6.8403923143
-7.4555111513
-8.5839580564
-8.8279759268
-8.0502001104
-7.2280342017
-6.8293365464
-8.2959708498
-10.5607459946
-9.6915918519
-9.1489647172
-8.9645560771
-8.0775119985
-7.2345796304
-6.8307696536
-8.3294242554
-7.8537531016
-7.8270082440
-7.9189368221
-7.1453412018
-6.5722303914
-7.2008763669
-7.6647862171
-8.9477096220
-7.9405991322
-7.8348728561
-7.9187270991
-7.1496871283
-6.5602580563
-7.2535867463
-7.6866336567
-8.1568986219
-7.9861879938
-7.1530103316
-6.5515584355
-7.1807313082
-7.6452068929
-8.7662720564
-10.5177359565
-9.9678798655
-8.3230186461
-7.2273778464
-6.5742305274
-7.2440378771
-7.6680006751
-8.7864197033
-8.2555189139
-6.8407017203
-6.2279920946
-7.2070800239
-9.0139626679
-9.6449958098
-9.8878666672
-10.2480878829
-8.5082558242
-6.8813400819
-6.2363784254
-7.2376879299
-9.0200847665
-9.6464457464
-9.8849849182
-7.7518225507
-6.4009656703
-7.2516565169
-9.0145581776
-9.6345899253
-9.8711419072
-9.7362744993
-10.2394141551
-7.9915320430
-6.4482763310
-7.2931285917
-9.0420331827
-9.6458217559
-9.8760975835
-9.7378784917
-5.3571794486
-5.2039923321
-7.2690091542
-7.7310509151
-7.3476746964
-6.8130027500
-6.2834016881
-7.3097860349
-5.0223527839
-5.1461437353
-7.2406693637
-7.7280876069
-7.3526510865
-6.8167816478
-6.2786557343
-6.6459700324
-7.7789972152
-7.8647985155
-7.3628213570
-6.8058592223
-6.2758438926
-6.7919061692
-8.3330322718
-8.3328005410
-8.2592447349
-7.9863433443
-7.3970838801
-6.8196323270
-6.2764355186
-6.7909080431
-7.7596923437
-8.1079477234
-8.8145937875
-8.9075476744
-8.0925175487
-7.2602499838
-6.8522533149
-8.3269425336
-8.6845979017
-8.3332018628
-8.8620131896
-8.9167728965
-8.0872848308
-7.2513432295
-6.8571106031
-7.4069628675
-8.5692075398
-8.8320991842
-8.0601748982
-7.2323205772
-6.8350223699
-8.3160628298
-8.6453421611
-8.3184591137
-8.8450165659
-8.8975042739
-8.0792079066
-7.2370458175
-6.8385604745
-8.3081813880
-7.8061692855
-7.8060618366
-7.9072583586
-7.1453645044
-6.5664630089
-7.2513328713
-7.6854465209
-8.7842991712
-7.8046028360
-7.8152275081
-7.9103472417
-7.1432439718
-6.5665406841
-7.2037542324
-7.6610124979
-8.1612536103
-7.9881790676
-7.1556862416
-6.5531261797
-7.2416105276
-7.6696681024
-8.7825385335
-7.7681964790
-7.7999319702
-7.9027311902
-7.1394145853
-6.5550369892
-7.1800620070
-7.6504176031
-8.7726323590
-8.2786221017
-6.8504590179
-6.2330539275
-7.2410331410
-9.0187824127
-9.6534261557
-9.8887431021
-9.7664254137
-8.2418675010
-6.8423186586
-6.2341504422
-7.2126596911
-9.0128842775
-9.6448068003
-9.8849667940
-7.7368506594
-6.3957251845
-7.2845014680
-9.0245368489
-9.6468561303
-9.8764277030
-9.7384960093
-8.2166631997
-6.8365603383
-6.2190154323
-7.1913132563
-8.9936195386
-9.6417166227
-9.8737673282
-9.7356518033
-5.3642025803
-5.2263925620
-7.2743040126
-7.7357735661
-7.3532802554
-6.8124175970
-6.2889386343
-6.7946053819
-4.7370958314
-5.0564405434
-7.2034836643
-7.7168298839
-7.3377167380
-6.8111178322
-6.2845525754
-6.6816410662
-7.7923715868
-7.8643376428
-7.3679362678
-6.8154767046
-6.2789690242
-6.7960022405
-4.7006817028
-5.0482406326
-7.1929742120
-7.6941681496
-7.3265198604
-6.8080690813
-6.2802273622
-6.7963168250
