-32.8310241849
-31.0835987228
-31.8689864116
-29.0292022244
-30.4621703171
-27.2820445068
-28.1331713752
-29.6448399793
-30.8335339292
-31.2430515697
-31.0474215228
-29.9982567569
-32.2352674593
-35.5430531139
-34.8673480084
-35.3498970470
-32.7685772566
-28.3178233526
-24.2946291521
-27.3167264590
-26.2355982367
-28.2180042969
-29.1924339796
-30.4273148879
-31.9028812584
-28.2199914896
-30.6314361249
-34.7536238268
-34.7741559635
-31.7058427059
-31.2965322035
-29.9313447853
-28.4498905417
-24.3976574966
-22.9472846913
-25.9254063430
-29.6626651296
-30.5614016221
-32.3248981089
-31.8467752044
-28.8337818854
-31.7732323641
-35.6257447754
-26.7891476965
-29.7810213453
-26.8727028738
-26.9645563455
-26.7682802710
-29.3576101937
-29.6821680696
-30.4902796616
-31.8394128930
-30.9599761315
-30.9930528008
-31.7470506678
-26.0278210513
-28.8473413720
-27.7934215202
-29.4309213050
-29.5374812629
-26.1483573737
-26.5323510236
-27.6205619238
-31.5052582696
-29.8858413875
-31.2155856347
-32.6924698531
-29.6375216861
-31.4153907210
-31.6318506527
-30.3560323981
-28.2405767009
-30.2644520963
-34.0915856389
-29.9904749956
-24.3133851136
-25.3018003397
-29.6415310049
-34.4643564172
-32.1449662148
-32.8960926631
-31.7839942631
-31.0088338027
-31.7507531839
-31.6249789914
-28.0391934925
-27.8935538637
-29.4382266518
-29.8352852188
-25.9649455943
-24.7620744369
-28.8090449215
-33.7696260497
-34.4422138298
-30.4057186039
-30.5835014967
-31.4183307272
-30.6896963774
-31.0281296049
-29.1828838178
-29.0253352960
-27.2060186471
-28.7986817744
-28.0839162623
-23.7285363929
-27.3586904574
-32.9074914797
-34.9165823968
-33.8382973578
-29.0807539305
-30.7531660366
-31.4227970477
-30.9901127964
-28.6182320272
-29.2872403906
-28.1372195454
-31.1969215853
-29.0774190793
-27.6531777237
-26.2186430437
-29.6507627006
-34.9164619856
-34.7553223293
-32.5351453160
-30.5886435903
-33.3854059470
-32.9913858290
-30.7723919325
-30.4621858535
-30.2655978077
-29.3484328791
-32.0253904946
-35.7603363733
-38.7823121044
-39.1265009673
-34.2298603430
-33.0253311615
-30.8804587835
-31.7224846077
-28.7570957916
-30.3118624225
-31.1620609844
-29.3979080701
-30.7484071398
-30.8665950633
-28.4003532099
-31.6918546983
-35.1251414432
-38.0280904563
-38.5953208779
-35.6895704344
-36.6512468986
-38.9705836787
-34.5595822601
-32.3254780842
-31.1954341127
-31.3028912121
-30.5959243433
-32.0003700433
-31.4445318495
-30.9512169637
-31.6094840919
-33.2117036136
-35.5729541624
-36.9124282546
-35.0441508713
-32.4206158995
-35.3232544740
-30.1028437593
-28.7985898618
-31.0827753659
-32.7414543921
-30.7782745303
-31.2916321987
-32.3098330136
-29.3635484639
-30.5791685169
-32.8846187476
-34.7168420639
-33.6209907815
-29.0493718711
-31.1770367495
-34.9458231999
-31.7705849414
-29.1788680107
-30.6085323127
-31.3262442458
-29.1582413760
-30.4306937575
-31.4705064198
-28.3859470556
-29.7255535262
-31.8706266513
-35.8001578212
-35.7586844838
-27.8926567098
-31.0752318037
-33.9075874682
-34.3086980289
-29.4142548032
-30.7560011786
-32.5659784641
-31.9811260262
-32.2174190078
-32.5788039289
-29.2733080550
-30.6367465178
-34.8662980887
-33.7550360755
-27.9575491298
-28.5466038816
-32.1456147933
-36.5603825261
-37.2965318052
-26.8388585049
-28.2323146483
-31.4694383840
-30.9982440892
-30.8984845977
-34.4727297932
-31.4756964081
-31.0709752180
-34.2252658572
-32.3601173159
-27.4280673361
-29.3282671081
-31.9813940039
-35.3330027062
-34.7896249673
-29.7321222563
-30.7444379397
-31.1457750948
-30.1536808561
-31.0202882970
-30.4673085300
-32.6923701692
-28.9184309766
-30.4928261085
-34.7272660605
-31.7590501813
