-19.6244596698
-16.9700927356
-17.0097912353
-18.4317999496
-18.7326216920
-19.3785633391
-16.8147799065
-16.3026932675
-17.3504823860
-20.1120604457
-20.4401461565
-19.6887177570
-18.4137236386
-17.5208875032
-18.4958081825
-17.1682214366
-17.3808546748
-19.2832067110
-20.4026704855
-21.2410769312
-21.3018978954
-18.5068587819
-18.7427298345
-19.1172381497
-21.2759945300
-21.3862971640
-20.7798313730
-19.6206069901
-19.1017626569
-17.9764809567
-20.8374042172
-24.2683542203
-27.1151503452
-28.9006148701
-28.7583359863
-28.9252624872
-27.2329473221
-28.0717743229
-27.7123959629
-29.7216451566
-30.2129314444
-30.0239076575
-28.8239002997
-25.5292112078
-25.6288257266
-26.2398600025
-27.1235470320
-28.9746535315
-28.8708005401
-26.3574304176
-28.6396690506
-27.8912779723
-28.1546485427
-27.2623421977
-29.1142824018
-29.4374058708
-29.7158052735
-27.3194256690
-26.5152417587
-25.8070449197
-21.5496377081
-20.0468935625
-19.9602417232
-20.8633296080
-21.4403772059
-23.1106433200
-21.5673088176
-21.4188314227
-20.5227394922
-22.4627689520
-22.0150608907
-20.5681509823
-20.6726318716
-18.0924150564
-18.6265057475
-19.6676470773
-18.0986420157
-18.3897776806
-20.4579894520
-21.9232488222
-24.4431777028
-22.8553897759
-21.7744607395
-20.7690552536
-22.3003333334
-20.0772917440
-20.9117069950
-20.8677260288
-18.9085106828
-18.9802877353
-19.5558944922
-18.4800168174
-19.1757469744
-21.0876218581
-22.4377510523
-23.4474402867
-21.2901832024
-21.3186317317
-19.8872594187
-20.1813557765
-21.2740992441
-20.2193699935
-20.5573191790
-20.1138249721
-20.2771797588
-18.8488561337
-18.5308293281
-18.4617838650
-18.8759647794
-19.8418737990
-21.4909877595
-20.8419171572
-19.9983323318
-17.3807032100
-18.9892359107
-17.7982681802
-18.9410138466
-20.1657780095
-18.3633577561
-18.7397380371
-20.3456633703
-20.9202279710
-21.5052036224
-22.9359945882
-23.1376186157
-24.3899430297
-22.4763284540
-19.9130268622
-19.7529033633
-20.8478994347
-20.5961541706
-22.2071386450
-22.1096032344
-21.0205234584
-21.1904832111
-21.6868094746
-22.3824062121
-22.6813779669
-22.7186245028
-23.8730769205
-25.4418305118
-22.4048025609
-21.8593739496
-20.6884853804
-22.2512633325
-22.4907177737
-23.7643290959
-22.8514179788
-21.2470618157
-20.5622373090
-22.2994827797
-23.1727278025
-23.7011507052
-23.6605175275
-25.0411198631
-25.3397265119
-22.9208194583
-21.8676334089
-21.5682240907
-23.8206177117
-24.3386127004
-24.5328549920
-22.2978283075
-21.2748229335
-22.0525249242
-22.5964880627
-22.1087669300
-23.1295546534
-23.2891823077
-22.3029639309
-24.3429353138
-22.0048466143
-21.5476621711
-22.4504574415
-25.3736394997
-24.9312340939
-22.4332122437
-21.4487609573
-22.4227804738
-22.8023117302
-23.1879314228
-21.5683923746
-21.0455529937
-19.5273540465
-20.5061609996
-21.3745656085
-19.8151457809
-20.5150664785
-20.7263352012
-22.3999530405
-21.8744455074
-21.1897867257
-20.7259286898
-20.5116332247
-20.5424003613
-21.7104408525
-21.4959978090
-19.1947100736
-19.6376644523
-19.0809871221
-20.7633525769
-20.6970141129
-20.2213002341
-20.0942560111
-21.4108930127
-20.6314329455
-20.7836465155
-20.3496429372
-20.0065710747
-21.5182504570
-21.4133449614
-19.6176876942
-20.4971040737
-21.2913936180
-19.7793310490
-23.4630102713
-22.0607805088
-22.7224046988
-21.8792328887
-21.1875872239
-20.7093087907
-20.4697598301
-20.5328527874
-24.4483185031
-24.1445723512
-19.7233272324
-19.7456575531
-19.0815787480
-20.6978439202
-20.6563407998
-24.5247974879
-21.7800481811
-21.8060447636
-20.7698540036
-20.8387674132
-20.3345843094
-19.9608773550
-21.4969286209
-26.1595568051
-24.3053146378
