-34.6991049398
-32.5157575874
-31.1202924568
-30.5663314030
-28.8487317624
-29.6081281067
-32.3347421354
-30.8484592053
-30.2860147207
-30.5370478691
-29.8680369450
-30.8689965145
-30.7103217157
-30.6410846697
-31.3085692612
-31.8575759278
-28.9668070527
-29.1291442513
-29.7654720833
-27.2634244726
-27.7541709627
-29.3914105410
-27.9945626383
-28.9191080424
-30.0364535104
-30.2319994114
-30.8752247699
-29.6734088961
-29.4056095531
-30.5937183577
-33.0068017514
-33.4845725057
-31.2101768515
-31.0972125876
-30.1235765525
-30.5193534686
-30.6595493545
-29.1524675200
-30.7183921623
-31.8175602834
-30.5998741195
-31.3809197818
-31.0131861970
-31.2061597546
-32.8270407451
-33.1489524494
-32.0979597921
-30.3192117835
-32.2865447027
-31.5236983520
-30.1945988266
-30.7661792123
-29.0959950901
-30.2892252897
-30.3591135088
-28.6920997990
-30.4430272686
-31.6056987225
-30.4661757522
-31.8089499805
-33.2791385797
-32.5380658907
-31.1027611837
-32.3393754572
-30.6969072147
-30.5412695139
-30.9982945780
-30.7798228548
-31.2050839552
-30.7510532719
-29.7083471854
-29.5369763747
-29.8564465200
-30.5009548144
-32.9925988442
-34.9869249918
-33.2105643603
-31.5713054555
-32.7737452411
-32.0943103640
-31.7839295299
-32.1659139082
-28.3829216029
-28.7844762825
-30.4880503836
-29.5472152376
-28.6864567081
-30.5239363017
-28.6467310384
-30.2308860603
-32.1044055489
-32.2307959615
-31.1607482719
-32.4505001136
-32.2437508798
-32.3341479241
-31.4920638620
-29.5477188478
-31.0723176993
-31.7976624993
-28.4863227741
-27.5098023221
-29.2944693565
-30.0194297065
-32.2216225127
-34.7317026039
-32.8385483178
-31.6492252863
-32.5144086390
-32.7613094519
-31.3339949290
-31.7184830409
-31.0536433014
-31.8232486894
-32.1932943966
-29.9958436453
-30.3969749717
-31.3168572033
-31.7644447204
-33.0057596113
-35.8874698560
-33.6817586303
-32.2778153189
-30.5463934852
-28.8956760387
-30.6224620534
-32.2722861424
-32.0527606374
-33.1738693414
-33.8068039689
-32.4366130913
-31.5530789873
-32.4307292042
-35.1358062365
-38.0809600361
-35.9369890589
-32.8105943305
-30.9870394483
-28.9930483223
-27.1624661846
-28.5524644689
-31.3458533303
-31.1172825510
-32.2032251632
-33.3805887992
-32.5418046650
-31.7107867287
-32.1065467931
-34.4450839226
-36.3729148769
-36.9974592280
-34.0317058749
-33.7103016658
-30.5545183038
-28.7829370217
-30.0205715244
-33.5504306782
-31.8509942539
-32.9031313209
-33.4744320255
-33.3993369892
-32.8869748965
-33.0000595539
-33.3566441393
-35.5787370747
-36.9602126959
-34.7865839762
-32.4528963965
-31.3929115328
-31.1870037685
-32.4659833611
-34.4487411288
-31.7736828808
-31.9284609761
-32.9836506781
-33.1114586585
-33.4095525663
-33.9570963132
-35.5303286351
-35.3997463696
-34.9444522331
-33.5914017261
-32.1812055581
-31.0976851136
-31.6189759928
-33.3186117957
-35.2576824187
-33.0902779306
-32.6215433816
-33.2884194708
-34.0182240573
-33.9588051599
-31.9085360074
-32.2836241229
-34.8530518939
-33.5259914896
-31.4464322984
-31.8686070958
-30.3648744188
-31.1048338129
-33.5666971488
-35.0567666064
-30.4686497101
-30.9433795347
-32.2123765948
-30.9250960998
-30.4046777582
-31.3836099316
-31.5664132223
-32.1809958260
-35.4625726053
-35.4211147864
-35.5817197964
-31.6416480731
-31.2469171985
-31.9224411522
-34.3138478856
-32.6377748932
-33.0337744472
-32.8292959208
-29.8913835072
-28.9250126532
-29.0019408353
-29.8239808948
-31.4339408383
-31.9086046196
-34.3080338968
-35.6354386297
-31.5885325096
-31.1034110648
-33.3634407111
-35.4330793598
-33.0463914778
-32.8849592247
-34.9423433550
-31.9789420515
-31.3525359862
-32.4781149273
-32.2850908907
-34.7121258781
