-34.5590320399
-31.7717668933
-32.8897595439
-32.1657028919
-33.3423208409
-36.8718740627
-35.1832269117
-34.6301850853
-31.9917817556
-33.9237335299
-35.0614322940
-33.0864369051
-35.1060385342
-30.6353483568
-30.9341853889
-32.4861180564
-31.2052004650
-32.5246449244
-32.0424829186
-32.8076776312
-34.8810706152
-32.8066911555
-33.6798530034
-31.3609922184
-33.1245728024
-32.5976763925
-30.4816149970
-32.4830615331
-30.0539368889
-31.1103565113
-33.2725025394
-31.2859903912
-33.2674251647
-34.1933349058
-34.6620539028
-37.1704145649
-33.0660691769
-32.3914747717
-32.3842691075
-34.6430933916
-32.9373446342
-31.3534965724
-33.2320687376
-32.0275925923
-32.6407395004
-33.0021917357
-31.8119236558
-33.4914130991
-33.2487313528
-33.3258278205
-35.2084376750
-32.9121960123
-32.5696550875
-31.3537062922
-33.5256872549
-32.8661255887
-31.8959798216
-33.6180261781
-31.7701823200
-31.9367191406
-34.3409746354
-31.2285638522
-33.0511581354
-33.6786386866
-32.0663499033
-34.5058996674
-32.6257468963
-32.4165366592
-30.3962500014
-32.2871091398
-32.7898123478
-31.3442739426
-33.4519890849
-30.6533884129
-30.9108388281
-34.0648148969
-35.0437003539
-36.7694503330
-32.9186922371
-32.0664767738
-35.2594650549
-32.7075323531
-32.5416881511
-30.9803943361
-33.1481174326
-33.9810577990
-32.4094759888
-33.9609205150
-31.5306412177
-32.5643110310
-32.1900436920
-30.8163495963
-33.5332994196
-32.9273569074
-32.9347580576
-35.7670008952
-31.3520026085
-31.3866457335
-31.7871388107
-34.0772688122
-35.0363924182
-34.2628075534
-35.2749250084
-31.2645170894
-32.8128948034
-35.6311419048
-33.2299961059
-34.7440024637
-34.2960745207
-34.1350992614
-36.1680958984
-32.4580915601
-32.4712342009
-32.2796575136
-33.5870842866
-35.0987785018
-33.3623221916
-34.9337252927
-35.5320763258
-32.0388826727
-30.6106968623
-32.0071627322
-35.9780209402
-34.9496085699
-34.5452861568
-37.2079614294
-32.7940870604
-33.8613280260
-35.8012828250
-37.5546877001
-36.1811608557
-33.8301362890
-35.3580141022
-34.4515905133
-34.5862856850
-32.9169018325
-30.0997639404
-31.7916232474
-29.9207628376
-31.6640754720
-32.1985115797
-32.3128610484
-36.0282974696
-36.2415688107
-36.9498935642
-36.8019677402
-33.0449078817
-33.9228234448
-33.6404393437
-33.9654658081
-33.8991169944
-29.7902841118
-30.6802303598
-29.0779666860
-31.2396157259
-35.9023692425
-34.7775205865
-35.3181253262
-35.5332297987
-37.3165357307
-39.0746204497
-33.9913264465
-35.5877473835
-31.0308365709
-30.3394461648
-31.0050626727
-31.3915444492
-32.9182676210
-29.2133855514
-30.0423684714
-34.1515586148
-35.3126298160
-35.8042992063
-33.4053814048
-35.1839039729
-38.5942062376
-35.5792354888
-34.5164764459
-31.4336236618
-31.3424019705
-31.3447775364
-33.2937531586
-34.4899827497
-34.5084564866
-33.4080624932
-35.0557723531
-35.2330037315
-34.2482835952
-32.1086479038
-34.1896530916
-36.2052906403
-37.0381299307
-38.6925157708
-32.1550328996
-30.9957882585
-33.6456254460
-28.3462084337
-29.7267160521
-30.0411839279
-31.1266682979
-35.1973521288
-34.1732675306
-34.8997035861
-33.8773174635
-35.4874493626
-33.0723246182
-31.6163920022
-32.2761245889
-31.5590081885
-31.4910773874
-33.7743966008
-31.6076302430
-32.9616595445
-32.2998012669
-32.6057015366
-35.0888101885
-34.5333164155
-35.2950674642
-33.6641807462
-34.5242776126
-34.4878635080
-31.9622056491
-32.7380043183
-33.4000606636
-36.0290340943
-33.8962689030
-30.2416725618
-31.7211006884
-32.3899510463
-32.0437477311
-34.6875339296
-35.5434622079
-35.1226325349
-33.9352695929
-32.5710765428
-33.0278530134
-30.9051530056
-32.1913343919
-28.3695808928
-29.6705465624
