-25.7872377633
-28.9015521638
-29.6488350725
-30.7084380890
-28.9926275821
-25.7321777238
-25.8591649698
-27.8185002388
-30.2631601009
-28.0781592377
-30.9488129127
-27.2958253756
-30.2763130895
-31.3044006995
-30.0826495174
-24.6207884811
-25.8003480371
-27.1172838347
-26.8213557045
-28.0569707455
-24.6077571783
-27.9450550740
-28.6064266988
-29.9673549880
-29.0035279975
-30.8325927608
-28.0882712479
-31.5774081303
-30.9092827351
-27.0206274544
-26.0490885157
-29.1040538780
-28.0049840582
-30.9711341592
-32.1719583291
-27.9420296352
-30.8358408749
-29.6614611658
-30.7508034173
-28.4331062340
-30.8186565425
-28.9779016681
-32.8694138300
-30.0263324416
-24.8322565380
-24.5596348239
-26.8810451859
-26.8929903346
-27.6924994775
-30.8481614453
-27.9722271484
-30.6142220147
-29.2064608155
-30.9185403159
-28.8953394487
-29.6704222904
-29.1811141198
-28.0662412795
-27.6434346676
-25.7135512198
-23.5856801033
-27.3148622542
-27.1374470165
-26.7809024846
-29.1735757433
-28.8612659464
-31.1832831279
-28.1931184737
-30.5667288380
-28.9671087038
-29.6668324036
-28.8378818311
-28.6869149883
-32.8207386924
-26.4123170000
-23.6614677684
-26.2996362295
-29.8459500132
-29.5048693477
-32.1002460417
-30.5607685680
-31.8380302726
-29.2947062676
-30.8672177567
-29.4653171597
-26.4882509501
-26.7078166271
-25.7978973877
-27.0857024119
-23.2004837453
-22.9633310874
-26.2182546618
-30.7470555855
-30.3642996236
-32.6064057902
-30.1960086366
-32.6664434984
-30.0956471580
-31.4152327825
-25.4082036637
-26.7860639978
-30.8604859012
-27.1970109174
-28.2246131562
-24.5156085355
-26.2799365139
-30.7929680722
-34.2668350058
-30.9479908538
-31.7117136507
-29.7502917692
-30.7324643152
-30.4001376456
-27.1953732680
-24.4278252383
-27.6595134202
-28.1558434586
-26.5969586355
-27.8970129967
-24.7350628963
-27.3541645963
-30.1119239857
-33.5489574390
-32.1713731754
-35.5677499247
-28.2520415506
-27.6661921966
-28.9051252190
-32.4158207507
-29.1073667340
-32.2945051119
-29.7840662216
-32.6266893570
-30.2579714012
-29.4600676135
-27.4045252915
-30.5004732254
-31.9999713083
-31.3267167459
-33.5729564622
-26.8273457548
-28.1916853578
-29.6292894089
-32.4113401886
-29.2781653393
-30.8036134572
-30.7325497552
-34.2540289555
-33.9748683848
-27.9145196813
-28.5373592423
-29.6489114520
-31.9694643947
-30.5707070874
-31.6111851758
-28.4068131930
-31.2343856056
-31.0368576991
-32.7314938470
-29.8888681304
-32.0926403511
-31.4251855565
-35.2564849156
-34.1536998520
-29.4408326517
-28.5194085136
-29.4719182526
-31.7780805927
-29.8300317815
-30.8883945848
-30.1581886026
-32.4120159631
-31.2272252559
-31.8643673298
-31.6664264515
-32.8188770952
-31.7220496256
-30.8684773912
-31.1476392958
-30.1333299653
-28.4396309472
-31.7783097286
-32.1657339632
-28.7346593224
-32.0159464953
-31.1758793927
-34.1519456975
-30.1462758216
-33.7826275766
-33.2758684626
-34.5624834331
-34.7982986848
-35.7974430835
-32.7175045503
-30.4247956233
-26.3531052244
-29.7665349320
-31.6369474307
-29.8730793560
-31.9831585224
-30.6654500768
-32.7982142017
-32.8160626565
-35.8862840148
-32.5429892107
-32.9443418741
-32.8427453493
-33.2060009600
-32.8920393159
-28.1418748758
-25.3105646877
-27.5222044505
-32.2834687656
-31.5315681482
-31.5717948159
-29.5252888497
-32.8212358231
-32.7110419769
-33.9098931248
-26.4115441311
-29.7425371911
-30.5427828796
-33.2781236258
-34.3300017279
-27.7416795011
-27.7671077607
-29.2386364562
-33.7258004327
-32.9567906073
-31.7299258870
-30.8243928573
-33.3462486145
-33.5386460647
-28.3950751808
-27.6695477637
-30.4991877035
-29.5777144013
-30.9605094965
-32.0517430930
-26.7045892238
