-27.0546828296
-26.7883062186
-25.6037910280
-25.6420421660
-24.3432939388
-24.6046799464
-24.6563222841
-26.4188999640
-26.5625588914
-26.6153352811
-25.5250866658
-25.6097111727
-24.3141812853
-24.5762728426
-24.6413141470
-25.4506233668
-25.2070249832
-25.5070220136
-24.2666505545
-24.5389680480
-24.6157059384
-26.3200867992
-29.8701704242
-29.4664952271
-26.0194632016
-25.7288894748
-24.3227889885
-24.5583001032
-24.6191974372
-26.3335582618
-27.0084648183
-26.8718199676
-26.0976005386
-25.7582778749
-24.8351149863
-25.4341368123
-26.4537981292
-28.2267466345
-27.4804967747
-26.9937350194
-26.1232734750
-25.7634277384
-24.8289423996
-25.4583287436
-26.4696037307
-26.9546424041
-26.1106538499
-25.7477891383
-24.8036164110
-25.4104497702
-26.4281213091
-28.1177929833
-30.5944873521
-29.4304850288
-26.5360185830
-25.8550507747
-24.8334462647
-25.4398433488
-26.4456072834
-28.1333357828
-27.5558805217
-25.6948742248
-23.5225457227
-24.2693083392
-25.6896932926
-26.6421862931
-27.2580273486
-28.3744718450
-27.7721657114
-25.7272401718
-23.5181208271
-24.2948090975
-25.6950826545
-26.6403000812
-27.2579639138
-25.8852793583
-23.5199086505
-24.2459449426
-25.6876206602
-26.6421500448
-27.2513304550
-28.2646223410
-29.7989746744
-26.8434529925
-23.6808697295
-24.3275673058
-25.7147305877
-26.6496301630
-27.2587147737
-28.2731238872
-24.6164024166
-24.3484619268
-24.3078494667
-24.8011308054
-25.3713066693
-25.1518134768
-25.2407593110
-26.8411240355
-24.3829885354
-24.3093939058
-24.3089395083
-24.8000601827
-25.3761626618
-25.1504023779
-25.2386543139
-25.7691990023
-24.6238734810
-24.8711588535
-25.3945483737
-25.1535676410
-25.2334474885
-26.5597483469
-28.4928306640
-27.7463969772
-24.9882761750
-24.9732525053
-25.4323231018
-25.1727792991
-25.2410674224
-26.5604914393
-26.1733635991
-26.5169117867
-25.5156698466
-25.6060410211
-24.3152894510
-24.5827224708
-24.6353085618
-26.3345240235
-26.4864553556
-26.5944018245
-25.5231059493
-25.6097254132
-24.3129824985
-24.5801332985
-24.6375197149
-25.4650838928
-25.1922278638
-25.4944243962
-24.2510261941
-24.5313015089
-24.6060379691
-26.3255926738
-26.4493007359
-26.5566581681
-25.4992053006
-25.5913280502
-24.2880720715
-24.5502076450
-24.6106208040
-26.3306312027
-26.9765688073
-26.8645301537
-26.0944210352
-25.7526062931
-24.8205392410
-25.4494517668
-26.4510613746
-28.1242529679
-27.3894187646
-26.9725439404
-26.1198156357
-25.7589691839
-24.8255622352
-25.4374043475
-26.4516866592
-26.9445032062
-26.1101360156
-25.7414210693
-24.8002957975
-25.4273764844
-26.4340388623
-28.1217349979
-27.3519404998
-27.0399491518
-26.1263740087
-25.7534464796
-24.8093449545
-25.4116873945
-26.4295971371
-28.1105834340
-27.5671498929
-25.6958477536
-23.5242817628
-24.2920736369
-25.7007917793
-26.6374442245
-27.2550912275
-28.2183680783
-27.6667423947
-25.7131706101
-23.5263802870
-24.2565929138
-25.6875481634
-26.6355955556
-27.2554187577
-25.8815910826
-23.5177686994
-24.2620754864
-25.6942605923
-26.6453683857
-27.2563223787
-28.2576043903
-27.6786202214
-25.7244658738
-23.5098173512
-24.2393088940
-25.6861888480
-26.6496055659
-27.2553423771
-28.2633834222
-24.6150249768
-24.3644086391
-24.3133993575
-24.7998116220
-25.3826873757
-25.1482831405
-25.2427516790
-26.5532068037
-24.2199263475
-24.2598216123
-24.2869781486
-24.7850041459
-25.3711746214
-25.1466674970
-25.2408939479
-25.7948085046
-24.6361228551
-24.8730683680
-25.3993603503
-25.1615267565
-25.2297048401
-26.5627466082
-24.2298027456
-24.2622567290
-24.2748452871
-24.7780146753
-25.3704509478
-25.1541243130
-25.2272205293
-26.5594001033
