-24.5260882091
-24.8931163294
-24.8150527786
-24.8671870646
-24.2600921844
-27.0188629296
-29.2254951146
-27.7562526605
-29.3006328798
-30.2039237309
-28.4828714048
-29.7218264112
-31.0111019036
-32.6942731742
-32.4093724158
-26.0166772550
-23.4723792134
-24.1828519927
-24.4707006393
-24.6670181544
-27.2156904971
-30.5349441644
-27.7337165052
-29.3681973195
-30.2327800513
-29.2562441102
-30.2264831869
-29.4841715058
-29.6857708930
-26.2283912740
-22.4029694343
-24.1298425729
-25.1171470385
-22.6253715841
-23.2319810293
-26.2679538211
-30.3360271553
-27.6322377847
-28.1685692360
-29.3416181761
-27.7888956330
-28.9813672725
-28.8175762536
-25.9282660853
-24.8332585508
-25.2636579500
-24.0074446268
-25.1599214495
-24.0734711143
-25.5124476206
-27.8428449117
-29.8210978420
-27.2053402808
-28.0926339984
-28.7428398011
-26.5276917819
-27.9858604266
-26.2559167567
-23.9345283557
-22.0160150148
-24.3705216739
-24.2667372932
-26.4821883954
-28.4012257587
-28.4011959825
-29.1407204394
-30.9444553356
-28.7729182124
-29.2825449262
-29.5141450551
-27.4990818519
-25.1904050870
-24.8174775443
-25.3228956193
-26.0526758116
-25.8960606730
-24.3602698482
-26.4145165005
-27.9302437259
-28.6204600060
-29.5793701748
-31.3145437766
-27.4340936326
-28.6508698330
-29.0237209414
-23.7517923318
-22.8878321130
-23.6005031134
-22.1353253764
-24.0808140036
-24.8675495488
-27.6322209591
-28.8152524776
-29.1565467616
-27.8839791036
-28.9135801603
-29.8761319933
-26.1862486121
-28.4431483317
-25.5661781260
-23.3199403919
-20.7392642379
-22.5310441447
-22.7606985654
-24.3411319823
-28.4404801853
-31.1022912424
-30.1804451217
-30.1382623383
-29.9114728899
-29.8611121969
-29.6124183676
-27.9114709317
-26.0833393790
-27.4093424458
-24.1743750422
-22.9544800010
-25.0827835518
-24.6129601183
-25.5142030838
-25.8544656217
-24.7586127130
-25.4249426661
-23.4295750153
-21.5483198323
-21.7850155152
-22.8274306039
-26.0392095234
-30.7228157577
-32.2156480137
-34.1837135415
-30.3740685690
-31.0386105710
-33.8006844590
-35.5037650346
-28.9978331100
-27.3155833483
-24.1490464646
-20.9456264753
-20.6147457489
-23.0418231420
-27.4854679743
-29.0129720021
-32.6125783672
-32.9009874917
-35.4531040060
-30.1610133874
-30.8865549880
-34.2439337834
-25.7146710302
-27.9471108807
-26.1712689600
-24.6003612092
-21.8909204386
-21.9526489020
-25.7243221626
-30.7350120514
-30.1729171073
-33.0058748247
-33.5332282280
-36.7693843134
-30.1926582443
-31.4375980463
-24.1583079292
-25.5326211570
-26.8101355301
-22.9593657670
-23.9372249819
-21.8796342355
-25.5225104277
-30.2534986012
-32.8177249114
-29.7723722266
-32.9232828391
-34.4363467695
-36.9723352048
-30.9385507308
-25.7782080246
-26.3158561011
-28.8046200405
-25.4037800672
-22.1703970145
-23.4640252491
-27.2503711569
-31.7161644325
-33.9579170793
-36.0930435902
-33.1546279122
-35.5052304988
-36.5808615818
-38.4629637497
-24.2838944331
-23.6926426986
-24.6786124688
-27.1836960997
-23.3522752728
-21.1014234638
-24.9648350908
-28.9479125818
-32.2379407768
-33.2836385662
-34.6362761118
-32.2266882375
-34.8137689817
-36.1198570510
-21.4137657034
-19.5509245939
-21.2427573336
-21.2507397546
-21.9996100177
-22.0529612127
-26.1042546961
-30.6511112379
-30.9359460285
-33.0695451471
-33.4989838446
-35.7001497893
-31.8825821465
-34.3387738348
-22.6507946619
-20.8229372366
-20.7548627097
-22.9329808058
-21.3158885146
-21.7576259514
-25.3008824683
-30.2229360121
-32.4107395038
-30.2533445509
-32.6349216279
-34.0286804320
-36.4282428770
-32.9356629684
-23.9959888330
-24.3552960496
-22.8112651050
-21.5913816558
-22.8447133292
-21.6834940583
-21.8149670622
