-25.9008182745
-26.6647224471
-28.2523742638
-29.5604821713
-24.0370427515
-23.2676481746
-20.7708379043
-24.2596546024
-27.8032085890
-32.6378797447
-34.0575263897
-32.4747399432
-35.9893692811
-33.0554678232
-33.7067117804
-26.8716322494
-28.7153453918
-28.1783614890
-29.3303798786
-24.2924503625
-24.2523855133
-27.3339470463
-31.0941974955
-32.0923607228
-36.0491636013
-34.6036499629
-33.6647866213
-37.3406059607
-32.4238458886
-26.0916726260
-23.1393779822
-22.0562960673
-23.5205714800
-26.7078994789
-26.6702231449
-30.7254088074
-30.5186220293
-31.2728296335
-30.7995601113
-34.3757795647
-34.0744207337
-32.6173851747
-36.6522709109
-29.5270714940
-26.0000159341
-26.5780486168
-23.3915569019
-23.4426140889
-23.3873870418
-27.3595228806
-33.1525759832
-31.2299244672
-31.3112736552
-30.8385375037
-34.5289005760
-33.5352270678
-32.3849202862
-28.9816248966
-30.2195765722
-24.1088883996
-25.0002070838
-26.6026832951
-25.8952502622
-29.1728572417
-33.3172550703
-37.5257770120
-32.3962375511
-31.9238574331
-31.3266546291
-35.0296294912
-34.9070115257
-30.2672030932
-27.7258713163
-22.3931072751
-24.4836335504
-23.0379121992
-20.9573463659
-25.0770640564
-30.1671173569
-33.8851212255
-37.9060524616
-32.1333615455
-32.4798561465
-31.1467835746
-34.4846153885
-23.5562658020
-25.2430274216
-24.1988828551
-21.8037468825
-23.6321971730
-20.6879196497
-23.9621716466
-29.6184071119
-32.0456054612
-33.9856872372
-37.6868933647
-32.1647539559
-33.3167657176
-32.2739004904
-23.6682397447
-22.0886503666
-24.7439075061
-23.2520755953
-24.7846080020
-23.2384992705
-27.2319038799
-30.4390024087
-34.3772735192
-33.3926323299
-34.5066207650
-37.0128868043
-32.0765188724
-32.3571824907
-21.0303351334
-21.7710067951
-23.7125016499
-22.7960576007
-23.6731073929
-21.3943805762
-19.8259296927
-22.6351560629
-25.0001863701
-28.0531064067
-29.7324083600
-31.1791249205
-27.9482229353
-24.7655037955
-27.7955329830
-30.3346057082
-34.2732393155
-34.8373149125
-34.5513655289
-36.8939053256
-33.4508873940
-35.6962220184
-29.8776246485
-28.7276672649
-28.5930859917
-25.4554948975
-27.9925625019
-28.2240111799
-29.3509728565
-31.6526054521
-30.7641337691
-34.2574376027
-35.6216642456
-35.4116293728
-36.6772434814
-34.4559610370
-27.1760917003
-26.8012443156
-25.9415679635
-27.2904502555
-25.5041920494
-28.2976200392
-33.2424098801
-32.9886892056
-32.0884627254
-30.3979290823
-33.5772104756
-35.4177048624
-34.5891402476
-36.8131905025
-27.0319045891
-26.9005804921
-27.8301385687
-32.2330705351
-29.5138369443
-26.2244337267
-29.3244649071
-34.5257534352
-32.4275781800
-31.6859500999
-31.7606075703
-34.9856588931
-35.3996712836
-33.8194740820
-30.2303022161
-28.8523617844
-27.7629715631
-27.7629806249
-28.6168248145
-29.3183182222
-33.6108295651
-39.6780409760
-44.8971256337
-45.8275492219
-45.5959802637
-48.4298401207
-51.5834505489
-53.6327279770
-31.6552127361
-29.4717344224
-29.2529286857
-29.8958679570
-28.2126214125
-26.1004965287
-30.0370269971
-33.1598658098
-34.1789766559
-37.3412739721
-34.4909614561
-34.4366704153
-33.3146684929
-36.5068255190
-30.5604863454
-25.2136843338
-26.1925403037
-30.2912047085
-25.3224256828
-27.5051353355
-31.1489817780
-35.9269055213
-33.8605357508
-33.9009087032
-37.4278636205
-35.0252874621
-36.6758971092
-34.0320088082
-26.9990195168
-28.3978481837
-25.7237706808
-26.2301752165
-27.4169934502
-27.9647599785
-31.1006043964
-32.0629593829
-36.0000923278
-34.0030748124
-34.7465269086
-37.7592076182
-34.6995023785
-34.1489448512
-24.5538350708
-25.1894755749
-28.0258955044
-25.6128414812
-27.2996599385
-26.0009156723
-27.9020126869
