-25.3434691821
-24.8320727086
-20.6662638084
-19.5365430338
-22.8100857291
-21.5235893492
-23.3949771955
-27.1804246736
-27.5380204125
-28.1991590119
-26.8213958412
-24.8392473059
-26.2494541914
-29.3528629484
-32.4921948411
-27.7603914514
-25.2134085867
-27.1540876183
-21.0173789177
-21.7314520067
-26.0850883545
-27.5521844757
-29.7901973777
-29.7015376616
-27.9714788779
-26.8990036802
-26.3415911755
-27.6552115163
-29.1762490636
-28.8761886367
-27.7218451533
-25.1617248273
-28.1632834386
-21.6109998116
-22.9378199671
-26.2059884585
-28.6078740450
-31.0152601239
-29.7064260200
-29.4333525390
-26.3579638062
-25.9095567321
-27.8272788265
-27.8892234708
-28.7732030289
-26.4010320975
-22.6969829140
-25.3743994257
-21.7970681103
-23.1917517605
-26.0223216511
-27.8847273757
-30.2151905148
-26.8481924755
-26.5759746909
-25.0122040131
-25.4132227785
-22.2507247957
-23.7943686893
-24.4493451449
-21.2261141311
-19.3336865269
-21.3758382146
-23.1177739276
-25.2076709824
-27.5546390124
-28.3945366341
-28.9834878022
-27.5141210593
-27.3953143133
-25.7583879143
-20.7715240296
-23.1186749538
-23.6492481687
-25.1736609081
-22.9331413353
-26.4923275897
-28.6449432208
-25.6114187306
-26.1911499182
-29.1664917669
-28.2413573372
-30.9642262520
-27.9152847825
-28.2243840209
-26.4703804807
-20.8659226763
-24.2435460640
-23.9030038882
-22.7173571152
-26.2169963218
-26.1356665486
-27.2957515840
-25.4017928757
-25.6893618782
-26.9013106384
-27.5666696026
-30.2139477105
-27.4115794892
-25.0436935257
-25.0520384266
-20.6700517678
-23.9930436416
-23.2782249430
-22.9311204864
-25.8723140719
-28.3090797182
-28.6508348818
-26.4216043628
-24.7138886460
-25.6343096042
-27.8904261425
-29.8333808836
-28.6131624259
-27.8634676796
-22.8931709799
-21.1858537939
-24.0059454915
-26.1694397098
-28.4436441572
-27.3042790215
-29.1637472451
-26.4757361826
-22.5483294604
-20.5318145472
-21.7733590571
-24.5116432173
-25.1399343534
-23.6403349404
-23.6656518704
-21.3554394195
-20.5053130713
-22.7949520210
-21.8594425737
-23.9141282675
-25.6471441278
-26.8819086701
-25.9628664923
-24.8315121542
-21.0593986027
-24.0373340284
-23.0292203456
-24.8104984298
-24.8280154761
-23.9229974789
-23.2348537162
-21.5113917581
-23.0876256025
-25.0624456064
-26.3895012164
-26.7205540569
-26.8794748547
-28.0314609314
-26.3634593250
-25.1876463219
-24.5141301198
-24.8308091919
-26.9466871713
-25.6631788717
-24.7914071700
-23.6822885969
-21.9624463295
-23.9290872113
-26.9996240860
-27.2524515629
-25.9266543272
-24.6611899282
-26.2805734505
-23.8277547721
-22.1678039587
-22.0994756968
-22.9413878499
-25.0401372969
-25.0348838679
-26.1107651854
-22.9241983333
-21.8840513643
-23.8323673826
-26.2383220439
-27.4709414330
-23.8810658304
-22.3153518370
-22.3225497375
-20.2922396929
-20.2651064600
-22.6286171094
-21.7508216051
-23.7574367284
-24.5162843099
-23.9747679812
-21.5001288569
-20.6219164609
-22.9624106329
-25.9367715168
-28.0220221036
-28.6198140074
-24.3418880176
-23.1495275385
-21.8407953526
-20.5564220444
-21.3736283582
-22.2279607937
-25.6754890875
-24.6450904544
-23.7708214634
-20.9144373001
-22.1103981199
-24.0398727190
-23.9144791030
-22.5231381089
-25.4297313346
-27.1940191275
-25.5350096702
-22.4728304867
-20.9179171498
-22.5547001200
-23.1128286094
-25.7079715490
-26.9322745475
-24.2444289836
-21.3802786469
-23.6734608103
-26.5353337479
-22.2644499977
-25.1841897716
-27.1638889289
-26.2897934924
-24.5784904696
-22.0382495332
-21.3795782775
-22.8990005074
-22.2813456469
-24.5926493556
-26.2252700260
-27.1043768146
-23.6140418935
-23.4722471661
-24.2230242986
-23.5109281076
-25.5855878537
