-22.9907025003
-24.3124659543
-27.3201143825
-29.7153107321
-27.3563744462
-26.2463678931
-28.0562561329
-27.8349505212
-29.7438887105
-32.2857277954
-35.0978761335
-31.8696530731
-30.4453341814
-32.5140771755
-33.3604618353
-28.0298737548
-25.3845101465
-23.4636524054
-25.7719693938
-25.0689301511
-27.8116246445
-29.1175175508
-23.9895560207
-25.5015976815
-29.4766577197
-29.2291872599
-28.6542124165
-26.4285614366
-27.2876086235
-25.8187440978
-26.1843196660
-28.0355725178
-25.1819190533
-24.9374066537
-24.7352661016
-27.1631380371
-28.6985015016
-29.0979563785
-28.3524224346
-30.1854564380
-29.8550845796
-27.6357719510
-25.0938612941
-24.6653597857
-26.3055240002
-27.3443762149
-26.2534337451
-22.1305276274
-23.2624076571
-25.9180362308
-29.4168983195
-30.0290484650
-24.3248926754
-24.3239100865
-28.0129690395
-28.4187854940
-27.1042007014
-25.5835799344
-24.8294809454
-25.3484390840
-26.7119644611
-29.4751301101
-28.7578220422
-27.5925159760
-29.3574651535
-28.9976389136
-29.9717513904
-24.7961285136
-25.7207607506
-29.3621036845
-31.0474344386
-26.9732041602
-25.3200034977
-26.1246107735
-27.7826155911
-26.5098834575
-26.7258463244
-27.0457009916
-27.9762623406
-30.4458092882
-31.2186576751
-29.6809873925
-24.7524983639
-25.5692579249
-28.9535232983
-25.7271443663
-25.8262345595
-24.5445645121
-23.8772196110
-25.3237785185
-23.5637912177
-24.4317426408
-25.5674843433
-24.8960899778
-25.8622149854
-27.1760515527
-27.2218345695
-22.6208754558
-23.2487873099
-23.8252147879
-24.2382032966
-23.1524933615
-21.2699656073
-23.0714458281
-26.3957864025
-28.6213920691
-30.7613102613
-30.3477664641
-29.9050038202
-28.3718062656
-28.9735544360
-29.2709700109
-23.7017021908
-23.7632843690
-28.5054683944
-25.5313679700
-25.9906767405
-26.8065378431
-26.8200688876
-23.8414307697
-20.8670476618
-20.7018895266
-20.9375288189
-19.1429330897
-21.0186139255
-23.0153786098
-18.5875658782
-17.1895847052
-17.7875761932
-21.3791523188
-19.6923270445
-17.4252732084
-17.7511024948
-20.5489794340
-20.3197522107
-22.0745380520
-21.5539836391
-18.3447234711
-15.4792507777
-17.7600843284
-20.6697902470
-22.0575971156
-16.0844492747
-16.1522247582
-19.8976587949
-21.0718861504
-17.9019748650
-16.5741757979
-19.4570942305
-20.7603090220
-23.3932838653
-24.0250574730
-23.0212677022
-21.2862411771
-20.4824351299
-23.1289746663
-23.2854512740
-24.8337724032
-23.8904889181
-24.8013339674
-25.7809499114
-19.5257396067
-20.5262852702
-22.4781589851
-25.2516156978
-24.7234116149
-22.8828518393
-21.6457529670
-16.9103333208
-18.2209467714
-21.4940637031
-18.7803750891
-15.1927600761
-16.3733660373
-20.5970461396
-17.9934814506
-16.1812157235
-17.3579314127
-19.2762845488
-22.4600451382
-24.4142307735
-24.2597840543
-18.6719871523
-20.6628188925
-20.6073937458
-22.9178483260
-19.8864088365
-18.1150353510
-17.8594114873
-20.5715143016
-20.2154253828
-22.2330368311
-20.8066772189
-20.6257859754
-20.7374207283
-21.6813708869
-22.3804436217
-22.6483453010
-25.6958036982
-20.4962314840
-22.0577834792
-21.7389942249
-17.7812533854
-16.4678527044
-19.3565877235
-20.6607372102
-23.0542330329
-26.1783438687
-22.3842924317
-18.4272714794
-18.4016684556
-21.7598526267
-22.4569523815
-25.3034211423
-23.3270204738
-24.2988779745
-25.4603741873
-19.4034621143
-20.3904210943
-22.3514280672
-25.1564196054
-28.1066012871
-29.7503008287
-25.6137476820
-23.3518700665
-23.3957642958
-23.8525706861
-19.0486807084
-21.3000013052
-21.8007822495
-23.6868701090
-18.4292832543
-16.1765293209
-17.4526498345
-19.2993411331
-22.4752358135
-26.4890289870
-25.0735596208
-22.9349744697
-21.5986610957
