-31.7314638458
-29.2026379053
-32.6055914906
-34.1648527249
-32.7791889787
-28.2255180764
-30.0457266312
-33.4680548923
-37.4063709101
-35.1152456296
-34.2197302107
-36.1199502574
-40.3934949321
-37.2335799832
-37.9062790164
-35.0566112455
-33.5716528016
-34.7618754978
-30.6886257480
-31.0847418417
-29.8475617764
-32.5014420636
-33.7120480502
-34.3600710657
-32.5147141555
-31.6083953429
-35.3747595590
-33.4205293479
-32.3217121292
-29.4182913159
-29.4059694541
-28.3045654965
-29.8490725584
-28.8223869415
-30.2148720479
-30.1857917645
-33.3484364615
-32.8091884112
-32.7920934063
-32.2158227823
-32.5764011759
-36.6629551251
-32.7773403042
-27.8349777279
-29.9472655984
-30.7390330231
-29.2382726671
-29.6885633214
-29.9705383760
-30.1961588045
-31.1574173001
-32.5234370779
-33.1955238772
-34.3309428888
-32.3677126483
-34.3681932942
-38.1279832605
-37.1180395159
-31.0240244539
-28.3431907607
-28.3801032962
-29.1264010337
-30.9773313487
-34.4192168035
-31.6887813506
-30.4235230460
-33.2771397397
-33.0238294412
-32.8555565896
-32.2814841745
-34.9861961490
-35.7065256241
-34.8429256209
-29.0810982897
-29.5527780745
-28.7002129781
-31.5109518673
-31.8759253930
-35.2919358583
-34.4632327233
-34.3357561625
-34.7865347860
-37.1159927764
-36.4898742125
-33.6488373221
-33.8337688962
-29.7545664898
-31.2448549267
-32.0628325082
-32.2521682789
-32.6042969126
-33.5615977791
-36.0900142603
-39.1092402557
-33.6932623231
-33.4812078871
-35.5694846722
-35.1679016097
-34.3941432707
-28.8106748195
-30.2200646306
-30.6886037467
-30.9693230417
-33.7228915089
-30.4411294132
-30.3388894932
-33.9302996769
-36.1635001199
-38.1734659399
-35.6569145170
-35.7503641832
-37.4935379528
-37.2062694118
-33.0578912876
-29.6019671752
-30.5839222364
-30.6840610444
-31.0411725570
-31.2972196322
-28.9935868721
-32.1573217376
-37.2916732112
-34.8104509643
-35.4059616736
-31.7788728785
-34.6935848261
-34.1776147497
-34.6276722954
-38.4337319982
-38.0608098093
-34.1217676112
-37.1051027163
-36.2208412036
-38.0595488872
-34.2899666662
-35.0068085449
-38.7299694168
-33.4342765620
-34.3401512816
-34.4449894198
-35.2772811532
-37.1164756570
-36.9808406223
-40.5038868178
-39.0334526288
-33.6041637534
-37.6731914611
-41.1048178549
-39.6810690278
-38.5280580915
-42.1414907441
-37.5624992272
-33.7318422760
-34.6473577652
-32.2621573026
-33.0740503077
-36.3166042841
-37.2352992001
-37.1233369612
-35.0762760139
-36.5420641445
-41.1968732230
-42.8998938254
-35.1246469032
-35.3450035162
-36.1028099387
-39.6473800234
-37.7461465481
-41.2002054812
-33.1271037223
-34.6159291047
-37.9083891860
-36.0710162160
-38.4799448217
-36.9450712336
-36.2909805569
-40.3939182619
-30.0101306917
-33.1070842439
-38.0580976422
-39.4900969558
-37.2992374847
-38.6046302409
-36.7145391966
-35.3242823812
-37.3396777509
-40.8705496726
-39.3240715446
-41.0919134252
-40.5488387256
-40.0238208893
-33.1726252435
-32.2755575615
-36.3744696686
-40.9903156518
-36.6685205533
-36.3914624032
-37.9261444268
-40.6348211962
-36.3101430114
-37.1756472847
-37.5397779506
-40.2913870996
-42.5885356863
-41.2926777361
-29.9370435482
-31.0336290037
-32.1347609974
-35.9523065907
-37.6696158183
-41.9156373986
-38.5316039530
-37.8892021312
-39.7616284841
-37.6025265155
-39.0424279941
-41.7131655385
-41.9840665952
-44.7447218844
-33.7311820319
-31.6749810730
-31.9929158183
-35.1005326601
-36.9970656748
-34.8010613349
-36.7312807748
-38.4655231413
-37.9674533631
-41.3352812370
-42.4868343551
-41.3036596993
-41.2667368265
-40.4506586547
-37.7724861919
-35.5575550664
-30.8685770725
-33.8998937415
-37.2591493496
-35.8866672184
-37.7953459734
