-19.8387616227
-22.1191948334
-23.7831951139
-23.4560764888
-21.4851064749
-21.4263723926
-23.9822273779
-25.1543301453
-26.9432616724
-28.7660749929
-32.4911293353
-34.4901030901
-34.8270656020
-36.5882289648
-32.6429505359
-25.4840340396
-24.8306344245
-27.2970163890
-24.9939348103
-25.4218473099
-27.9343164905
-25.7809227708
-23.8144205357
-22.8111628310
-25.0064987650
-29.0879751176
-30.9681203704
-31.9938984085
-33.9748360172
-25.2943512798
-23.2838809857
-24.6588376620
-26.3318312908
-24.8485605583
-25.0390174821
-27.3360688751
-26.7766212866
-23.7795845096
-24.2528709806
-26.7371402934
-30.9724675752
-31.0228955921
-32.3012136597
-21.6626926267
-22.0915062155
-22.4903035179
-23.9452332862
-25.8092288895
-27.0610004154
-30.2094477223
-30.7108719158
-24.9009446806
-22.5001255426
-22.8708160711
-25.4414343935
-29.7323928108
-31.9888598812
-22.7132183085
-23.4815863031
-23.3222848874
-20.1630943431
-19.8239269670
-22.1164373636
-25.6565544688
-30.6203622264
-32.1171908740
-27.3473667230
-24.3071037846
-24.6279889723
-27.1157031444
-31.4423737625
-21.0795229253
-21.8527819182
-24.2302804524
-24.2409232409
-19.7155260621
-20.9590901671
-25.2229665089
-29.5197182424
-33.5172336104
-32.3723822179
-27.5764799679
-24.8025690914
-24.6346936345
-27.2332140125
-20.0910855536
-19.8244189059
-22.3578867607
-24.6622631364
-20.8453283909
-20.6810842347
-24.1372631323
-28.0075706385
-31.2923701054
-34.2424281803
-30.2482179875
-26.7507658122
-23.2322956119
-24.0769043562
-21.9803841151
-23.3813762727
-24.7954864103
-25.9674363814
-24.2821454570
-19.3809984757
-20.5717305222
-25.0509302526
-26.8293847308
-29.1519445017
-32.0581629351
-32.1139168693
-26.8558357075
-24.0702165238
-23.2283432377
-27.0777238579
-28.0213191421
-28.8796400020
-29.4215342602
-29.6735784876
-24.3153334626
-20.0552255274
-17.3080523199
-18.1009515696
-19.0927536440
-18.5885303637
-20.0381939528
-23.2594417855
-20.5044935716
-18.4394341357
-20.0657440415
-24.2324022668
-25.3269709777
-25.5789621629
-26.1516067834
-22.3243776849
-18.2260280342
-19.2926701425
-22.7749726650
-26.3080199677
-23.1124169259
-25.2575228942
-24.1969474290
-18.4976788685
-17.9199450837
-20.2069342181
-24.0470395327
-26.7576853764
-25.0437207103
-26.3526844805
-21.3207509720
-17.2040543028
-19.0152946444
-19.4060357799
-20.8344240951
-21.9100854895
-22.2885474255
-18.7826963087
-16.4197381386
-16.6789544888
-19.3474829229
-23.9716648414
-27.6114337843
-24.3452189826
-20.7901621907
-18.7621667637
-19.6132110224
-18.8254487367
-17.2195116694
-20.0175685949
-24.8353842474
-24.1362417097
-19.7258115556
-16.4258654166
-16.6457612932
-19.2575596647
-23.4003238298
-25.6757091726
-22.1412765868
-21.5655766648
-16.1941279506
-16.5360722720
-19.1385120903
-22.6580831818
-27.2459656707
-21.0124724256
-21.0308024830
-24.9165056044
-25.4805969225
-25.6146383667
-26.1939539885
-22.3399852166
-23.9095311830
-20.4605889895
-17.3295554014
-18.0907100964
-19.6005862203
-23.3007973350
-23.5355808997
-26.3391327219
-21.4185815627
-21.5888093088
-25.0016440587
-27.2075397859
-25.1172286050
-26.3505522974
-21.2912460558
-22.9786991095
-18.9309536364
-19.5405924964
-22.9368166569
-23.0024159368
-22.5731881026
-18.8201240961
-21.1366361952
-19.3850453468
-20.4898971261
-24.8699496935
-28.2096101914
-24.4074898711
-20.7635338448
-18.7169611010
-21.3071215646
-17.8315571866
-19.2324990545
-19.4936715100
-21.9651157531
-23.2251430231
-19.5736355179
-22.0815107085
-20.2139418095
-20.5906793856
-24.3047204427
-26.0590749521
-22.3953236025
-21.6207169785
-16.1924851205
-18.3874072853
-20.9947948600
-19.1381301880
-17.2816013313
