-29.1609082078
-24.2186382273
-21.8713501757
-23.9441380610
-21.9400642209
-21.4314394016
-22.9927259600
-22.4468805030
-23.5283998390
-22.7590531466
-21.1736730296
-23.3572969609
-22.5549357316
-21.5899718488
-24.7374876407
-26.3694881999
-24.0562052040
-20.4515812565
-22.2505111776
-21.2005253336
-20.0123915505
-21.6823820023
-22.4395518456
-23.5820565470
-22.3025781505
-21.0739756428
-23.4917837535
-21.3277986995
-20.9442153705
-22.9990616484
-27.8379203072
-25.5393452286
-22.3355434965
-24.5431715577
-22.7758296835
-22.1255965623
-23.4863322629
-23.1814999304
-24.9447185266
-24.1533522571
-21.8668152399
-24.2687348260
-23.1106588755
-22.4440362992
-25.6910085747
-28.7384343181
-26.3537020179
-22.2910058433
-24.4047401652
-21.9840115389
-20.7242690436
-22.6958436744
-23.2486203403
-24.6756452682
-22.8930065691
-20.3000978308
-22.6433481942
-22.1448172767
-21.5778804113
-24.7640719664
-28.4737536267
-27.4699575445
-24.2967626254
-25.8604530717
-23.1811879293
-22.1476407765
-24.0472712751
-23.3406874266
-26.2016179370
-24.2530237375
-22.4121182732
-24.2630878470
-22.5379170975
-23.0268590151
-27.0256128905
-28.6335534490
-26.2211273486
-23.0503492870
-24.7426957712
-23.5720079756
-22.8002313469
-24.6387508614
-25.4010355416
-26.5971424614
-25.1841768303
-22.6832965496
-24.5563375055
-22.1293676876
-23.3021074623
-26.3358794506
-31.4005353375
-27.7668268277
-22.7170697075
-24.2514521040
-23.3634333070
-22.8645217923
-24.8700985844
-25.1406748500
-26.2175439302
-23.8374201431
-21.1618935870
-23.2229914104
-22.5299476282
-23.1411554446
-27.1664677362
-31.3073031436
-28.1184454457
-23.3722002439
-25.0192336071
-24.6760983779
-23.3518441762
-24.7614608000
-25.5552854747
-25.3883796680
-22.4826020207
-21.8383498775
-24.3566734824
-22.7827971468
-23.9347924472
-28.3461398176
-32.0743983345
-26.9722837136
-22.5007417622
-24.1882387560
-21.8988316484
-21.0061147255
-23.5577558722
-22.9771352574
-23.6190623006
-23.1367176073
-21.1780655602
-23.2405913085
-22.9383792289
-22.9660419482
-26.6641308042
-29.5232925899
-24.1864949431
-21.6348318519
-23.7346766087
-20.8266475114
-20.3491497070
-22.4899358511
-22.6021881256
-23.1460554516
-21.9868233860
-20.5207393577
-22.6644874947
-21.5112402860
-22.1336475897
-25.2349440143
-29.9366357454
-26.5749687825
-22.3117114570
-23.8024248931
-22.7449473312
-21.9512882899
-23.2988075660
-23.2705687557
-24.3611890024
-23.2620659145
-21.9060632130
-24.3646973238
-23.1186257603
-22.8694412181
-26.3922729105
-28.5719984697
-25.2480775942
-21.4526511951
-23.5299326198
-22.7232901920
-20.7300416035
-22.7688686923
-23.5061756763
-24.0080582599
-23.1933635209
-21.4596808014
-23.7268029330
-22.2792354658
-21.7774719576
-25.0770834734
-27.9444297910
-24.7632991051
-23.5409625047
-25.7875898851
-22.9322467694
-22.0791662265
-24.5124795165
-24.2675192211
-26.4149437159
-24.5647458458
-22.9184335412
-25.2990441549
-23.4940298665
-22.7552625984
-26.1434275774
-27.9091432599
-24.9982017625
-22.0800323032
-23.9533153850
-22.3626443645
-21.2753757315
-23.2159851158
-24.7613895992
-25.7514087983
-23.9181078250
-21.0246117731
-22.7842431988
-22.1031264274
-22.2739859230
-24.3559485125
-29.1475972765
-25.5474855783
-21.4233430546
-23.5663661552
-21.9909323985
-21.1411594955
-23.7151607227
-24.8942309629
-25.8143800521
-23.4520101898
-20.9141240077
-22.8057385041
-22.3786130846
-21.8158784487
-24.7529721882
-27.1209500903
-24.9843872286
-22.2014541363
-24.4424915947
-23.0549618905
-22.3509866185
-24.3596717466
-25.2448307789
-25.8612906754
-22.9694234031
-21.6635626063
-24.2681522673
-24.5665479124
-23.6472415599
-26.3948827985
