-37.6305180401
-38.6186557802
-39.8325795453
-35.2749314807
-35.3721082597
-31.7534381501
-34.7901518487
-38.1002584213
-40.1910994455
-30.3866558170
-30.7833467179
-32.1183339965
-35.2195737001
-36.6970687656
-34.9933267305
-36.0292955979
-37.9213454059
-38.6994858198
-35.4477845553
-33.8278280405
-32.8493322235
-35.9798022862
-38.8041841308
-39.6032618488
-31.2690701437
-31.6594939423
-34.5756959714
-38.6757923078
-37.5320337503
-37.9243811992
-37.9050206731
-32.3709775886
-34.8854501863
-35.7939049809
-36.9228457872
-29.0248627665
-32.0696549660
-36.9417117774
-38.4064434355
-31.0016242469
-32.3396628576
-35.2824361911
-39.3710882934
-35.4179145821
-38.1583490575
-39.3646658504
-33.7715873454
-36.1604591260
-37.6851650944
-31.8853473804
-28.4514388632
-31.7236963225
-36.8313121040
-39.3437453563
-31.3465951239
-32.9686140580
-34.6876879945
-37.1984902419
-36.4902703589
-38.4474041166
-40.5476192084
-36.8445725476
-39.6543280593
-36.1946077111
-35.8161420729
-30.4940339545
-33.6413727254
-38.0530021583
-42.0925567326
-33.9547505131
-34.6879598531
-34.6572975937
-38.6233421735
-38.0219424667
-41.2096973838
-39.0764005006
-37.2121778974
-39.3655992505
-35.2470202068
-35.8899023898
-30.0027865063
-32.3913789600
-37.6790183961
-41.1137233067
-33.0591573830
-33.7700429099
-34.9873612777
-38.8399276192
-36.5906628856
-37.4237804935
-36.4383173463
-34.3370831089
-36.2307240670
-36.4874507531
-38.4098028851
-32.0854683412
-34.8893455906
-39.2371401213
-41.1798196581
-32.4138141376
-33.2154423731
-34.2771489715
-38.2175012527
-34.5647204739
-35.6867844894
-35.3473997954
-34.5709435502
-37.8639952557
-39.9013595753
-37.6372019891
-34.0229285837
-36.8437310606
-39.7214549149
-39.9469354482
-35.0224121813
-34.1001169654
-36.1639622843
-39.6059662266
-37.6635338664
-35.5010735882
-32.0372877409
-33.4845776903
-36.8889224595
-37.0394439351
-34.6032538154
-32.6886081056
-35.5536363488
-38.3362147630
-41.9784558606
-31.8139522623
-31.9603595730
-32.0737329259
-35.1473914769
-35.2677387532
-36.7166415950
-37.6105335237
-35.0859789326
-37.7757938434
-38.0373804006
-34.2669929439
-31.3278327008
-33.7971528231
-37.9329513617
-41.7060802744
-32.6729487842
-32.3694344501
-32.5988764800
-33.6259658748
-35.2982133041
-33.8320639190
-33.9817672244
-34.6982388660
-38.7945213321
-38.2545419497
-36.0432564168
-30.5415478491
-33.5960104445
-38.4061858093
-43.0992172357
-32.3599386525
-33.4803431011
-34.4378200039
-36.5049354187
-35.5665757358
-35.0749853015
-35.7040154100
-36.6948368947
-40.3571559164
-36.9949554956
-34.8268365380
-31.9931151819
-34.8687422640
-39.8011806610
-40.7064596730
-31.7631578936
-33.5283450418
-35.8969397592
-37.8672576142
-34.0474091967
-32.6297730611
-35.2939049181
-39.4617028045
-42.1629290813
-38.1559514923
-37.2590263660
-31.8327483604
-34.9724735285
-38.9016094524
-43.2214157331
-32.9348939735
-33.8393394967
-35.1175098613
-39.0291468258
-36.6405264413
-36.0026672657
-35.4025944582
-37.5703379461
-39.0872297124
-41.1461293734
-41.0494354944
-32.6297342184
-34.4655422499
-38.0344753530
-40.3600247279
-34.2528418234
-33.7319743247
-36.0424201115
-40.1987620914
-38.2248208535
-38.0376898002
-41.1021470989
-37.8957889904
-37.2131190665
-31.7876967736
-34.9074439002
-39.7561148469
-44.2033509184
-32.9350855714
-33.8210055732
-35.0911857558
-38.9972249366
-36.6552070421
-36.0215656270
-35.5126769593
-38.1273709167
-39.6330334288
-41.3589553312
-41.1154451102
-32.6186176099
-34.4301146172
-39.6996773924
-41.9652601433
-34.3089375156
-33.7348534836
-36.0194476893
-40.1918049882
-38.2107487087
-38.0005468463
-37.6168951286
-36.4479400026
