-22.8761096215
-21.7365539675
-22.8581705507
-25.1191873108
-25.0929201636
-24.6759158451
-22.4780632013
-24.3828668339
-28.3019957135
-30.7508603330
-34.1484269605
-35.7272143475
-36.4242024274
-35.1577662427
-31.2354911124
-23.7465168850
-23.6986573400
-24.3198334509
-27.1420919812
-26.6685867860
-21.9670110362
-22.1132099618
-22.2625249526
-22.9038357872
-23.8087826143
-26.3176270880
-29.0061081061
-29.8163350715
-27.4706035488
-20.1810541268
-19.6311928299
-21.8717799790
-22.9857157779
-25.8411119573
-25.7444555777
-27.0054704397
-27.4517000072
-25.8463718685
-26.1896883313
-27.2542445684
-29.5193997769
-31.8036344244
-32.2193168698
-21.5122642892
-20.3356860110
-19.5333208068
-20.3598805344
-21.2667278936
-22.6665277750
-25.7216294284
-26.5120169592
-25.1261832561
-23.1907406878
-23.3250578920
-24.2499439230
-26.1333220516
-29.4716023682
-21.2457452226
-20.4546455495
-19.3150833185
-20.6548843916
-24.2557799115
-24.8872026566
-26.9723031379
-29.9373115314
-28.4632532550
-25.1752765522
-23.3092432276
-23.4101808207
-23.8414152485
-26.4049275004
-23.0077625795
-21.6475110331
-20.8360112635
-18.5166251475
-19.3131207234
-20.8691565567
-23.5248086516
-28.0025398709
-32.4049578755
-28.5280226815
-25.1581284638
-23.1451660778
-22.9608014660
-23.5746761209
-20.5212766114
-22.8665555753
-22.5899827735
-22.6339287984
-23.2921533928
-20.2210335549
-21.5642199311
-24.9621333023
-28.6489965581
-30.4747368616
-26.0327754257
-23.1706758984
-20.9906470084
-21.6151657939
-20.4901042686
-21.0666612309
-24.5651652827
-24.5369717966
-24.2334392422
-24.4652348918
-24.2378162393
-26.9995904236
-28.4671512544
-30.2006445460
-30.5005159526
-27.9652596850
-24.4372770102
-22.6740946314
-19.9015723653
-18.9905719389
-21.5001340297
-24.1248610064
-24.4204227959
-22.6947057377
-20.1726147360
-16.8034755842
-17.0660746875
-18.8108509782
-19.8959771705
-19.3361125810
-15.7992829481
-14.6709031769
-16.4405097758
-16.8012540773
-17.9709013003
-21.0613806104
-23.4461483062
-23.3480083179
-22.1348088388
-18.7739876296
-19.4857123899
-21.1210403286
-21.4161205630
-20.2095337503
-20.2028226164
-18.0006366549
-18.9684060242
-16.4206275181
-16.1905807921
-17.6457128357
-20.4419598919
-24.3032912239
-23.0856798385
-24.2029543236
-21.1309931050
-18.2168791954
-17.5628515346
-20.4246991681
-21.0286288753
-21.9796267808
-21.9116519319
-18.0304898155
-15.5526810417
-15.8737825187
-18.0331242981
-22.1886221844
-25.8187453930
-23.0660293110
-22.8457412266
-22.3855805455
-16.5904319459
-17.4802310216
-21.8973040304
-21.0700362145
-22.8339488303
-19.4447503783
-17.1780447692
-15.5365051836
-15.9371007490
-17.8344544775
-20.8102826482
-23.6735177741
-23.6092195628
-20.0780710884
-17.4604160849
-17.8062286114
-15.5468774104
-14.6231122183
-17.7845960566
-17.6861660721
-18.2954347014
-21.2666618656
-23.7031133094
-23.3737796453
-22.0923606499
-18.7691277521
-20.8982782634
-17.8844306851
-17.4574631327
-19.0128983724
-20.0301791698
-17.9382764260
-18.9662893756
-23.2544679662
-19.5181404795
-18.6448319257
-20.9734095853
-24.6273533255
-23.1420616570
-24.1755026241
-21.1514618092
-23.1185105368
-23.6541805385
-22.7055220031
-21.9990170956
-22.7433291017
-22.1551454825
-18.1426359548
-20.5739105960
-18.8918182882
-19.2345522740
-23.0390307047
-26.3378536989
-23.0456589964
-22.8218949481
-22.4510348261
-24.6110622453
-19.6822176484
-17.9335693104
-20.6518213936
-24.7977674611
-19.7673638889
-17.3220869333
-20.4151114595
-19.2860081970
-18.8862580500
-21.4155392885
-24.0067326067
-23.6635818268
-20.1176388257
-17.4782295948
-20.2919950052
-16.7249951498
-17.5425744219
-21.9791594260
