-25.9759521614
-20.0725082540
-22.1317031198
-23.7283357326
-21.0721476879
-22.8435184225
-21.0534577462
-20.4566068481
-21.9285229904
-24.9801772421
-23.9053768652
-25.3151047934
-30.1170207584
-22.3867236634
-23.4737773620
-22.2488450578
-19.9582532452
-21.5769004085
-23.9248189619
-21.0762864805
-23.8554899791
-22.6909488491
-21.8071451718
-22.3887885376
-25.0185694903
-23.6130580117
-26.6680288107
-28.8840351215
-23.9759266307
-23.3340345523
-26.3335725058
-27.2501756833
-29.7782069225
-32.2984393638
-28.8581744727
-31.8394361816
-31.5245592611
-30.4591383979
-30.4823710372
-33.3031181887
-31.9856467167
-34.1708233479
-35.6205677313
-30.5384240136
-28.8144977336
-29.9152220147
-28.4110464875
-30.0781780142
-34.2136495358
-31.6837337664
-34.3407493725
-33.0648665160
-30.8869161766
-30.8121991546
-33.2533556134
-31.1891709044
-33.7148158788
-34.9933849815
-30.9813756300
-29.4629131127
-24.7580301448
-20.3900638141
-22.7340119591
-27.2064005393
-23.5696091052
-25.4958782108
-24.8085630244
-23.0237714331
-22.5058955145
-24.8372212740
-22.9332164205
-23.4957102434
-24.6182705132
-21.1785756275
-21.0839905652
-23.5947240757
-21.5541907771
-24.3880814302
-29.4737500812
-26.0552326162
-26.0725244056
-24.1610666951
-22.4177574934
-22.8985888295
-25.4636352526
-21.0072565477
-22.8343605188
-25.6419463647
-21.7734807459
-21.9697154304
-22.8414613262
-22.3649202491
-25.4469117829
-29.0992173127
-26.9368625529
-25.7096674593
-24.1525211339
-22.4510335386
-22.1400221383
-24.0625176171
-21.5745869856
-23.6850654797
-25.4982990930
-20.4506996459
-22.7653616567
-25.3197109341
-23.7095422203
-26.5959889775
-29.1667131415
-25.4764283490
-26.4702380759
-25.0038616985
-23.0929152827
-21.2483240557
-23.9126097147
-21.3216571884
-23.4473574459
-25.0062709227
-21.9027917905
-21.8975059956
-24.2435551363
-23.7150247967
-27.0237629299
-29.3475991615
-25.0867540408
-26.5552923780
-25.8319087521
-21.7641597251
-21.3299283028
-24.7699222078
-21.8063036865
-24.1959001158
-28.0642709150
-23.0939561245
-24.0112727188
-26.1235997092
-24.2036792940
-25.8083912970
-29.8528190810
-24.2821609872
-25.3978146115
-23.8958707197
-21.8818389151
-21.5289890697
-24.6507154248
-22.7435608326
-25.7616360197
-28.1470713432
-24.0519628530
-24.5725094798
-27.6469468728
-24.3668903564
-26.9758024026
-31.8752897342
-26.1970868821
-26.3454127920
-24.3132181144
-22.5198848126
-23.0804743097
-25.8818836540
-25.4713225073
-27.5473686133
-30.7261441426
-25.1548609235
-26.4465070169
-27.8252476204
-25.5884178150
-28.0832495394
-32.8703109718
-24.2228754093
-25.3392734269
-23.2737702704
-21.9899485197
-22.4300211097
-24.7704762986
-25.1992652342
-27.1743944962
-29.8967573297
-24.8365985749
-26.3916100930
-27.9562079404
-24.9940720367
-27.6552956558
-27.3250467669
-22.9270774899
-24.7892879274
-22.2560546076
-21.3167986089
-21.6678696965
-23.5374244017
-23.2138619985
-25.5575225135
-28.1175845545
-23.7344086331
-24.7827243788
-27.5999637569
-24.5355503359
-25.7196396404
-28.6924998326
-22.7641279209
-24.6995368593
-22.7216098281
-21.7204143621
-22.3115185681
-25.0975340638
-23.7202743435
-26.8507207913
-31.0363230283
-25.0493676882
-26.1697504058
-29.8321820900
-27.9410431575
-22.9974576695
-24.8616060983
-22.2896568883
-25.7232282319
-23.6630316234
-24.1699333190
-23.3640301143
-25.6368599284
-28.1740841708
-23.7376580445
-24.7554254410
-28.7416733785
-29.1529050868
-28.4760761207
-29.7590328106
-22.8325429188
-24.7239566376
-22.7600991713
-26.4072784562
-24.3663958258
-25.8105959786
-23.8148814072
-26.9147082961
-31.0986055540
-25.0461817116
-26.1661423944
-30.5579282367
-31.5877984778
