-31.4587218051
-32.1030721262
-31.8390633559
-30.8662442314
-31.0707175961
-30.8406179041
-30.1317699906
-31.4475805950
-32.3589975005
-32.3934062967
-31.9066497980
-30.8730265668
-31.0687071041
-30.8255489245
-30.1225628957
-30.3314016057
-31.3295933401
-30.7248029574
-31.0207452871
-30.8047293945
-30.0991865580
-31.3918188986
-33.7630702757
-33.6483570332
-32.1812935896
-30.9173881407
-31.0730297264
-30.8149177853
-30.1043765529
-31.3418763655
-32.6779057661
-32.3193016164
-31.8228396064
-30.9736120048
-30.8502379719
-31.5264506519
-32.2733464093
-33.0890001857
-33.0761630734
-32.4309389286
-31.8622584502
-30.9870977058
-30.8494676934
-30.8926589592
-32.0516654184
-32.0968581148
-31.7985415251
-30.9787631621
-30.8466040694
-31.5178131751
-32.2625987579
-33.2370567809
-34.2646950612
-33.4694206855
-32.1052340842
-31.0404579459
-30.8597169297
-30.8803422693
-32.0528201889
-33.1601260216
-32.3454004653
-31.6034474407
-32.0430344150
-30.9594557071
-31.0124974800
-32.1292059295
-32.6357527580
-32.8496739970
-32.2809766971
-31.5729871305
-32.0335217985
-30.6330194064
-30.9125994669
-32.0971196200
-32.6247138250
-31.8638585591
-32.1170640104
-30.9717620404
-31.0161145529
-32.1509562658
-32.6406488815
-32.9779415563
-33.8210198184
-32.7363187704
-32.3444372947
-30.7132850254
-30.9288115658
-32.1094104177
-32.6226230689
-32.9722855111
-29.7270228764
-29.2756175977
-30.7287242571
-31.0481490805
-31.0369379669
-31.1983948317
-30.7581450160
-31.4008525224
-29.4139790554
-29.0654493365
-30.6591765145
-31.0248297053
-31.0355022712
-31.2015976371
-30.7621284568
-30.3899155967
-31.0463845597
-31.1237956161
-31.0669891886
-31.2067319646
-30.7507063255
-31.3279272071
-32.7739769774
-31.7763419665
-31.4197612444
-31.2277495657
-31.0905778375
-31.2169514253
-30.7577074460
-31.3396069606
-31.9046768498
-32.2688813825
-31.8703185415
-30.8548997755
-31.0492002844
-30.8141746930
-30.1055429748
-31.3752300758
-32.3097294486
-32.3775696285
-31.8946502821
-30.8636123384
-31.0582067183
-30.8185503933
-30.1080725957
-30.8718653208
-31.4811621563
-30.7545175869
-31.0097801448
-30.7870285219
-30.0865967101
-31.3238143039
-32.2913942301
-32.3643091862
-31.8910073175
-30.8478170962
-31.0449074377
-30.7982991865
-30.0896247465
-31.3870548227
-32.6852538350
-32.3298291882
-31.8358592560
-30.9822132333
-30.8380908727
-30.8914782971
-32.0514725252
-33.1488657150
-33.1502483332
-32.4463859265
-31.8590815366
-30.9807102191
-30.8434452799
-31.5129507108
-32.2664695695
-32.1597206128
-31.8191228507
-30.9850820356
-30.8360519000
-30.8871168374
-32.0532927128
-33.1585634565
-33.1790774640
-32.6745243082
-31.9263300918
-30.9987696919
-30.8410101638
-31.5084300169
-32.2643309138
-33.2327626400
-32.3642871775
-31.5968761230
-32.0303021636
-30.6377912499
-30.9039878817
-32.0972205978
-32.6203225900
-32.7962088989
-32.2491247080
-31.5607830698
-32.0216879895
-30.9520908082
-30.9999710672
-32.1348645642
-32.6348581992
-31.8643958122
-32.1115115319
-30.6479356249
-30.9190516829
-32.1156580889
-32.6157980127
-32.9643950108
-32.2196353379
-31.5396748477
-32.0143774634
-30.9480478165
-31.0079508944
-32.1337835849
-32.6343157678
-32.9638732927
-29.7118153754
-29.1305773668
-30.6649490730
-31.0270007258
-31.0293154454
-31.1938158815
-30.7461053674
-31.3221883081
-29.3616143492
-29.1783165182
-30.6855757097
-31.0362906740
-31.0313621856
-31.1980582393
-30.7499334578
-30.2241335160
-30.9940159723
-31.1169938620
-31.0667263876
-31.2091049405
-30.7453713372
-31.3272928600
-29.3082450443
-29.1478730350
-30.6653128516
-31.0296235568
-31.0426457960
-31.1953655008
-30.7415561926
-31.3217934593
