-26.8613648819
-27.3430117387
-27.3318045112
-27.5573718728
-27.8784473200
-23.8850596180
-23.8481470882
-27.2256639705
-32.4736252836
-30.6730078349
-32.2556610331
-31.3087504700
-31.2229310830
-33.6910032359
-34.2939915101
-31.1938948473
-30.4578541692
-29.2300093353
-25.7536238342
-27.1455886622
-24.0757327527
-26.2052544217
-31.0171023141
-29.0876851406
-27.5453387075
-29.6888287067
-28.0435834323
-28.1194409962
-30.7640392603
-29.5961350659
-30.0133788149
-30.4167627186
-28.1458143002
-26.7026939507
-29.4103011287
-29.5336415212
-32.0146972174
-33.9951079360
-36.4114779907
-30.7047614658
-31.6508486968
-28.2261731337
-28.2748560436
-27.6646542266
-28.8367141217
-29.9452369890
-26.5984616461
-24.2898922628
-26.0440124402
-29.4235266249
-28.4005227983
-29.6966272960
-33.4602045190
-34.9894882834
-29.3304963847
-29.6124274306
-26.8123427977
-25.8435082447
-28.2281305483
-29.7772877707
-26.3316150941
-25.0062566855
-24.7827450948
-25.5228703376
-28.7851546410
-25.0822657115
-27.0141972330
-30.1811299482
-34.1093188750
-29.3453284547
-30.7745642415
-27.8185662538
-28.7065965795
-29.0237157706
-31.3120076799
-24.8031425856
-23.7821296736
-25.9577036784
-25.9289677552
-28.4237308319
-28.0090762431
-30.2943518411
-34.9102220884
-35.2932084396
-29.6794766178
-25.8087498995
-23.5216938836
-24.1446837104
-23.7382095432
-23.6442083457
-21.3882351731
-23.7267990461
-26.0832267510
-23.4105316508
-25.8715437899
-26.6516652536
-29.6831648881
-33.6212004991
-36.3863552593
-24.5472443089
-24.1673376700
-24.9543968587
-23.1891198682
-23.0483996426
-22.9758108977
-25.5948143599
-30.5306241228
-30.8126030632
-27.4139848295
-29.4459061280
-28.9651163344
-31.1675810860
-34.4180827509
-27.7045468780
-23.2389717913
-25.4005565379
-29.5348027591
-27.8305968467
-26.0156713652
-22.3115548146
-23.0808290260
-24.3511559638
-23.5199915049
-22.4575504865
-24.0508300946
-21.9570077709
-22.1958900085
-25.7033900011
-30.9165984308
-31.7077017308
-32.6094506570
-28.5269831328
-28.9641000865
-31.8255051527
-34.6799722607
-25.2568160476
-25.9369436952
-27.0906270174
-28.3359177801
-30.0734281783
-24.6319866468
-26.5282782430
-31.4361170337
-35.5512672569
-30.9649926421
-31.2270077662
-27.7749594245
-26.8767847062
-29.9323390218
-26.9446831488
-23.3905341781
-25.0327231962
-27.6621025977
-24.3736506883
-25.7996398948
-27.3889242275
-28.4733186612
-31.4942866554
-34.2884623565
-27.2995097623
-29.1627245150
-26.0567278613
-26.6917482238
-26.4897034750
-24.1597358623
-24.8599736297
-26.7761189882
-25.7160070474
-26.6333805187
-30.0945027331
-29.3156267743
-31.6776750958
-36.0645225706
-37.8788998281
-30.1965989575
-31.5408555004
-27.6301314962
-25.2220434759
-27.5435871244
-24.5488936361
-24.5597862885
-22.0262901437
-22.2004456576
-25.8955531806
-31.2633208887
-31.7997726751
-32.6272900493
-27.9954105943
-28.7831117912
-31.7230296221
-34.6001804711
-30.7313885105
-26.5090174010
-25.2829071505
-23.7294917987
-25.4936696454
-23.8917798263
-26.2175025001
-31.8352469013
-36.4308514646
-31.0148432588
-31.2372725374
-27.7164324856
-26.8714523063
-29.9384261646
-26.9396355578
-27.9992801096
-24.4791762873
-25.6960354636
-26.9897321597
-28.5464562976
-28.3379075526
-28.7226520355
-31.9437111852
-34.7836426835
-27.3349244573
-29.1785223473
-25.9835500885
-26.6469464843
-26.4226969948
-24.1008153619
-25.5410864542
-23.6594533896
-25.1946047184
-27.7772819150
-30.8400638084
-29.4906832730
-31.7615629633
-37.0445316442
-38.5560366825
-30.2204361670
-31.5256298763
-27.6358600393
-25.4033683860
-27.6294324179
-24.5295887673
-26.2936694764
-27.3773105048
-27.7381698842
-25.9495956882
