-20.7845877042
-22.9821414198
-21.5925390121
-22.6300838775
-23.6779271349
-23.2111381913
-22.7575281253
-18.8453633577
-20.5948104103
-21.2086294514
-23.2090810919
-23.4320179007
-22.6877564002
-24.4911033150
-21.0606517620
-20.7273786400
-23.1834120351
-22.3504597232
-22.3272206033
-23.2821967278
-21.2091200963
-21.8192870957
-18.3281009993
-20.2131093963
-22.0315668793
-24.1458967343
-24.2383470207
-22.4970431338
-24.5679590102
-22.3521271487
-19.1955515670
-20.9338017178
-23.3975909683
-21.9046223360
-20.9359585021
-20.5885730960
-22.1184491509
-19.1908496308
-21.0725438307
-22.2115311995
-24.9008954943
-25.2204550218
-22.9241128893
-22.2468979975
-21.7942031905
-19.4803696326
-20.8564747818
-21.7928322259
-20.1000842424
-21.5483275963
-20.3870318953
-21.1161688015
-18.5108720059
-20.2949790371
-21.4117875842
-23.7070333158
-23.4969737632
-20.8792983447
-22.9077389632
-19.5614858261
-17.8079219282
-19.3245855807
-19.3403795382
-21.2463226234
-23.0794710046
-21.6907385632
-22.0190805952
-20.6048991248
-22.5756594713
-22.7666937964
-24.8783994728
-24.0466239866
-22.6208379427
-24.1600996406
-20.4164099380
-18.5321666555
-19.8330615636
-20.6826636300
-22.4457127887
-24.2671217858
-22.9860821447
-23.8418256307
-21.0969946834
-23.1000963503
-23.2743515415
-22.7188329395
-23.9936210387
-24.0321673409
-24.0356808489
-19.5338334575
-17.0423384459
-19.7934899389
-20.6806686728
-21.9849578900
-23.9124608424
-23.5325127435
-24.5885843575
-20.8536098675
-22.4596321793
-22.3962000423
-23.8259734236
-23.6249177136
-22.6330342377
-21.6904278629
-18.4317999588
-19.1022895640
-21.4786930946
-21.0765687024
-22.4173535827
-24.3710899995
-23.2586870477
-24.1331334125
-19.9900664093
-21.1749365434
-21.8526201021
-22.3299107502
-21.4379395164
-20.0682542481
-20.6332466789
-17.5268050670
-18.7390299161
-21.6047806200
-21.3399859437
-22.6510393455
-24.4087197369
-23.4548556952
-23.7370961987
-18.5603899336
-20.1161409962
-20.3436528967
-21.6722117380
-22.5622164899
-21.5128365166
-22.5847241653
-20.9788572116
-19.4346124808
-21.4378773789
-22.2547807374
-22.1488952331
-23.8411304380
-21.6169704470
-21.9496817074
-17.4482586225
-19.5534710403
-19.7272873882
-21.4825457838
-22.8396476136
-21.2229954746
-22.2744597422
-20.6666016966
-19.6399882525
-22.2427812120
-22.6176377267
-22.6400211229
-24.3510886448
-22.2572909386
-22.4481414325
-18.6232589357
-20.0976840792
-20.8350222002
-22.9363260171
-22.9258838864
-21.9276258432
-22.6650545355
-20.4913237702
-20.4598277812
-22.8508030610
-22.1479437120
-22.3963502168
-22.7876971607
-22.6688657975
-22.8426070362
-18.0888212930
-19.6441348101
-21.2574716031
-23.2967841298
-23.6119330173
-20.3833966954
-22.1005437279
-20.3337337757
-20.1121549678
-21.8220937574
-22.7723446651
-22.8673944799
-24.6162341282
-22.8181056972
-22.9900241575
-20.4091550793
-22.4369419648
-22.9408402405
-24.7061755013
-22.9142170735
-22.3490033126
-24.1236453894
-21.4421145608
-20.4340849309
-22.7114033073
-22.2312710508
-22.9014899977
-24.9769692605
-22.7041523328
-23.4382785168
-19.9914516170
-22.2960547308
-23.0529928342
-22.9402110717
-22.4742001600
-22.0009602711
-23.4751768140
-21.1778739624
-20.0194794129
-22.1667165011
-22.2086908761
-23.2868533588
-24.5719476315
-23.0140814557
-24.5332433877
-19.7237246835
-22.0608335860
-21.9104919933
-23.5913801647
-23.1858316198
-21.6961240420
-22.4029940328
-20.7820308951
-19.5830109157
-22.2067813564
-22.0171270636
-22.2068460914
-23.7599624720
-22.9652134149
-23.5099830580
-19.2400814553
-20.6161982708
-21.0400626629
-23.7401294088
-23.7978032278
-23.0363768200
-24.8046818544
-21.7921836345
