-20.3337208194
-17.6334427425
-17.5143097192
-15.3458268165
-16.3757584403
-14.2297870230
-14.7272837087
-17.3435563409
-21.6686360597
-20.6091970871
-19.7026629851
-20.4847187158
-23.4510145673
-25.1272693244
-24.4330928115
-23.6154685014
-18.4437438061
-17.8067309096
-17.4825107942
-16.4421603774
-18.6336674028
-22.8883952385
-22.0607895687
-20.8425282082
-21.5216914832
-19.5988216956
-19.9288454195
-23.0616251202
-24.1828481015
-19.0678017658
-20.7131122713
-19.5746737765
-18.1677936585
-16.1437659532
-14.2428623566
-16.2995267123
-21.1848660098
-20.8572683620
-23.3461078436
-24.0209536332
-19.9956836161
-20.2770438371
-22.7518254611
-16.9332034948
-18.4328550395
-17.4952883599
-17.0252770924
-17.5568575998
-17.7845054473
-17.7135323352
-19.4861124169
-19.9713039708
-19.7930471966
-22.5750458231
-24.1864703583
-19.9612592694
-19.2965927394
-16.4533844330
-14.6098906036
-17.2573459489
-16.2259113485
-16.5866802479
-17.6898362255
-19.4691429797
-18.9578150171
-19.0567071756
-22.5140772832
-22.0480870918
-24.5488703244
-25.2183422518
-19.9211814628
-13.4718906855
-13.5090259213
-15.0426022863
-15.4977103093
-13.8129094250
-13.2828396326
-16.4588229873
-20.6707883821
-18.5898598923
-19.6780154224
-23.2983919870
-22.4498062632
-24.7920350267
-23.9258559162
-17.5331873725
-15.6667341182
-16.5073803520
-16.8485854552
-15.4601569415
-17.4548118162
-19.6281363123
-21.6504406740
-21.3255603531
-18.1541991977
-18.1317588421
-21.5090653735
-20.3529402517
-21.9176290355
-14.3768455617
-13.8567738988
-14.2746095035
-16.6000882739
-18.3720793929
-14.9251250224
-16.7049148231
-19.8511909512
-22.1736736027
-23.2607842696
-20.3555876815
-21.1080582136
-24.9735463624
-21.9024383630
-16.7680582769
-18.1413128799
-15.2922697743
-16.9213399133
-19.0889812165
-16.5348929021
-18.2675376524
-21.7339298427
-24.4026662414
-26.4553464409
-26.8117511603
-24.0917843175
-22.3450017434
-25.0196828252
-23.6978287818
-26.1321594669
-25.6221210587
-22.1812495194
-22.6239993118
-25.8636209138
-25.0527543182
-25.5938382371
-24.5496677944
-23.3976556931
-24.3106742476
-23.0372985595
-21.4634066200
-21.8544118071
-24.5524343146
-23.3849726295
-25.7328004019
-24.9032076208
-21.4469330070
-22.6238905696
-24.3309241618
-23.6619467555
-24.4926814049
-26.5463403100
-27.0334736185
-30.3418838532
-24.4947540343
-22.2459270524
-21.4620097425
-22.5498454099
-22.7372536035
-22.8094798677
-22.6113149640
-21.2667447159
-21.9681722709
-24.2896773429
-25.0243795787
-24.6934056949
-22.7797729971
-22.6862223132
-24.4104065787
-22.6200573028
-21.6658734289
-22.8239559196
-26.5455933225
-23.8101315638
-25.7244697434
-26.0135482380
-20.9864253550
-21.9868906995
-25.0313677625
-23.4426231446
-23.4835243034
-22.4123448266
-21.9008136647
-24.7708504241
-29.7264558368
-34.1555666494
-27.0928161426
-22.2920907013
-22.4511681681
-25.7721635878
-24.8614170788
-25.3264880830
-27.8019709533
-25.8957965577
-26.1406908129
-27.1823613624
-23.0725799147
-22.3540133584
-24.7735496280
-30.1684934826
-34.3776916580
-26.4160013768
-21.7488033409
-22.7363732840
-24.3622738606
-23.8037531373
-24.5826913908
-27.4826147091
-25.7398727318
-23.5876401008
-24.3502277386
-22.6747056664
-21.6297596440
-22.5837091972
-26.2857427128
-24.7143469200
-22.9343983765
-21.3935934597
-22.0089530332
-24.1699475424
-24.9507007986
-24.6775263013
-26.2713339848
-27.9341002933
-27.6358004835
-30.7134054075
-24.5302515516
-23.7370431026
-27.1731503811
-32.5900189017
-33.3809189118
-27.5523229860
-21.1991543648
-22.1229620722
-24.7325630421
-23.3915944408
-23.4779342801
-26.1942271431
-23.6596346285
-22.9356929635
-24.4986041447
