-25.3870941462
-28.0367169467
-28.7537583501
-25.2456127123
-24.4649798630
-23.5640928792
-25.1755264098
-29.2246070184
-30.0987774679
-33.6891235274
-34.7948952257
-30.3552957764
-32.9820220816
-33.3142684643
-33.5855398470
-27.2896786778
-26.8534912186
-28.7414791999
-24.2195832852
-24.4983892475
-24.7103414814
-27.4651611071
-32.2233740902
-32.1202163237
-35.6252528242
-34.8520809554
-30.6874839235
-33.1837638565
-31.6989503288
-27.0751605948
-25.0781981297
-27.4065189485
-27.2635112141
-22.8173211781
-22.7698046874
-27.1437568118
-30.0556625785
-33.8356020218
-31.9361521115
-35.0631955097
-35.1488621397
-30.0520273765
-33.2239231970
-30.0036461169
-26.5327432814
-22.9056663312
-24.2172983427
-25.8462566505
-30.0291973476
-32.3092504497
-36.0292865359
-31.1779882686
-33.0132772706
-31.3641069947
-34.8510569284
-33.9288536295
-28.9974887497
-26.7838243653
-26.9739097284
-25.2246507746
-27.2473651340
-22.6171004702
-23.6692987195
-26.5229549133
-30.7428947855
-35.6231788974
-33.0458710572
-34.1452656283
-31.5750895292
-34.5567652346
-34.1235476694
-24.9632919559
-26.5187992946
-28.1827035287
-22.9469299700
-23.5462224104
-25.0132759315
-28.9362949596
-29.4061714093
-31.8904338097
-36.2424905488
-32.1388518845
-34.4163518879
-30.5177559496
-33.9212375704
-24.6532295116
-22.1493405700
-22.9786059095
-23.4869704952
-25.9894650543
-21.9337246365
-24.9395194650
-29.6442781216
-29.1910047535
-31.5439922850
-35.6900999156
-31.4137841375
-33.9806629437
-30.2745459818
-23.4818711156
-22.7010841660
-20.8864302220
-22.4978302414
-21.3073791994
-23.0561464447
-27.3917515998
-30.9840062310
-33.9075602806
-31.0441164392
-32.3625511329
-36.7537353561
-31.0444426737
-33.1985803917
-25.5234049998
-23.6104830801
-22.0158234162
-25.5234218218
-25.1442751014
-25.3485840938
-21.4260798150
-23.3261207464
-26.3912851553
-26.3517484999
-23.6055312870
-23.1319224615
-23.8828342390
-25.4899684313
-28.7188873774
-29.1534255145
-32.7831167409
-32.9206522495
-30.3242787942
-32.6449158305
-31.7444951544
-33.2511159801
-27.8631673368
-29.4823888619
-30.8181697830
-30.9254663553
-25.2092089483
-24.4312287075
-25.9568155965
-29.5900155543
-28.9941215353
-32.7293720114
-32.9131035211
-31.5746584396
-31.5283083830
-31.8305786403
-26.7259861409
-26.3373863619
-29.0034736189
-27.7507429024
-26.5513659044
-24.9463497119
-28.8139436350
-29.2380940249
-31.6129030911
-29.1776265028
-32.1894326416
-32.1112073012
-30.2248403592
-32.0056182922
-29.4410138966
-26.8557567433
-24.3355717344
-23.8701330540
-25.3229137448
-29.3064339138
-31.3787293431
-35.1366528945
-30.9381584704
-32.6625597419
-30.8930835836
-33.8091497535
-31.7472370832
-30.7064107741
-26.5986584245
-28.5589438714
-27.3732558607
-26.9358281839
-28.4789138643
-28.7278718091
-30.6664986563
-34.7180873704
-39.3858089202
-37.3197628711
-39.8567038656
-41.0038916240
-42.5454451114
-42.0973696932
-26.9079142682
-27.7349450593
-29.4630684634
-27.6501069393
-26.6351812855
-24.2485159937
-27.5495978820
-28.9213127263
-30.8993610296
-34.8160901738
-31.4545273424
-33.1266195514
-30.4093292048
-33.6166849835
-23.9537503672
-26.2167684768
-25.7132599367
-23.4365385939
-24.1050279476
-25.0575222964
-28.3311083862
-32.1914819758
-30.1148859979
-29.6720871296
-33.0644897848
-29.3206549455
-31.5793357735
-29.9309991335
-24.2154807410
-22.5068302063
-24.0275249561
-24.6617038792
-26.0797676142
-26.3785088882
-29.0564985614
-30.5400590782
-32.8593328984
-29.5947912820
-30.7772984112
-34.9866375982
-30.1531073477
-32.2016392960
-27.5579285546
-24.8315820609
-23.8536037772
-27.6292317551
-27.4160535806
-24.7039319837
-25.3024269201
