-17.6082953908
-16.2565775107
-16.0650822662
-16.6713203071
-14.8543564498
-16.5021333891
-18.0261011550
-16.8549133843
-17.9363319412
-18.2415022207
-16.6164207810
-17.0307803769
-17.6288508410
-16.3616655731
-16.4034509405
-15.7343024661
-14.9594846441
-16.4963504647
-17.1672323778
-14.7190721507
-16.2483128731
-17.7935131674
-15.8835812411
-17.1088478130
-17.9885892268
-16.3298265134
-16.2223214621
-16.8352550885
-15.9710862313
-17.2011363038
-14.3963342923
-15.8635876381
-15.2625059325
-15.8471684033
-16.0693699456
-16.7374982783
-17.2540576939
-15.8190694022
-16.3382620303
-17.8161231225
-16.2122560505
-15.0129937938
-15.8460032762
-15.5387823543
-15.3062370659
-13.9479606979
-14.5167437955
-14.5048802050
-14.0581390830
-14.5111744903
-15.4564867866
-15.9642158504
-14.8122655562
-15.3516213856
-16.1450229917
-14.6301146332
-14.5543968531
-16.2465250472
-15.1931445750
-13.4086022418
-15.4670687289
-14.7372339030
-15.9234557977
-16.8387116378
-15.8398475226
-16.8438783343
-16.9488304525
-17.0568145050
-17.3562730668
-17.6482359782
-15.9401210170
-16.7214026858
-17.6151722410
-16.5441181164
-14.3633184576
-15.3688057315
-15.7890751310
-16.9936982323
-16.3628928414
-16.2638867504
-17.4442609389
-18.3250884891
-16.7872660653
-16.7913452998
-17.4763239593
-16.3966841397
-16.3535614646
-16.7509982254
-14.9766948787
-15.9038505833
-15.6255584913
-15.8343468217
-16.3036201946
-15.8153953678
-15.9294562137
-17.1917505543
-17.4323442643
-15.4615615622
-16.3756704061
-17.9224565765
-14.9936694985
-15.1020626434
-15.2531551359
-14.9353082411
-15.9764781817
-16.7495029749
-16.5879644695
-16.8301660657
-16.7408357198
-17.0254906943
-18.0213370894
-18.3501684996
-16.3815659560
-18.2349529063
-17.4265393431
-16.5557629299
-14.7919949177
-15.9056785396
-16.6074596516
-15.4510896499
-16.6777971251
-18.3666214136
-18.0575285464
-18.5184738137
-18.2727742585
-19.6269064504
-21.3850297566
-19.7386447844
-19.9186104020
-19.6172358873
-17.4314406490
-18.1695711232
-19.3047240269
-18.0672495903
-18.2428395277
-16.9663863421
-18.5772583878
-19.3771004626
-18.1255059771
-16.8945406811
-17.4531547480
-19.7590863037
-18.2354565035
-19.0545400212
-18.6807126730
-18.1339686990
-17.7307878746
-18.6004547839
-18.8819858969
-18.2440952753
-17.5306202074
-18.2873577691
-19.5173041730
-18.4983067364
-17.6902194190
-19.2203079398
-19.9918529240
-17.7922302342
-17.7605957084
-18.8326621590
-18.2259141106
-17.2919424790
-18.0231922221
-18.5573955452
-17.4101925944
-18.0119163807
-17.6680781048
-18.9371391651
-17.9472530865
-17.9456581585
-19.4706537611
-19.4155794546
-17.1789250840
-18.5105095085
-19.4310044626
-18.4365536817
-18.6611980834
-18.7816295676
-19.0898667075
-17.9516003016
-18.0343256714
-16.1792402038
-17.8273924999
-18.3619401897
-16.6088862882
-17.8874587268
-17.0605649103
-17.5159965570
-18.3136236186
-18.6035048301
-18.0602497661
-17.6874269962
-17.3080600763
-17.2058485959
-16.6908362002
-16.6899571754
-17.4869758150
-18.9419653868
-17.6395739020
-16.5024013701
-16.8185393935
-18.0468831562
-17.0379303737
-17.7391949051
-18.8973668808
-17.9949055185
-16.4953135063
-18.2075555772
-16.3059595157
-17.0236316661
-16.8490942151
-17.1054249326
-17.8135598402
-16.0745469951
-15.1238142888
-16.9240197119
-17.4924803896
-15.7127501895
-17.4390320915
-19.1567566841
-15.8693226668
-16.4411738982
-17.6531825896
-16.5835706429
-16.6200028991
-17.6211506380
-16.4277451523
-16.9962615116
-15.6598456192
-15.6100946607
-17.0977467449
-17.5557066974
-16.4040412705
-18.2137488727
-17.9692364542
-16.1981800110
-16.0094668406
-17.5316079813
-17.0809507775
-16.8932499676
