-25.9050683861
-27.3350655724
-26.1443079103
-24.9036943936
-24.1429502608
-23.9499404083
-23.3385151171
-24.8706824404
-28.2128673797
-28.0364658003
-26.2517948028
-24.9081089323
-24.1276003526
-23.9377428174
-23.3347439875
-24.3141217335
-25.3631999707
-24.6963224076
-24.0596397569
-23.9128194442
-23.3339167470
-24.7444952463
-27.3481434810
-27.4722619168
-26.1556717869
-24.8786519193
-24.1038576422
-23.9211954168
-23.3320667833
-24.7623242866
-27.5294606086
-25.6377247185
-24.1681416125
-23.6057643143
-23.3420739354
-24.4461475152
-27.0163604965
-28.3467314584
-28.7817252900
-25.8283628771
-24.2057558136
-23.6121738105
-23.3472471018
-24.4151848979
-27.0008461775
-25.5905681255
-24.1614317724
-23.5914267722
-23.3320214735
-24.4427802966
-27.0148445363
-28.2607618867
-28.4995172014
-25.7306630543
-24.1802188069
-23.5973883417
-23.3338364834
-24.4077086629
-26.9991761614
-28.2595902863
-22.8879162464
-21.3161422548
-21.7745591417
-22.7714423373
-24.4436541439
-24.6367934525
-23.2791984705
-24.3090961496
-22.0837878941
-21.1764473311
-21.7296641842
-22.8310230793
-24.4632451162
-24.6412662475
-23.2695356790
-22.0594224929
-21.9207334666
-22.8016217316
-24.4379644377
-24.6307438513
-23.2668765990
-24.1126129248
-26.1667806305
-23.6156769551
-22.2055812816
-22.9586912892
-24.5021474302
-24.6567766842
-23.2811778928
-24.1166740416
-21.6415119140
-21.7947404430
-23.6161093520
-23.8863464511
-23.7657428023
-22.5814333276
-20.3072297090
-21.5402312507
-21.1173947736
-21.6195790355
-23.5526073100
-23.8745152281
-23.7662839393
-22.5866686343
-20.3049395858
-21.1434159560
-23.3609088693
-23.7972931623
-23.7330661524
-22.5634088034
-20.2881319713
-21.3390383024
-24.1638500578
-24.5738752714
-24.4439726132
-24.0870047191
-23.8113976787
-22.5859708523
-20.2906408797
-21.3499905024
-25.1546848579
-27.1466748253
-26.0917347696
-24.8679301569
-24.0921519940
-23.9135910176
-23.3314764520
-24.7483349892
-28.0125159566
-27.9931528367
-26.2465361942
-24.9045941308
-24.1046654639
-23.9281512283
-23.3327050143
-24.3665460002
-25.3749755259
-24.7007408300
-24.0409096842
-23.8983123115
-23.3319101384
-24.7665511106
-28.0194717672
-28.0088652270
-26.2450953199
-24.8944303350
-24.0925183619
-23.9190943035
-23.3326105094
-24.7489227310
-27.5288392075
-25.6296995791
-24.1588387163
-23.5930708967
-23.3334260995
-24.4131977083
-27.0013342364
-28.2446779507
-28.6968975447
-25.8139049394
-24.1973759573
-23.6047312345
-23.3412272760
-24.4489671238
-27.0148691334
-25.5866429403
-24.1516058634
-23.5735614827
-23.3201747151
-24.4045861213
-26.9917258187
-28.2532377530
-28.7314047340
-25.8292496681
-24.2006227794
-23.5956484178
-23.3310233475
-24.4420540337
-27.0134217863
-28.2555628293
-22.9125716404
-21.3223342610
-21.7672460238
-22.8550272974
-24.4586156762
-24.6375443124
-23.2833527977
-24.1167064067
-21.9536703245
-21.1520741548
-21.7194084717
-22.7547305237
-24.4283586084
-24.6254943046
-23.2778805818
-22.0655782506
-21.9246327605
-22.8817423786
-24.4643921196
-24.6379016182
-23.2787751408
-24.1126569408
-21.9152211127
-21.1402985978
-21.7148359930
-22.7403088331
-24.4162840034
-24.6254023889
-23.2707927223
-24.1145470366
-21.6295486421
-21.7446580783
-23.5984486071
-23.8869406662
-23.7630681873
-22.5743001574
-20.3031621188
-21.3430903575
-20.9521809644
-21.6162998484
-23.5480192966
-23.8688022192
-23.7526208768
-22.5707180372
-20.2956237424
-21.0915884879
-23.3464198603
-23.7894246675
-23.7351815063
-22.5567455680
-20.2731057077
-21.3383728850
-20.9037530800
-21.5445266901
-23.5179913696
-23.8371651221
-23.7436014949
-22.5594913854
-20.2738047842
-21.3303801094
