-23.6251222540
-24.9541456976
-26.1934646220
-24.3759395118
-20.5244315130
-21.4412575364
-25.6912998535
-25.6256656424
-27.5632596434
-27.9044801627
-24.4674162659
-24.5087161561
-25.9195819961
-24.9911475564
-25.8882439471
-23.1166243258
-22.3174710665
-22.9864912241
-21.1535629163
-18.3139472810
-18.7585263839
-22.2740804088
-21.9195204278
-23.9077329908
-24.6889445511
-21.1987763460
-19.8419255936
-21.2170688454
-22.2639308596
-21.9221549143
-23.4652071936
-23.8895168849
-24.8922787194
-24.4441836192
-21.1814884408
-22.4624699024
-27.0698916127
-25.3725261570
-27.2473133338
-27.3193143364
-21.7522003305
-21.3749682483
-24.2941501395
-25.4265026351
-24.2554433110
-23.2506321235
-22.7947008647
-24.5898064316
-23.4591084001
-21.9357260648
-22.8733107333
-26.5830573493
-25.3130748786
-26.8440614336
-24.6961644528
-21.0085614863
-21.2409164258
-23.7859305648
-22.3146203850
-23.1292064046
-22.3474536839
-22.2582113781
-24.4347383103
-24.3148428120
-21.4164221943
-22.2605675286
-26.1609277867
-24.2166238482
-24.7651827216
-23.2932071759
-20.7256050501
-20.4491383768
-21.9036177279
-22.0919386043
-22.9651033581
-21.2596400219
-19.9542102449
-22.5330468498
-23.1097112349
-21.8352907663
-23.1351213758
-25.9281055450
-21.7646024604
-22.6172169664
-23.7238836410
-22.0805837957
-19.1518282002
-21.3480990946
-20.8274838120
-19.9109348151
-21.5264218919
-23.6077605528
-25.7353157850
-24.7608031425
-22.8328678593
-23.7019986664
-26.4520905516
-22.4386300890
-24.0346671630
-24.8393003719
-19.1762570410
-19.7064419494
-23.3000399969
-23.3756347777
-21.7523038981
-23.3617982335
-24.1293661565
-25.8856262909
-25.4336785216
-22.8101375135
-22.4480754029
-25.2614390082
-23.1697968608
-24.2657986973
-22.5526481891
-20.9434075484
-20.3786843974
-22.0321610825
-22.6341100321
-22.4088649714
-24.7419047656
-27.1163840868
-28.8314580884
-27.9867834628
-23.3462515514
-23.3512020554
-26.6011064733
-25.5776015464
-26.9845512077
-27.4013393043
-22.7302680132
-22.4609850193
-24.8918657479
-25.3912355154
-25.9246490015
-25.1917410886
-25.4905794701
-27.6350172560
-24.9243378462
-21.4613417488
-22.1995795692
-25.3015815351
-22.2027849583
-23.9292541901
-24.6438787122
-21.5161894874
-21.1239220733
-23.5170398339
-23.9410737762
-24.9366648998
-26.7094685057
-26.5107832082
-26.8239241505
-26.2167581137
-22.6031474143
-23.4205633956
-26.8588702073
-25.0054514395
-26.7876174817
-26.6893739449
-22.6986050257
-22.4806588455
-25.1001814835
-27.4648206241
-27.4637331682
-26.5227866135
-25.1162304753
-25.6095363950
-27.3594749802
-24.7019266613
-23.2105608020
-26.1777535221
-25.0002446156
-26.5334889453
-26.7108873768
-23.3100316241
-23.0645444221
-25.9531091812
-25.9788481505
-27.0082266034
-26.5310771380
-24.5269685173
-25.3675497690
-25.7744899708
-21.2807314233
-22.0593784662
-26.4497240475
-24.2403691511
-25.6572664816
-26.5199967789
-22.9113728603
-23.6852324794
-27.4779969139
-27.7029895002
-27.1161562431
-23.5062300429
-23.2240465014
-24.2690830758
-21.4108399324
-19.5375036100
-20.2964911095
-22.9936580434
-21.1129038425
-22.7972149379
-23.6121906292
-22.5060974659
-22.4525274845
-25.2375072893
-23.9213261569
-23.9752171904
-25.3049319279
-24.0888507905
-22.8611675087
-22.2123118248
-20.0038705777
-20.1777943730
-23.0053921752
-21.6344590007
-23.3837841850
-25.1078143668
-21.2809087827
-22.0693752605
-24.7784211666
-23.7066125703
-22.6368118345
-23.7923141705
-23.3590938484
-24.8424397380
-23.7969889229
-21.2935206467
-21.7106907198
-25.3967413792
-23.2723475071
-24.6888306156
-25.8679021215
-22.6075982038
-24.1174792662
-26.6911591798
-24.9248090777
-24.8164017323
