-23.1103248673
-19.7959548270
-22.2198592466
-21.8808757337
-17.9518164999
-20.1429932939
-23.9993003591
-19.8413831541
-22.2792108495
-21.9160250487
-19.6206484177
-20.3343655250
-21.9027128092
-20.3806651083
-20.5069299972
-20.6599216206
-21.2370973924
-23.5237237820
-23.7287370427
-19.4939834997
-19.2136537673
-22.6584106977
-21.4940507654
-24.4511368281
-23.2749781127
-21.1957858549
-22.0013538157
-24.6079396995
-22.2343029609
-21.5361960219
-24.1558572688
-26.2092559901
-29.3438370736
-27.4073241784
-22.7786661235
-23.7750935919
-27.9298320241
-26.7502971638
-29.3306672512
-28.0443213372
-23.9392380567
-25.6028149036
-28.6142330340
-25.4820559072
-26.3744671746
-26.9176081685
-27.4813913248
-28.4940540296
-25.2057200209
-23.6165857511
-24.9075263608
-28.9908578617
-27.6357758857
-30.2655641222
-29.2160782857
-24.9021188740
-25.6687896021
-27.7944494101
-26.0866897551
-26.3568439788
-24.8292453191
-23.0027576993
-23.7145820360
-22.7552133938
-19.5040890406
-20.9788494356
-25.0965087335
-23.6595168196
-26.3968699779
-24.5412969974
-20.0112341855
-19.7986812322
-22.8072971815
-21.9714035593
-21.6014470508
-22.4649775152
-21.2628234080
-23.6209264805
-24.2119089619
-20.9682286493
-21.7662038730
-25.1430685266
-22.1604934211
-25.1345436751
-24.8084232001
-18.8544720592
-19.7409362033
-22.5231872889
-22.8754959852
-23.5317463328
-19.7712346967
-19.3309756518
-22.2972806893
-24.1733173534
-21.5192537725
-22.8162181839
-26.5220020790
-22.7086484223
-24.7728738553
-23.8590267898
-19.0053444562
-19.9479806953
-22.5608934063
-21.8486470114
-22.7619452433
-20.2082378586
-19.0044019969
-21.3549345148
-21.9690901322
-20.3828620235
-21.1070989193
-24.1886219436
-21.0223449419
-21.9607102699
-20.9394435189
-18.1268847190
-17.2904381712
-20.2587228357
-20.9413763381
-18.7996553873
-20.6295816934
-22.1163169593
-24.4720366325
-24.3103130500
-21.3011056224
-22.8913028854
-26.1074471422
-21.3617259193
-24.0158322292
-22.8566882391
-19.7119555938
-21.3823564488
-25.0862400787
-23.1138552021
-20.8288560727
-22.8519811185
-23.3820300330
-26.0059826636
-26.6026793947
-23.1569688105
-24.0924691575
-26.1711278330
-23.1625497703
-25.8895682989
-24.3155444760
-21.7221063838
-23.4401155274
-25.7609835465
-22.2217856053
-22.7271856012
-24.6918495968
-24.2719725936
-26.0300477285
-27.5378365645
-22.9143167492
-22.5675579494
-26.2560462035
-23.3707490068
-26.1350761938
-26.3898792290
-22.7577818573
-24.4923370470
-25.8202962999
-23.4773115777
-24.6634114261
-26.0899314005
-25.5126340325
-26.8593026017
-27.1802343596
-22.6743897856
-22.7485022640
-26.3126247939
-24.0886332952
-26.6314735698
-25.7857683998
-23.0782670352
-23.0498314454
-25.4238474262
-23.5453032429
-24.9606471041
-25.1200598569
-24.5814408221
-24.8611387482
-22.8809086585
-21.0681241085
-21.3534146812
-25.0836936259
-24.0293762090
-26.8879375425
-25.8059315781
-20.8716266157
-21.1175449359
-24.4883134606
-23.4610192124
-24.3827101934
-25.2901218663
-22.7177998560
-22.4292145750
-23.1146772671
-19.3079812106
-20.3916095460
-24.3842585085
-22.9076327997
-25.6878407166
-23.3008879579
-20.0340706882
-21.5329699100
-25.1639100701
-23.3096781967
-23.9531160167
-24.8013897143
-22.8658655665
-21.0972018116
-21.3629285960
-25.0899412984
-30.7549564154
-33.2630015297
-26.7287630143
-20.9940362242
-21.1609006315
-24.5328265108
-23.5028964867
-24.4192434151
-28.7557830524
-26.6253527725
-23.7041645055
-23.4114948138
-19.3638322562
-20.4110607056
-24.4081021967
-30.5443311828
-32.6023368763
-24.0914852639
-20.2757194702
-21.6299473685
-25.2212990731
-23.3334429154
-23.9545400616
-28.3981316737
-27.4712171682
