-28.1784857663
-28.0858167132
-28.4026886426
-29.1909128376
-29.5362423421
-28.9293184464
-28.6777752164
-30.3323026347
-28.7733596695
-28.2078340319
-28.4290127538
-29.1988188738
-29.5405533131
-28.9303243398
-28.6761699299
-28.8646875377
-28.5540063245
-29.2434057082
-29.5722590170
-28.9320694417
-28.6643555383
-30.1530011942
-32.5893289105
-30.8600819978
-28.9381035064
-29.3473544863
-29.5979461909
-28.9415587567
-28.6664708918
-30.1701013796
-28.5033206881
-28.0508059301
-28.0720824520
-28.5100590134
-27.2381606293
-27.4262329097
-27.3367291164
-28.8397628680
-28.1661626006
-27.9720484965
-28.0495993771
-28.5080795914
-27.2406423507
-27.5340097852
-27.3648488194
-27.7776754702
-27.9971686442
-28.4912771598
-27.2411990227
-27.4280336787
-27.3181414502
-28.7303535248
-31.4833966102
-30.5941326350
-28.5656420623
-28.6360118716
-27.2658479406
-27.5439910434
-27.3484736008
-28.7543512648
-29.3379182530
-28.4252649273
-26.1058599965
-27.0799803346
-29.0373503500
-29.0941943248
-28.7015658225
-29.5510990112
-29.7087795780
-28.4776814189
-26.1135459541
-26.8742045887
-28.9525808617
-29.0820498140
-28.7022195885
-27.9100740769
-26.0213688363
-27.0575477477
-29.0297899680
-29.0813597997
-28.6914564007
-29.4574784410
-31.0767037606
-29.4134922930
-26.2279847737
-26.9182981892
-28.9718430061
-29.0728427188
-28.6914046173
-29.4613583151
-27.9541676720
-27.7156233735
-29.2837812566
-29.8800494095
-28.0606784407
-27.4221394303
-27.7604924315
-28.7105308297
-27.6535881053
-27.6291165469
-29.2474836559
-29.8702571617
-28.0665584505
-27.4205380273
-27.7564882770
-28.1667762384
-29.4255164091
-29.9336595067
-28.0679009359
-27.4062872244
-27.7417714233
-28.5030747230
-29.7929263690
-29.4443345110
-29.7777175728
-30.0252009708
-28.0880162131
-27.4237252981
-27.7486702721
-28.5089417866
-27.9663173634
-28.0644689904
-28.4299707476
-29.2021511380
-29.5289835987
-28.9267033827
-28.6853110014
-30.1749379527
-28.6773052757
-28.1993790908
-28.4406109497
-29.2118437028
-29.5404264437
-28.9353382711
-28.6858301304
-28.7542917197
-28.5385696813
-29.2294578390
-29.5646999298
-28.9351842155
-28.6667129794
-30.1612244039
-28.6317164311
-28.2033936019
-28.4274903207
-29.2028528033
-29.5463051584
-28.9335698668
-28.6778606592
-30.1616114851
-28.4655524369
-28.0343219666
-28.0683229743
-28.5073908717
-27.2385515944
-27.5301040192
-27.3645018703
-28.7667611662
-28.0952218781
-27.9677064549
-28.0466347751
-28.5024882746
-27.2357850640
-27.4395736186
-27.3260733788
-27.7673407900
-27.9969433862
-28.4921367649
-27.2370252773
-27.5368915336
-27.3346836704
-28.7563941215
-28.0560347604
-27.9800179677
-28.0504874630
-28.5045013558
-27.2364517758
-27.4327848095
-27.3147198594
-28.7432463065
-29.3023844582
-28.4161898796
-26.1028254867
-26.8605402327
-28.9543492662
-29.0831851659
-28.7043038719
-29.4153098933
-29.5816551243
-28.4617606005
-26.1136521101
-27.0866358015
-29.0470843417
-29.1005844011
-28.7075519881
-27.9123823237
-26.0203694158
-26.8414515612
-28.9351013622
-29.0679349435
-28.6976251029
-29.4558705653
-29.5504517199
-28.4476651484
-26.1018247718
-27.0870215881
-29.0352116939
-29.0872462820
-28.6918240632
-29.4577295907
-27.9545664045
-27.6856407614
-29.2637566013
-29.8701044007
-28.0626112577
-27.4194609318
-27.7584133264
-28.5070685208
-27.5111784658
-27.6171998826
-29.2481050573
-29.8647435203
-28.0579520428
-27.4153713345
-27.7550435190
-28.1464124008
-29.4119957537
-29.9243423720
-28.0653648419
-27.4157687724
-27.7484683167
-28.5056936704
-27.4923836661
-27.5778444676
-29.2277140340
-29.8715608095
-28.0528979790
-27.4109619745
-27.7415228628
-28.5086802802
