-21.3472019556
-21.4082430051
-25.0270658552
-25.9007160042
-28.3573522378
-17.0638311640
-19.7095619041
-25.0389061319
-26.8489847640
-23.0464978927
-26.3629272402
-28.0245206560
-31.2135829048
-31.1617295657
-27.2352633453
-27.0240127872
-29.8741046550
-29.1885890448
-30.1105051207
-31.9966273939
-29.9149371988
-33.4826357874
-38.7895229254
-43.4722390261
-39.0526058647
-41.5069288923
-45.9514771726
-46.4314174892
-43.8431920598
-30.8982916730
-26.7362962138
-26.9406233212
-25.4448365658
-22.6409622856
-24.3039488781
-22.6644150080
-25.6444216064
-30.6485427680
-30.2806240587
-23.7677519924
-26.4034244833
-28.4819367152
-32.8704300656
-23.6174777161
-22.0117635904
-21.8400108330
-22.7346838541
-24.5046446826
-20.4027947755
-23.6040075463
-20.7046172207
-23.5120582713
-28.7993419992
-28.5849831694
-21.4542046971
-23.8395562153
-26.2067949899
-26.5699263836
-23.8509382195
-23.8099244331
-23.4385697992
-25.9071708040
-28.3074472439
-26.8917371731
-28.9223833470
-25.5577982683
-26.8703532005
-30.9367344199
-32.5191222271
-23.9125644033
-26.9761752431
-27.9596696648
-25.1699312060
-27.7365270428
-25.8222278338
-23.8831048048
-27.5795558955
-30.9895289323
-27.2072251991
-29.3300238626
-23.2258304450
-25.6815736405
-30.8065871102
-29.6667417817
-23.8002370473
-26.2271303403
-25.1226063172
-25.6082560570
-26.4176131489
-24.6720139604
-25.9217556108
-27.1243289697
-30.5700494428
-28.1137124503
-29.6567902993
-23.7856328178
-26.0401765780
-31.0196655846
-30.1523849719
-17.9084607944
-20.8679758798
-22.0939633485
-25.1113472967
-26.9195617093
-23.6906852799
-26.1026934333
-28.0451136341
-31.0795531369
-27.8014660737
-29.8818566494
-24.4291237030
-26.7742949072
-31.9640517125
-30.6269659218
-20.8068118578
-22.9658658777
-21.3103295588
-24.3608627597
-28.0195584996
-26.1014014353
-23.3199494547
-21.1477683597
-22.3236993302
-23.7332357407
-25.1045222442
-22.4485971266
-22.6425028445
-26.4005453218
-27.3290069038
-21.8326964131
-24.4073112170
-23.9336247362
-26.8431927797
-26.4175561904
-27.3428304979
-22.8715759904
-20.4314413853
-23.4409764289
-26.7959390984
-27.4558284405
-20.5685212442
-22.2739173072
-26.6246485274
-27.4342101453
-19.8054635684
-22.4844092576
-23.1412447757
-26.6711332262
-27.2232495873
-23.8899052654
-22.4391401751
-23.1417250678
-25.2506292339
-23.0056912419
-24.0876791981
-21.5636878640
-23.7218343187
-28.3257772764
-27.8630404698
-23.2341701722
-25.5982890360
-24.4145104204
-27.5088766848
-23.1221573925
-22.2327611192
-23.9445976490
-22.2838778573
-25.3904315815
-24.7379731261
-27.1440079722
-19.9716871628
-22.1937176845
-27.0644103410
-26.2187802684
-20.7529195314
-23.2146905288
-23.2834589543
-24.1520201300
-21.1224423666
-21.3103878178
-25.1543767469
-28.1313317668
-29.2493582165
-31.4300648426
-35.8061452819
-31.4495082102
-34.3673867372
-37.2300522248
-40.4713228013
-31.7343378014
-34.7557029045
-28.4779247964
-27.2414890119
-25.5743508485
-25.4033916910
-27.7219124651
-25.7122721660
-28.3920277182
-26.0722227629
-26.4018373277
-19.1107289676
-21.8899171223
-27.2399173693
-26.6898412979
-21.2459666089
-23.4732634094
-26.3423873428
-27.2334418647
-22.2077976098
-24.6103139811
-29.2675756224
-29.0492437080
-31.4625343378
-27.6369448893
-25.9057286387
-20.4219714810
-22.4714271508
-27.2633260738
-28.4776063241
-24.1464275136
-24.0634600794
-21.6191582976
-24.3126821522
-25.2330345148
-28.9488796304
-25.4517626015
-26.5219567882
-31.0752952322
-25.9450555661
-27.3643853517
-21.2914972061
-22.8934428419
-27.7488010049
-23.9370670369
-19.7153215239
-21.8231721454
-22.5944853457
-25.7243169880
-25.3253074342
-28.7910411196
