-21.1826030827
-21.8335624973
-20.3421058554
-19.1675742430
-20.4403636383
-23.9596795351
-22.6785052506
-19.4152609906
-20.6901540902
-24.7269199283
-24.2841339165
-21.6782237693
-20.4232984120
-22.0034846900
-21.0731975706
-20.6978348655
-21.8402917458
-20.3844595363
-18.5385295192
-19.4101344036
-23.4222579647
-23.6638005814
-18.7700235885
-19.4652359005
-23.8994592812
-24.1700860556
-19.1234275207
-18.1091242658
-20.9175947730
-22.2534097533
-19.4870354395
-21.0557840944
-20.9814217678
-19.5850239666
-20.2600989686
-23.6892857976
-24.1084236155
-19.7813790759
-20.3402791907
-23.9287751930
-22.8981745298
-19.2494606955
-18.9346962703
-20.6644630305
-20.4900395241
-19.8383732349
-21.8321254866
-19.8451542842
-18.2524751216
-19.6309222338
-23.8387522475
-23.4424418811
-19.3767095013
-19.6157885362
-23.3897172685
-20.9510818345
-18.6650429706
-19.0338887742
-20.6816383030
-19.6488160206
-19.8664282165
-22.5021217710
-21.8490677438
-20.1608779978
-20.6677616192
-23.9702576046
-24.0427738567
-21.3989374867
-19.3359960563
-22.1633337300
-21.9863275407
-19.9507252060
-17.9771256531
-20.3496209142
-20.5759495610
-19.7621143318
-21.7892708001
-22.0113557916
-19.3970448539
-19.9073850382
-23.7762548062
-24.0686435793
-17.6857155402
-17.7253687294
-21.7081313048
-23.5046946584
-17.9841617142
-17.5118849394
-20.6418647206
-21.1210713826
-20.0568553991
-22.6066259507
-22.8427766135
-20.6440331508
-20.8831678426
-24.0315122559
-22.2430103330
-17.7090090412
-18.3560342837
-21.6954119998
-21.4601675476
-18.9137796353
-17.6810744506
-20.1486687556
-20.8492691036
-21.1401212179
-24.3931070045
-24.1068131679
-22.2203563638
-22.2867207454
-25.0420597348
-22.4788075673
-18.4909250057
-19.2178805878
-22.7961689043
-22.6792561283
-19.3891426868
-19.5476065434
-22.1255318171
-21.6862696396
-22.2243372440
-24.0872183232
-24.4561197097
-22.8048284120
-21.2736746345
-23.6104752940
-24.1525133527
-23.5321942524
-21.9284491799
-24.2401296381
-24.3055813373
-21.1064826934
-21.3221763035
-24.3336026526
-24.5253010910
-24.4656128997
-26.2269465084
-25.0637595974
-18.9625531826
-18.7295185790
-22.1294013361
-23.7714674543
-21.4947795984
-20.8156901203
-23.7369421159
-23.3995030569
-18.8893585665
-19.9131032322
-23.9858677396
-24.4243764450
-24.2406863212
-25.5296125349
-23.8843566576
-20.1145810032
-20.3613783620
-23.7279887639
-22.2183005781
-22.4318710503
-22.3439103912
-24.7301253202
-23.6898619118
-20.5163066850
-21.7964958867
-25.0702817234
-25.1274545308
-24.9403272845
-25.7730296785
-23.5329865503
-21.1944951423
-21.9057447359
-25.5267281806
-24.1848326941
-23.4282195536
-23.2706256985
-25.9010823458
-24.4893633734
-21.6206431763
-22.9797865534
-25.7722153795
-25.8960373591
-23.8662220931
-24.5175413471
-23.8471593199
-21.6440777835
-21.4823153412
-24.8253757934
-24.6101935770
-23.3383998901
-24.2450309520
-26.6980334231
-26.0154460920
-23.0133163435
-23.0958073766
-25.0576776370
-26.3404286316
-21.4539625937
-22.4288922126
-23.2467664910
-17.3909718569
-17.7881665247
-22.1161331112
-21.9352729506
-20.8609540275
-20.9118286835
-23.8839074194
-23.8054749295
-18.6821263497
-19.7732620103
-23.6269709124
-22.6608043971
-19.7631888432
-20.7844025677
-20.9325200657
-18.3824101791
-18.3192887362
-21.7789632912
-21.4473032477
-21.6279536859
-21.7255046506
-24.3139301070
-23.2721947474
-19.5392603551
-20.2976147999
-23.4248588234
-20.1526263086
-19.9117931237
-22.4710077003
-23.7309378383
-19.6969875757
-19.9317414002
-24.0653359097
-23.9391487219
-23.7989735080
-23.7189693861
-25.8763764755
-25.0647784436
-22.1161667855
-22.3686641834
-24.7624524465
-21.8362927666
