-35.2698761251
-29.5030375057
-32.5730067588
-36.5600990144
-35.1743292267
-34.9287786887
-32.1814554105
-32.7990259156
-32.8341493233
-33.8672688909
-36.8764698420
-34.2443558207
-36.8316564651
-32.4498916598
-34.4115800451
-33.5590849889
-29.8552788019
-32.6349255072
-37.1302707607
-36.1859223435
-34.6593974122
-33.5762757923
-34.5791939438
-32.6330405981
-34.0388752909
-36.9376338338
-35.6625990411
-37.6985588786
-32.6261521043
-32.9243936017
-36.7449684270
-36.7301337765
-38.6768111539
-41.3142092802
-44.9453554139
-44.3896870582
-41.7002572348
-41.8836948055
-39.9158382203
-40.5845123223
-44.1328296812
-43.9323010186
-45.8508401085
-36.8252379080
-36.2862630885
-40.0532726980
-38.0021120083
-39.3362976094
-40.0080683745
-42.6342630343
-44.5870517635
-41.6354865382
-41.4396131799
-39.8531595720
-40.9248950811
-44.8142333417
-44.4521663334
-43.1516621928
-37.0051154050
-37.9784858221
-36.8606577807
-33.2260243191
-35.8089001602
-39.0637757094
-41.0417068119
-39.5578037679
-35.2153365187
-34.6179926750
-34.1782387401
-35.9697381903
-39.0882356082
-38.5683727887
-38.2887798543
-31.6300848317
-34.0126896997
-34.2301930559
-30.7345084612
-33.7759462094
-38.7236945642
-42.6843699551
-41.7889466783
-34.9815641181
-35.5060370285
-34.5564170037
-35.2746479670
-35.1680453096
-37.5744702632
-38.4276461616
-31.4984642904
-32.9709689115
-32.3393612215
-30.2905859019
-34.0140114625
-38.9835450617
-41.8042642227
-38.9469652554
-35.3252649671
-35.6503703855
-35.0209816707
-35.5199797196
-35.7320665090
-37.5178321462
-38.9242530527
-32.9592710351
-33.3841916303
-35.5527676876
-32.2016742478
-35.3073064617
-38.6184719523
-39.7627314798
-36.5843983862
-34.6736184367
-35.5445794342
-32.3783114227
-32.7925659331
-35.4734833769
-36.7645671648
-38.5578050858
-31.3923173078
-30.9540831760
-34.3668249196
-33.5809155847
-36.1158088702
-37.3385993583
-40.0537542880
-39.0009171120
-37.1219012693
-36.5236292465
-35.6360703938
-37.2589460990
-39.1758725769
-39.3895193161
-38.9170357361
-34.1703288157
-35.1097980111
-37.0796796534
-33.7267325427
-35.8551712382
-36.5312776559
-39.7423236256
-37.0840980736
-34.9908139404
-36.1976124514
-35.6043297411
-38.1797511491
-40.6764395332
-40.8733485646
-40.9665418937
-33.8356822856
-35.0804393973
-38.4231953736
-34.5378047410
-36.6463689018
-37.0370372988
-39.5746605696
-38.0304336553
-34.8065348433
-36.2522517311
-36.2652791473
-38.5027890771
-42.3965978723
-43.1899003470
-42.3529729413
-33.6767304586
-35.3323256376
-37.9975589505
-35.1741350356
-36.5346435778
-37.8328565990
-39.0110317041
-39.2229307576
-34.8965810446
-35.4282156017
-35.6738088605
-38.7451497288
-42.8576346668
-41.6224034436
-41.8554495395
-34.3492832814
-36.4301873409
-36.2627961337
-34.1374683523
-36.3109119947
-36.3317263460
-38.7481221021
-39.4665510350
-34.8651148453
-34.2379049012
-35.0861821838
-37.4937269602
-39.8767857536
-39.8372581732
-39.6474434580
-34.9489638648
-36.7632389139
-37.7091162282
-34.9738483936
-36.6818793901
-38.2443147269
-39.8844963075
-40.4618594142
-36.5809392562
-36.4691919206
-36.3826993607
-36.6707433668
-39.3595768426
-37.7789384038
-39.1822134538
-35.9484772096
-35.1277720431
-37.1536445080
-36.4730756775
-38.8280679361
-39.4893046694
-34.8694970180
-38.2308587875
-36.6611880263
-37.9770048150
-40.0224758130
-39.8471190305
-39.6425719327
-34.9595069706
-36.7645127861
-39.9343184267
-36.9124360232
-37.7610990165
-38.5849680812
-39.9746861935
-40.4602567173
-36.5905670895
-40.2374766702
-37.8980842882
-36.9172751875
-39.2354895279
-37.7541729822
-39.1745171431
-35.9529525921
-35.1358878007
-38.8315607197
-39.1132690105
