-20.2994026379
-22.3654924538
-26.4349502367
-21.5785264089
-25.1457625629
-28.4383971995
-29.2443131993
-24.7694626367
-22.4162687192
-25.0294297722
-22.6499959076
-25.6704000644
-24.1661350012
-22.5153628230
-25.8095603048
-22.2458040705
-17.4579084694
-18.3189780497
-20.0788038302
-24.6327271418
-22.2974257004
-21.5704469012
-23.4002953587
-22.0538777788
-24.6355765380
-21.7930937309
-25.6785002882
-22.9036403034
-21.3253661808
-19.4052952767
-21.3350212041
-17.7842801902
-18.4234019774
-20.2041171984
-17.8145890472
-21.4015499827
-21.3553475039
-22.8737444234
-21.7839785488
-24.6721019870
-22.1628482815
-25.8931905630
-24.7564015538
-24.2509070850
-21.3375870703
-23.5453330158
-18.0959479922
-16.7398130031
-19.1496545959
-21.7758770261
-25.0974059007
-22.2337747790
-22.8831133454
-20.8659537491
-24.2356646296
-20.8103150168
-24.5527243095
-24.8438366079
-16.4919022691
-18.1854323947
-19.3061623256
-23.3952503470
-22.4215260319
-25.5054296625
-24.0601757139
-26.7138765812
-22.7248191080
-22.4135539718
-20.8270320106
-24.1634577910
-22.2634402208
-20.0431664593
-17.7212441871
-16.3764445783
-20.7842588657
-21.0937517464
-20.8948320875
-23.8112695058
-28.5198849087
-25.4859707462
-27.4077203257
-22.8214250152
-23.5562295615
-21.2240635072
-24.5194236734
-24.7040213010
-22.0306671346
-19.6083990423
-18.5813363455
-19.6229929214
-23.9469693191
-23.1193662682
-24.8202324224
-28.3509738102
-24.6673573335
-26.0986608023
-21.9149673759
-22.3406195724
-21.4140492258
-23.6127071697
-27.8706319092
-23.7350352151
-20.1969503702
-21.3037245805
-19.3582059924
-22.6907909003
-24.6762640882
-26.7580582148
-30.8026153216
-23.6107614116
-26.1415374906
-22.7725207269
-23.1352120036
-21.4602361799
-19.9628542073
-17.9339382666
-21.3246424987
-24.4421058081
-19.7622528688
-23.2281425696
-26.0991449806
-26.0523133264
-29.7884703880
-32.8872635683
-30.4186657512
-32.5981113710
-24.0974546126
-24.2124565896
-23.9301694874
-27.5553665626
-28.1504049011
-29.9840357167
-30.4277226666
-27.3817120940
-29.8569539903
-27.2347170286
-26.6639728812
-28.6788924365
-30.1364796896
-28.6091958109
-31.8027812696
-25.9262672456
-26.6482203583
-24.6583146504
-28.1240794884
-26.5207748345
-30.8481536732
-30.1928071208
-28.8025241061
-29.5057406042
-28.5355066869
-27.0836336607
-25.2827932232
-27.2706404976
-27.6667113186
-29.7321843863
-24.8763993353
-25.2242960567
-23.7436908199
-26.7951675191
-26.7121405438
-30.5846031755
-30.9284283637
-26.4211965615
-24.5726855449
-25.9287140154
-25.7795647537
-23.8948958968
-26.6226574602
-25.3539113154
-28.6618971123
-24.5304302502
-25.1349540792
-24.1654152136
-27.4510824826
-26.3224623713
-29.9346848094
-32.3448101229
-30.2610512141
-28.7649746381
-29.8824094304
-23.2675083538
-24.4259804524
-27.1396478027
-24.1356151327
-27.1213086988
-22.6325151083
-22.8913041904
-22.7608487394
-25.7109400349
-24.4731577623
-28.3775451765
-28.5989685851
-27.5417798867
-26.7200621161
-24.2610838368
-25.3587880203
-24.6891361580
-29.0931314550
-24.1286580248
-26.6128483799
-22.9277636224
-24.2473728729
-22.6864177973
-26.1244787274
-26.2785823777
-29.4714871491
-26.5055207224
-24.5833827106
-27.1886621226
-25.6799942505
-23.6162737647
-23.2895538675
-27.3077122549
-22.1122325469
-24.6740917670
-22.5410176383
-23.2638459739
-22.7225911274
-25.2118330732
-24.3922966163
-27.4927150752
-25.4849014197
-22.7121710012
-22.2801714578
-25.2071259544
-24.1977384401
-24.9333455897
-29.1369454247
-23.9804939333
-26.8541009622
-24.2558718308
-25.2218557626
-23.1871106699
-26.8621286857
-28.4286282591
-29.4031148949
-28.2734384704
-29.3995806724
-25.6373971889
