-32.7188612820
-32.9279809017
-33.2940586876
-33.4106568487
-33.0380880095
-32.1351273652
-31.0987673871
-32.5393682499
-33.6461640048
-33.1380235599
-33.3178182200
-33.3821332406
-33.0000453117
-32.1017697724
-31.0831507979
-31.3892426763
-32.7063516990
-33.1604108313
-32.8917312033
-32.0485247523
-31.0646589335
-32.4671277732
-35.4067474889
-34.4391676699
-33.6010580482
-33.4284496352
-32.9664715241
-32.0710854994
-31.0717260776
-32.4433229297
-33.7152547514
-33.4369317611
-32.7231606004
-31.8278172892
-31.2868927196
-31.6335724509
-32.8005444660
-34.1397908396
-34.0373904037
-33.5087540840
-32.7370010170
-31.8270962048
-31.2825584462
-31.5490541198
-32.7845602154
-33.2129490051
-32.6337772191
-31.7693020095
-31.2310947747
-31.5794380495
-32.7448850447
-34.1037482779
-35.5499312544
-34.7983970801
-32.9643587605
-31.8506848531
-31.2533603568
-31.5209370100
-32.7467505429
-34.1173569632
-33.5455410337
-33.0032248165
-31.1749900117
-31.1182457250
-32.3679702738
-33.1125215131
-33.1936881581
-33.4630603853
-33.6306691085
-32.9791998930
-31.1507139377
-31.1669791151
-32.3881942934
-33.1230672089
-33.1950034574
-32.2381103726
-30.9769209647
-31.0223466880
-32.2688386600
-33.0287721700
-33.1430828002
-33.6644513223
-34.6976744305
-33.5764725695
-31.2357578714
-31.1774820901
-32.3601276731
-33.0814203844
-33.1588793359
-33.6764236514
-31.6085675219
-30.8949128344
-31.9959101959
-31.9417757947
-32.0838216349
-32.1596636500
-32.1197114378
-32.6247889104
-31.2128113363
-30.6384851476
-31.9229356877
-31.9359035534
-32.0941498406
-32.1569048876
-32.1192958758
-31.6428015551
-32.1630697060
-31.9188668040
-32.0380735612
-32.1200596808
-32.0764424960
-32.3218610122
-33.4667098232
-32.5131101725
-32.4500457201
-32.0351503861
-32.0893987105
-32.1450464816
-32.0954327753
-32.3273604127
-32.8877956649
-32.9569420802
-33.2795554433
-33.3838006671
-33.0126157396
-32.1144424729
-31.0937159130
-32.4626394446
-33.5975820855
-33.1229144493
-33.3103678790
-33.3800217712
-33.0074166831
-32.1084873781
-31.0909221968
-31.4104311628
-32.6859775079
-33.1443942163
-32.8655728030
-32.0263187218
-31.0502527820
-32.4299602148
-33.5386357129
-33.0875334201
-33.2734475876
-33.3406275265
-32.9502930857
-32.0724836520
-31.0712380188
-32.4660830426
-33.6965208011
-33.4195105204
-32.7079815820
-31.8073641275
-31.2628276632
-31.5291718706
-32.7584393580
-34.1235865100
-34.0165851164
-33.5115465056
-32.7295325516
-31.8231244154
-31.2734264376
-31.6316279830
-32.7887740921
-33.2096633465
-32.6198565380
-31.7525630147
-31.2202254318
-31.4891639896
-32.7229845370
-34.0996043090
-33.9753085449
-33.6205545088
-32.7421327548
-31.8014569323
-31.2439202367
-31.5974509169
-32.7545581897
-34.1052448191
-33.5418760614
-32.9914738612
-31.1644960988
-31.1712111164
-32.3929285937
-33.1210955547
-33.1869330096
-33.5683555169
-33.7750879157
-33.0058580033
-31.1536966634
-31.1042033521
-32.3409820434
-33.0792532478
-33.1678572883
-32.2384883916
-30.9634287907
-31.0864390450
-32.3127380649
-33.0493470219
-33.1492502069
-33.6670935719
-33.7841849695
-32.9704925087
-31.1339723534
-31.0708276340
-32.2918589849
-33.0332863906
-33.1341851122
-33.6659129097
-31.5822136380
-30.7215509562
-31.9396449069
-31.9492468495
-32.0783300018
-32.1547714103
-32.1098907098
-32.3273513508
-31.0077334019
-30.7513743311
-31.9408165071
-31.9344354931
-32.0706479296
-32.1415174408
-32.1032831438
-31.4495095322
-32.1321200429
-31.9306591862
-32.0523062377
-32.1260160702
-32.0738546190
-32.3278419986
-30.9450158953
-30.6702529907
-31.8872685537
-31.8758852601
-32.0376825962
-32.1183793084
-32.0797048522
-32.3218519501
