-20.3416734344
-17.6132601071
-21.1230222780
-18.7887005938
-15.5083841662
-19.0427592910
-23.9934125968
-18.7441551652
-21.8496800512
-21.3166730092
-18.1993556584
-18.9767211377
-19.7697238785
-18.3961962067
-18.8698258255
-19.1890928401
-18.8433139930
-20.3548199302
-22.3989471070
-17.3110919924
-18.0685765309
-21.6426446319
-19.7377061865
-22.5067123252
-21.3244275721
-19.0055088581
-19.3836989545
-22.0082383584
-20.2348959178
-21.5408228140
-21.9028901008
-17.8088203381
-17.4151819049
-19.2493571529
-17.8944184219
-18.7112027703
-21.9556937167
-18.4799067680
-21.2718621638
-20.9328773588
-16.7304479484
-17.4908763944
-20.2432033037
-18.5192272370
-18.8076766056
-16.9961760550
-18.9266478105
-19.5665333860
-18.1533408758
-18.0334078034
-19.4229560096
-22.5529018876
-19.4496684930
-22.5299488742
-21.6540616045
-17.2573666567
-18.3347447994
-21.6877804010
-19.7026759817
-21.1252424930
-17.9991672923
-17.0102365636
-18.1114350769
-18.2633651648
-16.3118097415
-17.7494713380
-20.0747128958
-18.6512401027
-19.8685629458
-19.0472553563
-15.4247448021
-16.7478743822
-18.1712048582
-17.6426640335
-15.9151976145
-18.3978804842
-18.7405419680
-19.7819007653
-20.1021684877
-17.5131432843
-19.1066937317
-21.8152906636
-17.8700193282
-20.5713149017
-19.6729962788
-16.9052805614
-19.3019626597
-18.4582120716
-18.1881276890
-16.8390184501
-17.7845481490
-17.7458024712
-20.0778367355
-20.5462763391
-17.9915279352
-20.2366708586
-22.1238216202
-18.5518288077
-21.2616155087
-22.5947429571
-16.3769895879
-18.1524463284
-19.0473382350
-18.6654934850
-19.7947430902
-19.5713479673
-18.7865981732
-21.2308807463
-19.9343629163
-18.1976934104
-19.4785248288
-22.7647013613
-18.9594694666
-21.1337052538
-18.4802342989
-16.4602224459
-16.9621867041
-19.6959104627
-18.2893164716
-18.6294703338
-21.5146566612
-19.6084443381
-22.2174202212
-21.0867751911
-17.7080303302
-20.3429796924
-22.0240362304
-20.4306387177
-22.9371946340
-22.3237290736
-19.9003722773
-19.8501617362
-21.6125558564
-19.9508831377
-20.1128604899
-21.5109217876
-21.5700636728
-24.5241527565
-23.7601216431
-18.4614161990
-20.8732228236
-24.4797872922
-22.1866375613
-24.0695898660
-23.4760868765
-19.6533600189
-20.6205079297
-23.5508712229
-22.0485013287
-23.1975178017
-23.0247966834
-21.4950061455
-21.2795041299
-22.1255499208
-18.5485341013
-20.8469945183
-23.9393817120
-20.5982682231
-23.0154096453
-22.0384229856
-19.8966555201
-20.9941799172
-23.0214709110
-20.6520984215
-21.7044132470
-23.3742482473
-21.6104909921
-21.7516552667
-22.5881508720
-20.3989498405
-21.5869282550
-24.2529770683
-21.3281029039
-23.1820164232
-22.8003776092
-20.8052635310
-21.4130161244
-23.9152454491
-21.5621265580
-22.7224124137
-20.7883199584
-19.7266064110
-20.9812573276
-21.7703115722
-19.4164817785
-20.5961943047
-23.8445506778
-20.9524968189
-23.3721069844
-24.2483360126
-20.0995650955
-20.0107305787
-22.5635796499
-21.2137676298
-22.1396984427
-21.1108648543
-18.2016341185
-20.1028481473
-20.0950262558
-17.5625537623
-19.1085022682
-21.1438353587
-19.0814350405
-21.4865175138
-21.5442638509
-18.3189832100
-19.2601656483
-20.7679315155
-19.1537092034
-19.4430207811
-19.8757401621
-19.3079410630
-22.3012161900
-20.0501300079
-18.0640092376
-19.0362798825
-22.1257505591
-20.1854052244
-23.3028142595
-22.7084904655
-19.0174514129
-20.0663524779
-21.4438906835
-19.5731383797
-19.8586451631
-20.9786668839
-19.8991941703
-22.3425587775
-20.4816816585
-17.0335378300
-18.8164720531
-22.5579455922
-19.7304552085
-21.2140757275
-21.2165056964
-17.4925619506
-19.5674913922
-21.3560620723
-17.6360823759
-18.7103146716
