-27.2033479144
-20.2862159795
-20.8877869465
-22.4568293999
-19.9174297581
-21.7447577598
-20.9235019949
-21.2582237569
-23.0106663368
-24.7417740309
-23.0971524620
-24.3077316535
-27.0144199072
-22.5919272381
-24.2824600378
-23.0087632948
-20.4252351376
-21.6541652035
-23.1533582185
-20.5121484841
-22.4561704508
-22.9587935625
-22.5801426255
-23.2502554080
-25.2121852040
-22.8080480557
-25.3941366850
-27.1592038256
-23.5993522251
-24.0570635283
-27.6598603700
-28.4356798718
-29.8270814274
-30.3989039055
-27.8177558507
-30.6887422539
-30.7770369069
-30.4327003656
-30.2042758629
-32.4021771100
-29.2339422833
-31.3304814181
-32.8790326103
-29.3250811347
-28.9954213003
-30.2041813572
-29.2300986618
-31.2052250622
-32.6577374098
-31.0450239471
-33.1526730850
-32.1649015438
-31.6612882403
-30.8324374153
-31.8906733134
-29.8934509624
-32.2624485789
-32.4723384840
-29.3376670995
-30.3601258791
-25.6181402187
-21.7742730358
-23.0813170832
-25.9496138098
-24.1699242554
-26.0790840703
-25.1411020696
-23.2103782685
-22.6995928023
-24.4257940317
-22.4490217507
-22.7975489629
-23.0864695374
-20.5870623116
-21.9558892487
-24.8673488818
-21.5627570548
-24.1089699515
-28.3243312301
-26.0544558651
-26.0950786832
-24.1799417612
-22.7698966020
-23.1878874226
-24.9602768682
-20.4374353135
-21.5684635907
-23.3837363054
-21.1012642287
-22.2028678263
-24.5668184789
-23.9212433143
-25.9037543929
-28.3766286238
-26.5446897185
-25.1309188539
-23.7716448191
-22.7347667105
-22.6060835445
-23.8014280699
-20.2878199737
-21.7444211680
-23.7862503395
-20.7506475338
-23.6816633011
-27.1654191317
-25.7794521211
-27.9158802866
-29.6033446148
-24.4079675732
-24.5598820875
-24.4134410927
-22.8987959633
-20.8615586284
-22.9978576963
-20.2643543009
-21.1248023949
-23.6679083275
-21.8174992704
-23.3256210343
-25.7777096102
-26.4145087377
-29.5264526778
-29.4133201135
-25.3012941487
-26.6142827829
-26.3124940609
-22.5104097350
-22.2224083132
-24.9774702621
-22.4242343066
-24.1794524045
-27.7487803053
-24.9526206840
-26.7801580934
-27.2601621206
-27.7746733247
-28.0772193656
-30.9534747057
-25.0141109306
-25.9136890495
-24.3483052836
-22.1464109209
-21.8546163565
-24.4824127547
-23.1093086280
-25.9441791341
-28.3017691872
-25.3556111033
-25.4718675281
-28.2460398493
-25.2758749546
-27.7007019671
-31.1432545285
-26.6942946711
-26.0739782265
-24.4431867980
-22.7122370257
-22.9516772221
-25.3301401208
-24.9018560799
-26.9539368509
-29.6051026593
-27.4253279936
-27.8796849635
-28.2881333170
-26.4331158205
-27.8224823825
-30.3489885492
-23.8220456391
-24.9065683709
-23.0136671869
-22.2729619064
-23.0014346431
-24.5490567588
-24.8915511742
-26.9786595609
-30.3817907632
-28.6394968958
-28.9748969335
-29.2467897575
-25.2003462112
-25.8134712545
-25.6169906262
-21.3931869619
-22.7088814540
-21.8097201035
-21.4662741320
-21.4120633301
-22.5457105143
-22.0524627940
-24.7884956319
-27.9381355102
-25.3094811174
-26.1133232871
-28.4890064517
-25.1297032351
-25.4009889327
-27.3135845033
-20.5368090539
-21.8752559392
-21.8677149795
-21.1441810598
-21.7864706290
-23.4027744900
-23.4736233110
-26.2329663345
-28.5974306077
-24.9161224162
-26.2863278823
-27.1729782188
-25.9311504226
-21.4158474001
-22.7422209330
-21.8170642913
-25.5459372539
-22.9415574356
-22.9880758077
-22.1907129548
-24.8842729978
-27.9974845104
-25.3069929229
-26.0821677786
-29.6131588645
-30.3256225720
-27.9046199804
-28.1239306144
-20.6092450422
-21.9437563823
-21.9090550028
-25.9067422840
-23.8447578643
-23.9663415179
-23.5858509883
-26.3213736172
-28.7056722351
-24.9409240972
-26.3218448513
-30.7338741097
-32.0255704492
