-25.3326593856
-24.3018878987
-24.9471199909
-23.1330383917
-20.3834549520
-19.7438516222
-21.0323145631
-24.0664881098
-28.8068169424
-31.3236939054
-29.4768324761
-29.5517061444
-33.2573183064
-36.7165276666
-36.0524013501
-28.0029101218
-28.7792824029
-26.8286235135
-27.3334822946
-21.0331521527
-21.9207761824
-26.0927756056
-28.1939819627
-29.1578529985
-31.5701998834
-27.5259173256
-27.2245532379
-30.6307085594
-34.6838689632
-28.4799948377
-25.1572843952
-24.3381997463
-23.8217595469
-25.7632736783
-24.2604909117
-26.3443097952
-30.6653659223
-29.0691091293
-30.9567810853
-32.1855048770
-27.8122512678
-28.1653975026
-32.1523725315
-27.3732972852
-25.4997024248
-22.8658629829
-22.9087202621
-22.7319483970
-22.1143271907
-23.4732271660
-27.0814755811
-27.6318986126
-27.6064677653
-30.2135929903
-32.4003931760
-27.0382195784
-26.8285303047
-25.2096128635
-26.8033078842
-24.1590911579
-22.8587570015
-21.1042327162
-21.4546383900
-24.7272151062
-26.4294327268
-28.8389602240
-31.2203963171
-29.1077046238
-31.0495653553
-33.3514826265
-28.3182868082
-23.3869779492
-23.3888175575
-23.3441595136
-22.7256554131
-21.5009146726
-22.0848921833
-25.4677248399
-30.2101131432
-29.6732328364
-31.3709670042
-32.7137165981
-29.8478815380
-30.6317442384
-32.0258487873
-23.8419524857
-24.1143528486
-23.8859503073
-24.1821179649
-23.2031661297
-22.6327649639
-25.3264790210
-30.2638526915
-34.5621248209
-27.9399311029
-27.4111056717
-30.2262514556
-28.7331757264
-29.4001101602
-23.7020323254
-20.8270307169
-22.6295919298
-24.2206060118
-21.7984248379
-21.3548788661
-24.4409652773
-29.0672734029
-32.9528654220
-33.3460673752
-28.2242726830
-30.0774996472
-32.4904769280
-29.2623364383
-24.9598224699
-25.4016310533
-22.9557486937
-23.1979385905
-22.6513086207
-22.2187886508
-21.9974195783
-24.4730917340
-27.8667649915
-28.5137097471
-28.6577104241
-27.2369178247
-25.1471568498
-25.2475041044
-26.8431189910
-30.1944370013
-33.2579902292
-29.5508724557
-29.5702472325
-33.3346711267
-35.6065318329
-35.8758794408
-29.0450660702
-29.9830583112
-33.0143038729
-32.1621712581
-27.7027616587
-29.4912075765
-32.9531411679
-30.1290319357
-31.2103334972
-32.9567919058
-27.9942195723
-29.4763198401
-32.8067248149
-34.9026876051
-36.3833958455
-28.8505532358
-29.6129400780
-30.8898043920
-31.7171340750
-26.9546307441
-27.8202116717
-29.6977367594
-28.9003779768
-27.7987681597
-28.7722968171
-29.2033097959
-31.2152658687
-33.4770017767
-35.0079853208
-30.1371036742
-29.2508560533
-30.8718031820
-29.6759773591
-27.4855171812
-27.4790015213
-30.7597891262
-33.6757789440
-30.2394950673
-30.0763448839
-31.4693762462
-26.8860073310
-28.6201959077
-30.3828717550
-29.6447079320
-28.7678123698
-26.2197473217
-24.9203738411
-25.1908853806
-28.6273407212
-32.4602625882
-34.3819029653
-29.7716304247
-29.4805893893
-33.2911134943
-35.6634754778
-35.8946379868
-32.8293839510
-30.1267560570
-30.4760780545
-29.1751952717
-26.6132315826
-28.9968673449
-32.6113200319
-37.3157848669
-36.2963440227
-34.5623500878
-28.2262857617
-29.5762657579
-32.9058395969
-35.0850649528
-36.5149827068
-33.9000270874
-28.3306423363
-29.6880170020
-32.8299975788
-27.3268669491
-27.9508250434
-29.7251198409
-33.0195042168
-29.5131922343
-29.3135994527
-29.3727037769
-31.2436781449
-33.4597863755
-34.9796688478
-30.1397006136
-30.0538061401
-27.6777890932
-29.1585339409
-30.7424986441
-29.2540873345
-31.6650192268
-34.1523975138
-37.9996069751
-33.6295285676
-32.3535343482
-27.0409783420
-28.7594480466
-30.3597569240
-29.6457228873
-28.7870304985
-29.8300020101
-29.9971239947
-31.1704641411
-29.7150906833
