-30.6504018079
-27.2391289789
-28.4558029145
-28.5774085543
-28.2175602550
-27.0920419998
-27.5611235953
-31.5335410873
-33.4946754604
-31.8748469984
-28.6241845326
-31.4766958282
-32.6480034200
-35.2636931705
-38.4199006458
-33.2344455936
-28.2774076697
-26.1399930513
-26.2450875531
-27.4175307002
-25.1321137578
-28.8433592213
-34.2637163396
-35.0857446113
-32.2763097131
-27.6234320187
-31.1548527210
-29.5026387752
-30.4248836521
-31.5558791671
-36.1965625349
-27.1672962777
-26.9223411861
-26.9680802083
-29.6066729904
-30.3155960094
-33.9454204361
-36.7879499649
-37.0446093273
-32.1153732776
-28.5207264007
-30.8608069645
-30.2702466640
-24.3529528436
-27.6244935708
-30.5457215887
-28.7474071078
-26.7909484709
-30.0468257278
-28.4467343395
-30.1302475545
-33.1090973281
-35.8942094743
-36.6867768061
-30.9452411497
-27.4108972420
-30.2638863570
-27.0550362564
-26.8729242498
-31.4037148354
-27.5244492663
-25.6326745422
-26.9439335885
-31.0001471198
-28.6826325005
-30.7965903287
-33.2727523902
-32.5884058612
-35.6902138443
-30.6593888205
-27.4221627305
-27.0210261884
-27.9534414046
-28.5242437817
-31.4199385957
-25.6527237924
-28.2190360810
-31.6708668763
-34.5715947255
-29.5430026684
-31.4525013172
-33.4685351865
-35.8578484481
-35.4290635540
-31.0585536603
-24.9446615676
-27.2553902729
-31.2522198209
-27.0342581466
-25.7274706096
-24.6550134586
-28.2034000679
-32.5015495152
-34.4082827390
-30.2263304249
-31.6131995511
-34.8270799161
-37.2353004923
-35.0999695153
-27.6334288093
-27.4014364092
-29.2780475347
-29.3103422758
-25.0499062438
-23.5868413480
-27.9498696341
-33.8603609669
-37.2162183006
-37.0856386326
-31.6888292581
-33.2942955948
-34.5431682113
-36.7392670759
-27.2646465601
-25.9841740852
-28.6034374971
-31.2280602644
-28.0585203689
-29.7175840560
-25.9507284522
-29.6913803328
-33.5869483492
-33.9023534558
-31.5050446738
-27.8485669980
-30.5817693348
-34.0503336626
-35.0020975455
-35.5139443494
-31.4862408111
-28.3198933934
-31.2488137637
-32.6302908950
-33.0348580157
-36.3197811976
-39.8103851558
-35.6263117952
-33.9874465774
-34.4115192027
-26.3400337859
-28.9166988171
-31.2003095207
-35.6198997125
-37.6175734860
-32.6261650480
-27.3840980172
-30.6418808397
-33.3250187013
-37.8478944904
-40.4291050988
-36.5233379612
-32.9004761243
-35.3747660350
-36.6902631238
-26.6840557899
-27.8228099137
-31.0150374528
-34.7784591578
-35.0433171536
-31.5483705777
-28.5302649097
-30.6941626952
-34.3183867018
-34.8656469139
-37.8646244209
-36.2198210659
-33.3761820243
-35.4889238978
-34.4188879807
-28.1100759584
-29.1225043290
-32.5819316406
-35.3051742934
-33.2232642613
-32.1203794412
-28.8751464950
-31.6770847705
-33.0459500297
-32.8829448452
-33.7030247980
-35.7421474425
-37.1071261623
-37.5770024550
-35.1325128158
-27.9771297433
-29.7040517477
-33.5006370241
-32.4393369000
-33.7197275443
-32.6814386879
-30.7901083399
-33.7754102592
-36.7245955336
-33.3073838447
-35.3842359316
-30.3066827822
-33.6180326470
-32.9502749611
-35.6388330325
-28.4707670306
-28.9184970020
-32.1455811365
-34.4818165009
-35.8008737331
-33.4122155269
-28.2233056266
-31.7783278508
-36.5258481558
-35.6549428572
-36.2773006659
-31.3037780001
-32.6582112255
-29.9948519921
-32.0087240004
-27.5923528899
-27.5982316072
-30.9355317551
-34.4585942198
-34.7270679926
-30.3983368741
-26.7291164518
-30.4634856063
-34.3463549317
-35.9752116946
-30.8649341063
-33.9455084641
-31.2014125053
-30.3233725856
-32.2762889991
-26.4744415974
-27.4517608508
-30.2234693883
-33.3415259642
-33.4332564278
-33.1603991718
-26.8441559544
-29.5734914599
-32.1192816275
-36.7412387185
-31.0300222852
