-28.2986337012
-26.4854649971
-25.7887744365
-25.0419406498
-27.1369084612
-28.9365512964
-31.3032627447
-34.8067782122
-34.2237239958
-34.1980989518
-34.6091739153
-32.7410012541
-34.7073333069
-33.6074778798
-34.6741012917
-28.6236705799
-30.5067208950
-32.8013535803
-29.3182275943
-30.4034491923
-32.3350269478
-31.9011698159
-34.5227564730
-30.1416062453
-31.5287990239
-31.5582508587
-30.9002439395
-33.2093798263
-32.2393233963
-30.3196959627
-28.0359958645
-28.3751282002
-31.5884742538
-28.0874530655
-27.4905181693
-30.1253786124
-31.9126256056
-26.1755475581
-27.2028378454
-30.9789702875
-32.2968768006
-31.5794988963
-33.5657741092
-31.6936528768
-28.3739565966
-27.9660610357
-29.9663788705
-32.7844152174
-33.8284753358
-31.9977019017
-33.1691195072
-30.1555463489
-32.0466294679
-30.5672919834
-32.7083078088
-32.6531688184
-31.4201211380
-29.1342824676
-31.1929433231
-28.7222558915
-28.9216570855
-26.4832991546
-27.7994620546
-29.6691820782
-32.3534722037
-31.5769796257
-30.1109672886
-30.6263600555
-30.2810331539
-31.7974113475
-33.1920634528
-27.5986445645
-29.6140702390
-31.5739477098
-29.5441872156
-28.8372384308
-27.9348628076
-30.3992896802
-31.9917843503
-34.7401743722
-37.0606777284
-30.4786995802
-30.8574151478
-30.1498242810
-32.2572067989
-31.1287991891
-28.3958260385
-30.6686425141
-32.5177991607
-31.5134154668
-30.9315858624
-31.5668676211
-33.4940346424
-32.1846284304
-32.7536170210
-34.8258940776
-30.0055400896
-30.8396158869
-29.5964289351
-30.0381442388
-32.4319370481
-27.4413355440
-29.4276006810
-27.1010121829
-27.6105521816
-30.8897487204
-33.4237489923
-35.2207944821
-33.2481772675
-32.6326535195
-34.6711147063
-31.6206602487
-31.9563075199
-31.7225350821
-33.7558956785
-29.9456020582
-30.3553773380
-31.4356859432
-28.7498551691
-29.0946746150
-27.8540340282
-28.4632843231
-29.7944617456
-26.1420812068
-26.0166202790
-25.2085499825
-24.2897938358
-27.1442590637
-30.3829622185
-33.9053786575
-36.0819718956
-33.8332392716
-35.2267663210
-32.6100784061
-34.6143599240
-24.3381065191
-24.6539739016
-25.8982938337
-23.2574766074
-24.2533577447
-24.9029461234
-26.4430129294
-29.1656761779
-29.2204915395
-30.9021741636
-31.7695479807
-31.4570233076
-31.5369898758
-30.9806649077
-27.7623346247
-22.8139202959
-22.5507632853
-23.0240653043
-20.9072342214
-22.2386812581
-26.4409053320
-27.5039961017
-24.1615935898
-24.6128552568
-27.4362309917
-31.1272702726
-33.0072885129
-33.7117839587
-30.4480722696
-23.7556139500
-23.4265845213
-25.9223951396
-26.6156304502
-24.9923139907
-27.1949279189
-31.3256810932
-30.0374930642
-29.6647778963
-29.6192447205
-31.4335330453
-30.7569048004
-30.9524688282
-31.1034550824
-30.3456925409
-23.6899952609
-24.0894191191
-24.3063127909
-23.5556431093
-26.6057851028
-28.9983729420
-31.9356549619
-33.5101327858
-32.0875396390
-34.3755387329
-32.0375427234
-34.0013956761
-32.7935368671
-28.0635291158
-28.4872665291
-29.7218587792
-27.6760064530
-25.7770882102
-26.7798590439
-31.0617758718
-30.3217038610
-31.3075374773
-31.9220204154
-31.4295625527
-31.5225332357
-31.0080091505
-27.7656021598
-28.6439891102
-23.6000681270
-24.4524741564
-25.8136576787
-25.6529425820
-28.5004881271
-27.8272438699
-30.1861361096
-28.0361512095
-28.8357276450
-31.9150348205
-33.2798104690
-33.8369134404
-30.3661366342
-23.7203403610
-24.8195708852
-22.4534168680
-22.4662229199
-23.0016016442
-25.9509278080
-30.4361128856
-29.8465597672
-32.6081003916
-31.3625288940
-32.0419120064
-30.9325399703
-31.0146050660
-30.8779680004
-30.3013931063
-23.6743113494
-25.4400142275
-25.6093007891
-26.8033234186
-26.9076489312
