-20.9397386967
-21.1228812318
-21.6132096745
-21.7617880480
-22.0227921750
-22.4412995459
-19.1659961564
-19.7851282063
-20.9288965364
-21.1317517371
-21.6092702485
-21.7629622378
-22.0182455880
-22.4304211377
-19.1502280942
-19.1686992555
-21.0228394868
-21.6082410533
-21.9661164830
-22.4115188839
-19.1447921260
-19.8027527048
-22.7114304983
-22.5202874297
-21.9010622273
-21.8290068511
-22.0325753634
-22.4284844366
-19.1505763380
-19.8189194995
-20.8095486241
-19.7115193275
-19.2500199986
-19.7435098517
-18.5488305744
-19.1401562147
-20.4985113135
-21.7166678298
-21.1515045345
-19.7692708250
-19.2693468788
-19.7418048814
-18.5456251784
-19.1311316529
-20.4942676596
-19.7528748885
-19.2423456905
-19.7273197545
-18.5278776932
-19.1266575624
-20.4951777538
-21.6701235693
-23.1044448688
-20.7177792805
-19.4548507505
-19.7939275177
-18.5528191951
-19.1367825225
-20.4909315106
-21.6751582154
-23.7061711181
-23.9048292566
-20.4160785256
-20.4921963201
-21.1400565099
-20.0619897462
-18.5214992664
-19.6835717925
-23.3860419593
-23.8007730088
-20.3994832236
-20.4867033904
-21.1390104841
-20.0567376094
-18.5230980807
-19.3931727668
-19.6144318222
-20.2586775418
-21.0634933813
-20.0214653096
-18.5013283155
-19.5428088279
-21.9784163459
-22.6306288999
-20.2411229506
-20.4342985356
-21.1216112442
-20.0485972504
-18.5088679868
-19.5471314520
-17.6369342395
-18.4391881589
-21.7342068854
-21.9843636759
-20.7483612964
-21.2385266253
-23.3966964095
-23.1528429744
-18.0617773762
-18.5385360157
-21.7803304053
-21.9972163282
-20.7574920137
-21.2456688579
-23.4022346492
-23.7890919586
-23.6077087824
-22.3818922767
-20.7997913269
-21.2387971940
-23.3782148970
-22.5787043390
-22.2235436663
-22.7132830510
-23.3521717075
-22.3399891091
-20.8087796398
-21.2509909022
-23.3905691331
-22.5837117985
-21.0372637670
-21.1550517013
-21.6118529480
-21.7642645915
-22.0248686914
-22.4391259356
-19.1660673587
-19.8129786428
-20.9451656025
-21.1446639409
-21.6061865439
-21.7639758988
-22.0212373769
-22.4370520084
-19.1590610572
-19.1786546247
-21.0248098470
-21.6066487121
-21.9718398488
-22.4081348355
-19.1474654468
-19.8042129985
-20.9480033361
-21.1389845908
-21.6064571125
-21.7522948469
-22.0170817550
-22.4279950830
-19.1555410769
-19.8015344991
-20.8077685679
-19.7069908643
-19.2428091525
-19.7393645862
-18.5413064381
-19.1269009446
-20.4848495441
-21.6587208537
-21.1030054479
-19.7685717485
-19.2652741100
-19.7452834350
-18.5502442627
-19.1406028470
-20.4945472903
-19.7564854897
-19.2357199974
-19.7182252854
-18.5329680070
-19.1167008985
-20.4813528664
-21.6677713061
-21.1154697253
-19.6467291636
-19.2245904382
-19.7267514311
-18.5363883043
-19.1339784483
-20.4942106979
-21.6777447988
-23.7215080809
-23.9152312566
-20.4226576134
-20.4933640371
-21.1466589000
-20.0662825946
-18.5340049712
-19.5497931218
-23.1510421973
-23.7316045637
-20.3944019722
-20.4875396931
-21.1333505528
-20.0492341869
-18.5200558026
-19.3909991562
-19.6154739643
-20.2455452580
-21.0650611253
-20.0296406225
-18.5073494369
-19.5432347468
-23.1429186690
-23.7296976382
-20.3846174888
-20.4734351751
-21.1296182605
-20.0392762287
-18.4993540712
-19.5409264993
-17.6379737925
-18.4093272284
-21.6990472167
-21.9768524863
-20.7423854860
-21.2350364205
-23.3921925442
-22.5716915655
-17.8667220385
-18.5157215190
-21.7723078542
-21.9961845430
-20.7511343003
-21.2402082928
-23.3973941915
-23.6264414445
-23.5796939372
-22.3709090070
-20.8000101120
-21.2494348095
-23.3876071198
-22.5705626861
-17.8773091668
-18.5008764967
-21.7563960944
-21.9818897214
-20.7421421037
-21.2235158972
-23.3788155849
-22.5790577611
