-27.8958867011
-29.8553707112
-31.1764049926
-26.4459451676
-29.7890788417
-29.1849266716
-24.4306383689
-27.6336152131
-29.5691973235
-31.3777661714
-35.6804707868
-32.8622120566
-29.7737910924
-30.0241109313
-32.3221600566
-26.0643659212
-28.5381670552
-31.3190981273
-28.7382233160
-31.9643675969
-29.9863750415
-29.0369334909
-33.0775107197
-31.8019242745
-32.2975875276
-35.8588271477
-34.5261767730
-33.4857829543
-34.1085460137
-28.2930449736
-29.9581375355
-30.8927987754
-34.8836079914
-32.7444811299
-35.9673276594
-36.7265529526
-34.1859518814
-36.6619699525
-34.9617064744
-34.8730765480
-39.2440286097
-36.9078363613
-38.4095284362
-37.4968779840
-31.9988268918
-30.3911519253
-33.7670381729
-37.8131154589
-33.5582836333
-36.3556878154
-37.7204231371
-33.8512509789
-36.5567900464
-33.9563946433
-35.2115692768
-39.6810198201
-36.3046552615
-35.0753413230
-37.7100133679
-31.7225260263
-25.7707110750
-27.7467516877
-27.8221173128
-29.8666905740
-34.6956548600
-32.3265525841
-29.2144976053
-30.9754282959
-29.2095199219
-28.9920424305
-33.0375119051
-27.0666240903
-28.5046321050
-29.9052731222
-26.2574094197
-26.6281335589
-28.4613502110
-29.8849041071
-31.7445417588
-36.0913981584
-33.6821703141
-28.5676719692
-31.7180001462
-29.2594741070
-29.1570814240
-33.0384491808
-28.8316561711
-29.8907931772
-32.2384340153
-26.6065670492
-29.4164568839
-30.7608895327
-29.4696825023
-30.6383751075
-34.8251108429
-32.4108832007
-30.3026035422
-33.5612210402
-29.0580727796
-26.9537025321
-30.7000879981
-29.4571755064
-32.1043252759
-27.5194469812
-28.1694016568
-29.6041498446
-31.1598977232
-31.1061594708
-30.9851480583
-34.5526510391
-31.8446689027
-28.6548545688
-32.0898284965
-25.2009080543
-25.3610405982
-29.2692935332
-28.2962982696
-29.0141617248
-28.8591570623
-29.6914657799
-31.5599260431
-35.3345976211
-35.0752843608
-36.0573169097
-38.7881662198
-34.7619027055
-33.6473187751
-36.2345871001
-34.1630105210
-29.2253294045
-31.3657783015
-33.6882678128
-31.4056114153
-31.4586700156
-31.3228770275
-31.6947079714
-35.8699825856
-34.5468072890
-36.5499067314
-38.6102565131
-36.1801057705
-32.3385935307
-35.9129744805
-32.7930695210
-30.0910319595
-32.7438584283
-35.7511072743
-29.9894199066
-30.4302121664
-32.2901229442
-35.2985162375
-35.7950597482
-35.1692699798
-36.8270930475
-40.3719828109
-32.9803080497
-33.0167014533
-37.0898757979
-33.3453928889
-30.2436752894
-33.7224021455
-35.5003874602
-32.3637356745
-34.9165629587
-34.9150573746
-32.6648110262
-36.3099539893
-34.2913919980
-36.0857136335
-37.8590771336
-32.6210902728
-32.1203587302
-36.1165933865
-32.7033780302
-30.8689537988
-34.5067204332
-34.7557689606
-33.1786670785
-36.9139791565
-35.5560455786
-31.2121549760
-32.6511259597
-29.7236336500
-30.1555541197
-33.9608518976
-30.0405521680
-28.9928800261
-31.1415042369
-28.7904287851
-28.6253082356
-32.8458886105
-37.5169660563
-32.4592359707
-34.4380944428
-30.9700428259
-31.6975871279
-34.6054986294
-28.2244487443
-30.5040113260
-34.4736036458
-29.8406072571
-28.3138800440
-32.3112440995
-31.9501763470
-29.6334696298
-32.7293991965
-36.3874194134
-33.2152559460
-36.2529494903
-32.7208186862
-29.4139078547
-30.1074110596
-33.9467240835
-30.0255336767
-28.9668135379
-32.5709962655
-28.9811679012
-28.6768405246
-32.9033759863
-37.5739433560
-32.4313751897
-34.4235782528
-30.9732365692
-33.4454876663
-31.1295979381
-27.4108079158
-30.2238551700
-34.3334893390
-29.8303606096
-28.3132405186
-32.3759436146
-31.9690294031
-29.6418663140
-32.6704994275
-36.3829259066
-33.1904154346
-36.2048905876
-32.6724917986
-35.6003462827
-35.6602066438
