-25.2395553410
-26.9723005501
-27.5366792207
-28.0835602409
-29.8622035349
-24.7463995785
-24.5087032134
-26.2557394011
-28.9679851267
-26.9822351850
-28.4435159692
-29.4868396212
-32.0983235520
-30.9713632887
-29.0277134237
-27.4717971564
-27.3427217553
-29.7806407379
-33.0831939657
-32.3305153134
-27.1551893094
-28.2949674302
-28.1961995885
-23.7612738853
-24.5404775353
-27.2541759509
-28.1717189674
-30.7214098390
-29.7458798184
-24.9745988655
-25.6834624459
-28.2025935477
-30.1233681274
-32.2959408117
-33.6489913776
-29.6021587679
-30.9771009065
-28.1411317770
-28.6854974177
-27.5693830526
-29.1504816220
-28.7283702224
-30.9909361430
-32.3984629374
-30.5050845418
-28.2973688944
-29.6922011088
-29.2119200867
-31.5182610950
-32.2389635044
-28.5879425973
-24.8805407173
-26.1367009202
-28.4604232926
-27.0873944348
-28.4028478733
-28.0873469137
-27.1406808910
-26.5665772903
-27.9717313213
-25.2130176179
-26.6075146839
-27.5292495940
-28.1398540280
-30.5432113923
-25.7403323136
-27.1381240774
-28.1577309647
-29.4881756641
-28.1305511330
-29.4266608220
-28.8901054313
-30.5782118188
-29.6876415796
-28.2892829094
-22.6799176728
-24.1623781077
-28.5226851010
-29.2274111018
-29.5381699827
-28.0095448846
-29.5916143679
-29.7483032849
-29.6112441806
-27.5711682871
-26.3868304851
-29.1487235721
-28.2130628652
-28.6242117214
-24.5631263155
-22.1885600604
-24.0514670278
-27.3676774867
-25.7889945157
-27.7841186161
-26.8174098075
-28.3694449639
-28.1950435220
-28.3655909865
-24.4559436400
-24.6786318842
-28.3893492163
-28.3012215812
-27.9755658831
-22.6423824400
-23.9652644159
-27.6792830459
-29.4267410853
-28.5912010730
-30.2705198154
-29.2170570007
-30.2067666434
-29.1295585273
-26.5698849541
-24.1119552775
-26.1847132304
-30.4263879562
-29.3151607240
-30.1774727545
-23.9450196776
-22.7080865835
-23.2695602776
-24.7736583936
-24.1428868255
-25.5617817093
-24.2109458085
-23.3283927478
-25.3775905818
-29.3095163212
-29.8755921514
-31.8657615945
-30.6749393917
-33.0626825417
-31.1647407734
-31.0654965307
-27.5598367732
-25.7073423835
-27.0034897187
-27.6238657054
-29.8252249842
-28.2688478669
-29.0466545274
-30.2905095205
-32.2807125927
-29.7610381246
-30.3276447176
-29.0492514771
-30.6486890690
-30.7845312631
-26.0237832354
-24.5794135106
-25.6845732026
-28.7267947004
-26.2468106372
-27.4842653055
-28.3066614213
-25.2283778821
-25.6443050993
-25.0751079496
-25.1257780536
-27.1547543325
-26.9862665494
-28.0740126757
-26.3036183733
-26.3020079087
-25.3484378046
-25.9267099977
-26.7314039874
-27.0084117422
-28.7483055435
-30.0148895948
-31.6488407927
-31.1450799009
-31.0551851538
-29.1113242841
-30.4835245089
-30.4496037720
-27.8095999583
-27.9408243772
-26.0918461020
-25.6950412253
-24.2654478859
-23.3315864919
-26.4672333298
-30.8105446684
-30.2655408446
-32.0063484368
-29.7609073758
-32.6311181310
-31.1330842660
-31.0524859427
-30.5745261336
-24.9174053486
-23.7847939325
-24.9573485152
-26.9982919526
-27.5803792659
-28.7817524651
-33.8135655752
-36.0283919793
-30.2859305665
-30.4675557935
-29.0741618999
-30.6300289084
-30.8290261796
-26.0360170738
-27.5730596717
-27.0874229149
-25.6490303421
-26.9836527770
-29.8057246376
-29.1229846078
-25.3533403949
-27.7426996220
-26.1967710024
-25.4277208467
-27.2776442061
-27.0218365951
-28.1383095833
-26.3322973388
-26.2953589148
-28.4264766522
-26.0544053739
-26.1455740140
-28.9548217757
-30.7780712719
-30.7016363408
-31.9267132851
-35.9060031386
-33.6140971071
-29.4690157886
-30.6036633736
-30.4675208407
-27.5864728821
-27.9183892018
-26.0787241774
-28.3895680028
-26.5720326704
-26.2959427782
-26.8787693068
