-28.0327762133
-28.8513494156
-27.1595909088
-26.2945821690
-24.9766831586
-24.3194360143
-24.7682120709
-26.7742094692
-30.2336202363
-29.3339503417
-27.1671642367
-26.2812349866
-24.9716044973
-24.3117422888
-24.7512076820
-25.9334043012
-26.4369400307
-26.0970827062
-24.9184358448
-24.2926549105
-24.7317047417
-26.6491265648
-29.0586035673
-28.5611731513
-27.0244788480
-26.2319488002
-24.9542570430
-24.2996741567
-24.7355522518
-26.6535954759
-29.5546099277
-27.9533689145
-25.8211610982
-25.1006812087
-24.4109891466
-25.3117155725
-28.3157649559
-30.0213948906
-30.8510328463
-28.1744388910
-25.8459757243
-25.1076072445
-24.4099923152
-25.3074576785
-28.3296325612
-27.7221765684
-25.7869542500
-25.0877262853
-24.4078381239
-25.3019543934
-28.2767060024
-29.8407910937
-30.2493481661
-28.1449870596
-25.8429166174
-25.0987949967
-24.4134139064
-25.3090526087
-28.3117116075
-29.8659410143
-24.6759041821
-23.1266120685
-23.1029768078
-24.1956088443
-25.7480312258
-26.5684311371
-27.2314352564
-27.9797810587
-24.2901770627
-23.0623980030
-23.0892774965
-24.1333547842
-25.7219051837
-26.5670718218
-27.2215031923
-25.0228209122
-23.5120854671
-24.3247710006
-25.7730982964
-26.5781457109
-27.2411627759
-27.7948688676
-28.6006269550
-25.5605143070
-23.5838068369
-24.2777827009
-25.7699641035
-26.5827324292
-27.2339545208
-27.7927133819
-22.7226649069
-22.4192384985
-24.4053576963
-25.2817666202
-25.2398906434
-24.2562045423
-22.4467782330
-23.7318867779
-22.1330210102
-22.3165040171
-24.3607553195
-25.2667610726
-25.2269913873
-24.2584428818
-22.4465866343
-22.8468921164
-24.5465323166
-25.3210534251
-25.2264657853
-24.2462996635
-22.4349288852
-23.5205248704
-26.2732616288
-25.9634542340
-25.4406472905
-25.5836990552
-25.3035027214
-24.2635176595
-22.4433838279
-23.5279998112
-27.3897954824
-28.5181877177
-27.0077748042
-26.2290528111
-24.9497609454
-24.2982151580
-24.7319843724
-26.6412412417
-30.0368328222
-29.2666357569
-27.1399585113
-26.2675615685
-24.9553962789
-24.3026970153
-24.7437146174
-25.8864069424
-26.3624366024
-26.0565026108
-24.8981017804
-24.2773321886
-24.7163043450
-26.6363645356
-29.9804406604
-29.2246588077
-27.1107539449
-26.2508769432
-24.9514400236
-24.2919869040
-24.7256693812
-26.6401641458
-29.5512737798
-27.9462642266
-25.8067847196
-25.0994759490
-24.4093074792
-25.3129933288
-28.3116248702
-29.8510027878
-30.6738855989
-28.1412703035
-25.8431729454
-25.1042193126
-24.4118604031
-25.3053319685
-28.2866950278
-27.7032212400
-25.7748226836
-25.0858128871
-24.4035892921
-25.3075340593
-28.2856943129
-29.8409309090
-30.6366520146
-28.3384292751
-25.8655822307
-25.1022476579
-24.4108868743
-25.3072570181
-28.2676969786
-29.8293521325
-24.6919337472
-23.1248527259
-23.0967614995
-24.1330363163
-25.7242859276
-26.5656425988
-27.2273314187
-27.7445780852
-24.1814253532
-23.0414813735
-23.0863724450
-24.1934274663
-25.7348924716
-26.5733816343
-27.2270349585
-25.0200880406
-23.5112064431
-24.2781943796
-25.7491173837
-26.5756018493
-27.2424055785
-27.7874249982
-24.1827963200
-23.0467762311
-23.0877563577
-24.1983689020
-25.7339474236
-26.5661526656
-27.2340930415
-27.7929968963
-22.7189662740
-22.4518478315
-24.4036242456
-25.2754464508
-25.2362554456
-24.2610333486
-22.4547826598
-23.5215683070
-21.9809317228
-22.2483323999
-24.3309720702
-25.2550606032
-25.2274923921
-24.2590060267
-22.4514762866
-22.8851005343
-24.5619417756
-25.3285141249
-25.2258547407
-24.2520036101
-22.4408490280
-23.5211851095
-21.9399464165
-22.2456616684
-24.3305099029
-25.2536637448
-25.2023515297
-24.2469314215
-22.4329002685
-23.5220511875
