-30.7059058822
-27.3967344713
-28.8253761361
-25.7384163298
-27.8732094339
-32.3258806840
-29.7337793199
-32.4129881847
-32.2048861173
-33.6004275800
-33.4042732395
-27.9452220790
-30.0144895598
-30.6936888787
-30.0452320988
-28.4541743218
-27.9615053881
-29.6519446588
-27.2381878108
-28.6532609273
-32.4076532030
-31.8718124909
-35.0684178660
-33.3924135405
-34.1017908628
-32.9408296602
-28.3334710069
-30.8085652389
-31.5194339958
-29.3519282584
-32.6481471106
-36.8886959062
-41.4579911048
-35.2768306271
-34.9812961422
-38.3634437700
-39.8761967192
-42.7839002674
-41.3815536125
-42.3673687315
-41.5952106868
-37.3226617132
-39.1572771422
-37.6114526909
-36.9635954592
-36.0515042228
-38.3023238073
-42.2725960132
-37.0816292926
-38.0161414274
-41.5758423932
-41.9154302733
-44.5313923598
-41.5682470667
-42.1772601649
-41.6623207013
-38.0729051192
-37.8213024168
-37.7038511485
-37.6299070089
-32.2361477741
-28.2203863362
-30.6086112771
-28.8324860031
-30.1232632617
-33.2634494936
-32.9570754169
-32.1460653058
-32.1454063741
-33.8171023961
-32.5767766005
-26.1741817707
-28.8838318585
-29.4766020641
-28.6264811293
-29.3149846570
-27.4131472327
-30.2045748990
-30.1719837095
-32.5715037503
-34.9487567327
-32.2703313159
-34.7769626180
-34.0486351740
-35.8995522296
-31.5632350065
-27.2011859516
-29.6992721258
-29.4797414353
-28.9110311235
-29.3158287296
-29.1774491444
-32.4499097780
-30.2097053508
-32.4656040405
-35.4491697597
-32.5666607079
-34.8598691779
-32.6716865709
-33.9667862797
-32.2364494099
-26.5472853582
-29.1308207339
-28.6444797577
-29.4665845568
-29.8603963001
-30.0310524996
-33.1020340659
-29.9675867147
-30.3769632589
-33.7281682368
-31.6770355782
-34.4922146019
-29.5378566896
-32.0230408231
-29.6637240975
-26.0047398742
-28.2707094715
-27.1769668417
-27.9082823662
-29.8239019230
-30.5697737043
-33.6835632832
-31.0771426173
-33.7157143152
-37.9734641183
-32.5932825690
-33.5469430566
-30.1216773933
-32.5816248209
-34.6653693353
-29.7363775544
-32.2692542113
-28.6237974458
-28.9198770275
-31.3485434795
-31.5489039445
-33.5255603847
-32.8282757785
-34.1927225576
-37.5120712314
-31.0747774121
-33.5719272698
-30.8225428910
-33.9330195924
-34.5673808478
-31.4197262840
-33.5301483978
-30.5982701241
-30.7825324204
-33.0408273468
-32.0807780625
-33.1491608786
-32.4057851194
-34.3337547267
-36.4840045631
-31.1337393226
-32.5461376393
-31.3350383646
-34.2643921116
-37.6378195126
-31.9181754835
-33.2880039008
-31.7290313220
-32.6904735979
-33.8205356394
-31.6619756615
-32.7894809332
-30.8154136031
-31.6790447665
-36.3524785407
-30.5245810016
-32.5004154560
-32.3848840366
-34.8277272030
-37.4044614007
-31.7421389980
-33.4935142080
-32.5045956777
-33.3997214753
-34.7954247066
-32.6455333507
-33.0523129178
-28.1607538223
-31.0396138651
-35.4397076283
-31.4523718557
-31.2658906412
-31.9208850621
-34.8935711260
-36.0785636461
-31.2687633290
-33.3966545955
-32.7073511178
-33.7859766717
-34.1422919782
-30.1736058247
-30.2324680546
-28.7758957664
-31.2681678208
-35.6824230244
-31.2285185436
-33.0182458887
-31.2943197552
-34.1452060801
-35.7986289229
-33.2336753155
-33.3055429510
-31.1347452205
-33.0727984355
-34.1338189149
-28.2813937008
-31.0604178600
-35.4552232375
-31.4126047677
-34.4937292635
-32.9970561109
-35.3590601223
-36.1232527424
-31.2108215499
-33.3504391787
-32.6804496252
-33.7394971599
-37.0664179132
-37.2040440192
-33.5679723181
-29.2664583968
-31.4355927254
-35.8148669045
-31.2615330719
-34.4940153672
-31.8021417615
-34.3078720707
-35.1747447876
-33.1540699426
-33.2859571631
-31.1444921575
-33.1103232985
-37.6323770712
-36.2146543763
