-22.4672391664
-20.7337570689
-22.2235837970
-23.6292338673
-23.0619306572
-21.9450807500
-21.5175747031
-25.1336957348
-28.5352011652
-29.9376494224
-32.3799905015
-35.5460591381
-31.9176654260
-30.3359973870
-27.4491056548
-22.9390355845
-21.2416284565
-24.9469232023
-28.9868576094
-24.6133860368
-23.6813280153
-27.3335884412
-28.6437444337
-29.6526320903
-31.1831070648
-29.8930535269
-33.7023114731
-35.8183376943
-27.9516082736
-23.0268875006
-21.6482321172
-23.9863817102
-25.8999988030
-27.7483336767
-28.8065891071
-30.3341098814
-30.3389192690
-30.1148898840
-30.1850875087
-29.7276999505
-30.7651267170
-32.9684198737
-34.2991193847
-23.7032699474
-21.5298913964
-24.7429948151
-29.2488869759
-26.5911252253
-25.2068515110
-28.1171262713
-29.9420393635
-30.5342282629
-29.2733106444
-27.2371909835
-28.3447831053
-29.8090970412
-29.4299192957
-24.1100910708
-20.0172138871
-19.2008697314
-19.4428486403
-20.7036333389
-21.8742163924
-26.2906246043
-30.6165199047
-29.4132968131
-28.5781568251
-25.5953671576
-25.4159012768
-25.6999321742
-26.6236387593
-24.0969989229
-25.6447297241
-27.3359148055
-28.2527367422
-26.3065299021
-24.6639551639
-28.1944208186
-33.4690983196
-32.9503914742
-30.1917002548
-28.0851085754
-27.3910849002
-26.8019679884
-28.7759488468
-24.4974325445
-27.2749191003
-26.3416300133
-29.9982955828
-21.6202573956
-22.0721379190
-26.6042083035
-31.0944395804
-34.8801695788
-34.5773232675
-29.0367302395
-27.6142469325
-26.5606636201
-27.0602068341
-23.6356135845
-22.9022136714
-25.7830277660
-28.5887776047
-24.5810019647
-24.3863091547
-27.3681551866
-30.7623550050
-35.0853497565
-34.2316274556
-35.5884348112
-29.2828491523
-27.9261709572
-27.0735630763
-24.0387852645
-23.8672021091
-27.8620138521
-28.6063166593
-27.0238419116
-26.0818260085
-23.8776675446
-24.0253125085
-24.7023474091
-27.2425725752
-28.8836156739
-29.6759514621
-27.7009751151
-23.6157028432
-22.9697483488
-24.0955722868
-24.5441774642
-25.3989978646
-28.2058649574
-28.5803381994
-29.8214111381
-27.0026132883
-25.8211533319
-25.9462478915
-26.8267644894
-23.6428114849
-27.0812956308
-25.8443484198
-23.3696123694
-21.7758705548
-22.0330271709
-22.7940574638
-25.4205669611
-30.1101478049
-29.2519577416
-29.2251287451
-22.9879851816
-24.2369320356
-25.2628099949
-28.9062476233
-24.1621515591
-27.5939128584
-24.5352331659
-22.9821103531
-22.2600924223
-22.6105382130
-23.4577957004
-26.1857385466
-29.7017771571
-31.3926306035
-24.7009453663
-25.5280823381
-22.9244766679
-24.4262419599
-27.4392188968
-26.8927275321
-27.2567224051
-25.0668769728
-22.8575387916
-21.5396331547
-22.2416911731
-23.5237237968
-27.0547410862
-28.7126927860
-26.1146049252
-27.0906865656
-25.5011614215
-23.6905506463
-24.0517932702
-25.9471515114
-28.7357506487
-27.6946925053
-26.1224061017
-22.4866359520
-21.5858589498
-23.3636119632
-24.2548322803
-28.1867814671
-31.6775055081
-32.2515093333
-29.3631989233
-25.1680993664
-24.3530357030
-27.9779569784
-25.9254050543
-29.8914430487
-26.9109915493
-25.2859766136
-22.5507594004
-22.3054340135
-22.4033073227
-24.0075067709
-27.4466187495
-27.3660657302
-30.8239047910
-30.3056639428
-25.1441585839
-25.8355620743
-26.7227561503
-29.1157931917
-29.0193102933
-26.0016147465
-23.7790873954
-22.1364594364
-21.8323041606
-23.3593255886
-26.7744321332
-31.2146043304
-28.2147238178
-29.9023952555
-27.4308830606
-24.1804453562
-23.1032111280
-23.0179315551
-26.9235153675
-26.4434712161
-25.2198439740
-25.9349526277
-23.9124077644
-23.9386024209
-25.2228512967
-27.8175176451
-32.3159473302
-31.3355290136
-26.9729374913
-28.3088505678
-27.0247105730
