-26.0779396564
-25.1461807316
-24.2656213612
-25.7631623462
-25.4912293591
-22.6769634346
-22.8572811732
-25.5675685083
-30.2126479388
-33.4043949344
-33.5762149463
-31.7948169995
-33.1573465437
-33.0676304532
-32.8037330283
-26.7521704389
-26.2459212663
-27.4046495717
-25.1780016574
-24.1845970969
-24.0297749481
-27.9794716383
-30.5873127503
-34.6174165667
-38.3134468817
-35.6187086991
-33.8567555411
-33.4140227546
-36.1851779394
-27.1131333885
-23.7816687992
-25.8931633834
-26.5398919869
-24.5793461918
-27.0362492213
-31.3873007857
-34.5594644538
-28.9929525197
-31.7847218121
-32.5169304942
-33.1281730558
-32.0040596116
-32.5309599188
-27.1464171992
-25.9810864972
-25.5344918357
-25.5815047317
-24.9532628011
-23.2066783416
-26.7047523321
-31.0523046947
-33.8306722420
-27.6087112789
-29.3165200365
-33.2844450872
-32.3803076756
-31.1927957456
-25.5852163060
-26.0971642635
-23.4110494859
-25.8455730989
-28.2975216522
-28.9362988511
-29.9998115527
-33.2153633995
-34.0576053555
-32.9965641695
-25.5858700720
-28.2765066343
-30.4577441286
-32.1432042853
-28.1376933619
-28.2547899602
-28.5687231775
-26.9908467956
-27.1999703387
-30.2205384468
-31.8498589057
-30.7563131752
-33.9310751293
-34.9674777371
-32.0126569575
-26.1858071583
-28.0639304398
-31.0075042603
-28.3854784157
-28.7228009150
-28.5455487936
-28.6562281272
-29.9261677308
-31.5898892411
-33.5771548130
-31.9039000932
-29.2625125027
-32.6946305068
-32.0255393752
-32.7553258776
-25.1988846218
-27.8182594399
-27.5457115488
-29.3142596927
-30.6358571379
-28.9465998733
-30.8302599114
-32.1598992615
-34.7205950551
-37.2454629902
-34.8386418631
-30.0360431264
-32.5895049642
-34.2712443650
-32.0347438831
-27.0105413324
-25.8404232461
-27.4424851420
-30.4855634816
-26.9339769249
-28.3686034838
-30.6739205515
-28.9917938689
-29.7474423853
-28.8286190774
-25.8166675871
-24.5089867297
-25.7824050746
-29.4677367322
-28.7642742697
-25.2673863572
-27.6794746451
-30.9469720118
-32.6856862204
-29.2895460468
-28.7520119532
-31.9271871000
-34.3532965039
-28.1377762117
-24.4144599292
-27.1051224830
-29.6484699957
-31.8012705063
-27.1408414168
-27.5047016488
-25.1056329972
-27.4221536647
-29.3366560296
-30.5306616747
-27.8501852305
-28.0453207684
-31.4287314216
-32.6836213590
-25.3650434521
-24.6950951378
-24.1120407198
-25.2002594774
-28.1600405002
-30.1798276040
-30.6286773643
-24.2902819258
-25.8959027296
-28.3546685590
-30.9287002232
-26.9476749371
-27.2479839473
-27.3989067876
-24.7989843803
-25.7882255299
-25.3699590037
-26.6447560447
-25.3698593206
-28.1952506482
-32.7986802539
-30.2506699321
-22.8755283614
-24.1533561396
-28.1083929891
-31.3736843355
-27.6006874359
-27.8607089205
-24.8060075094
-25.6705489489
-25.8871733363
-29.0611267103
-30.1730543342
-29.7303655035
-30.6296651334
-31.4688622931
-29.8928632196
-22.6058543993
-25.5859930536
-29.1761610290
-33.4409553197
-27.2421595995
-29.1430429304
-32.3687612612
-34.5488514384
-30.1759969268
-27.2246153762
-29.0046491023
-28.1610800589
-30.3172957970
-32.3466717468
-28.5838063959
-22.7729608849
-25.2607800787
-29.5231437174
-33.3908380255
-27.2655320576
-29.9588883884
-28.9688576878
-27.3786594623
-29.0084047004
-30.2059432846
-30.3902133503
-28.6990815101
-29.1999399874
-28.8019583736
-27.9513480659
-21.9429136090
-24.5910777254
-28.2558230342
-31.7411279304
-28.0058190637
-27.7643826591
-25.8254526522
-24.0985886753
-25.9043214180
-30.4941698826
-31.4479806234
-28.9895594132
-29.8603328661
-30.7817737967
-29.3315890193
-24.3970593958
-25.1556894648
-27.2620418580
-31.0653528208
-29.2648518191
-29.9379640040
-31.5494347273
-32.2293136571
