-17.5213483772
-16.2020598870
-17.6087731001
-20.7295341169
-22.4257489753
-20.3570363242
-17.5700584892
-14.7893073574
-15.3554624306
-17.3069609773
-19.6277323993
-23.4171599210
-20.7857981344
-19.8583694306
-17.3155635054
-15.6568421776
-16.3627698591
-18.9332269350
-22.3516714507
-23.7187143696
-20.7204435363
-17.3374899184
-15.3680950076
-16.2728970747
-17.4947588728
-20.0700472458
-24.4180847633
-21.1842472063
-20.2602090347
-17.0266143866
-18.8508200347
-23.4646000347
-25.7662331054
-29.1102122276
-31.0102461943
-26.7516487178
-25.3079871652
-24.9661685246
-25.3343255179
-26.2766612114
-28.9109883958
-31.8824358603
-28.8332057928
-27.3998194668
-24.4045252748
-25.6616823283
-27.2466259236
-27.5538583781
-30.4055956148
-31.6273804449
-27.6311995326
-27.1099150516
-26.0876063266
-26.8168220615
-26.6192151579
-29.1822416955
-32.1339117468
-28.5067591031
-27.1925484808
-24.9259496186
-20.5169073799
-19.1161183385
-19.2943065033
-22.0232944665
-24.0496093020
-20.9469016407
-19.4722422228
-18.7410908970
-18.4145431266
-19.3017387235
-21.3492940183
-22.6128775323
-21.6647083156
-20.0506310451
-17.7960052605
-18.2475647799
-19.0273446654
-19.2612660690
-21.8296994491
-23.1789444212
-19.7927118965
-19.5541830675
-18.0162247720
-18.6964859237
-19.6828351770
-21.2279615073
-23.2194015340
-19.3740284227
-18.2166552340
-18.1423058409
-17.1505671712
-18.2536648701
-19.3811486516
-22.0216192738
-23.0313279334
-21.0922137756
-19.0325890346
-17.6278410700
-18.1818127350
-18.2581337824
-20.4763026811
-23.3956918094
-20.3053913935
-19.3756958538
-18.8530337854
-17.0278429610
-17.9221355239
-18.9816354082
-22.3094757037
-23.3420040266
-20.0169420221
-18.6832410101
-16.9620857352
-16.9423847177
-17.7836497277
-20.1664861642
-23.0815293951
-21.2294774668
-20.3448944052
-18.2537257156
-17.4332867281
-18.5242230651
-19.3833235473
-22.1952918940
-22.9594978159
-21.3334806367
-19.1643934535
-15.9376341132
-16.1838204569
-17.0512361285
-19.4907522093
-22.8198753897
-22.2381232915
-21.3972662014
-18.3176497888
-17.4901850976
-18.8458022178
-20.4282075021
-24.3597274035
-24.9282138533
-23.0000494194
-19.1218572220
-16.3214841993
-15.9750942730
-17.3435149204
-20.6301500168
-24.3180715125
-23.0791654785
-21.5098952018
-17.7462607692
-17.5980746387
-19.7957399299
-20.5145136897
-23.6995285883
-24.2579884802
-21.6015027223
-19.0666094618
-15.9535148086
-16.5756982693
-18.8987883461
-21.9400072607
-24.8433783250
-22.6526756978
-20.6413015896
-18.5245389462
-18.3951735213
-19.6300354675
-20.2031579102
-23.7446772822
-23.2728705320
-20.8051703208
-17.8327818658
-15.7723684942
-17.4539586860
-19.2344448219
-21.5372083925
-25.1489058271
-20.7912017389
-20.1078582273
-18.4680186016
-18.9274712064
-20.4385227696
-20.8479887736
-23.4578552386
-23.7049542122
-20.2109370762
-18.6591448698
-18.5478583408
-19.3378136674
-20.3871095683
-21.7368491359
-24.0308119068
-22.1438256281
-21.4061626031
-19.3581697412
-19.0642429665
-19.9881310045
-18.9942097243
-22.0766430657
-22.8769821853
-19.7249752519
-19.3433311937
-18.4864224478
-18.6706291493
-19.0910706779
-20.8956088355
-24.5814757783
-21.4598452108
-20.3986223255
-19.7985724918
-20.1557462776
-23.1238274005
-23.6445268128
-20.1573243727
-18.6097499252
-22.4160589756
-21.5718528180
-21.0131753972
-21.9639260410
-24.1425618798
-22.1606125281
-21.3815305102
-19.3358484828
-22.7584757444
-20.7338722808
-18.8167555881
-21.9399813617
-22.8734997485
-19.7202733146
-19.3494390524
-23.4059397366
-20.8910493020
-19.6131605354
-21.2027429642
-24.7679194860
-21.4446558297
-20.4132602133
-19.8448902026
-23.5553142726
-20.7820373655
