-21.6854165193
-22.4453347703
-24.2706780137
-23.1730760625
-21.9681774640
-21.3601452428
-23.2310709338
-26.8515739305
-30.4311636892
-30.7693483623
-31.5265697545
-31.9950816586
-32.7576781416
-30.0634857603
-27.6243421128
-24.2699944726
-22.6531313972
-25.1723028881
-26.8457741903
-23.4448459541
-26.1615647374
-30.5729790903
-30.5704909088
-32.5305508307
-33.6166526278
-29.5201778260
-31.7488553178
-36.0501798535
-28.4311954211
-23.5731860507
-22.7478640392
-22.3309969137
-24.8114784309
-25.0361409092
-28.6667530987
-31.0025019808
-31.3565026012
-30.9012122895
-31.1716681055
-30.0871339626
-29.0270156697
-31.9345209307
-36.1476401423
-26.5912663327
-23.4716904939
-24.9828997568
-27.4828671564
-27.7054919413
-24.6239628065
-27.1660392380
-30.2849570429
-32.9484949058
-31.3338900689
-29.3480445037
-30.7078814239
-29.0012365802
-30.3708191597
-25.8686814700
-21.6696588133
-20.8307332348
-19.6504834636
-20.6170125687
-22.6131338602
-26.1863301681
-29.8521484917
-31.2379754991
-32.2333838386
-27.6696086076
-28.1019744424
-27.8606713794
-25.3227816969
-22.4910466106
-23.5311353031
-21.9694629863
-25.6588186938
-23.8262672937
-24.8314668427
-28.9055822017
-32.4626782826
-31.3487622722
-30.1874721379
-29.3029786731
-28.8059211020
-28.6388224187
-30.2331580737
-23.3382393646
-25.1057352698
-25.8398665737
-27.9298190970
-21.4863622218
-23.5339846827
-27.6380375313
-32.4904536154
-34.6032460447
-32.2276345821
-29.5257419576
-29.8423174108
-28.9454451022
-29.7283783123
-24.7019188974
-22.9219625836
-24.0172653612
-28.3986093900
-26.3703866542
-23.7769189646
-26.3423200260
-29.7247871304
-34.4090905492
-34.1911302262
-31.7954319276
-29.2158154953
-29.4577295918
-28.4535826982
-26.9557350341
-29.0927806292
-28.9985179461
-25.5125990865
-26.9291041027
-29.5635438596
-27.3810868034
-29.3611249865
-31.7954823999
-33.1286183882
-30.9842560876
-31.5679693085
-32.5843745160
-30.5423802667
-26.1173326171
-27.8367849671
-27.7809598331
-26.8762875840
-27.0988308062
-29.4069844041
-29.0702768490
-27.7723469536
-27.8934269942
-27.3603320080
-28.8370804889
-25.8635743281
-26.0551225768
-29.3931879979
-26.6615066963
-24.7412108858
-25.1716659539
-26.0402205991
-26.3225633516
-29.1006102873
-31.3202231231
-31.0422755421
-28.7093203834
-28.5450581421
-29.1062792813
-30.8379873028
-25.4394963999
-28.3919642844
-26.0023125298
-26.5753623501
-25.4574005279
-26.5681618617
-26.6173548385
-26.8771394229
-29.6106434866
-33.6695260863
-32.1036378455
-30.6706064105
-27.0200526540
-24.5711540500
-25.2349116654
-24.3680904451
-25.7393846835
-26.8394358980
-25.3290889197
-24.0032708838
-26.2272365008
-26.3300473526
-26.8263359819
-29.1331548869
-28.8227196494
-29.0170667766
-28.6266727275
-25.6477991878
-27.1093894453
-26.6279484366
-26.2037384738
-26.0290133678
-26.4835412452
-24.6130921678
-23.1083894725
-25.6569467336
-25.3297646953
-26.6450460342
-29.2054704505
-32.5681766662
-32.2067645655
-28.7154502532
-23.1095986132
-24.0414029206
-25.4968931721
-29.1690498667
-24.3509954313
-24.5861829019
-24.2978863329
-24.4035750519
-25.1187963511
-25.3975375731
-27.9708937208
-27.8469992556
-31.1868134578
-27.6776078542
-25.5106468548
-24.3267659601
-24.9133364695
-29.3237981898
-28.8579543943
-24.1431910510
-24.3260914813
-24.6980921061
-25.1304786932
-26.3416507263
-28.3533079521
-27.6880279758
-26.8391782749
-28.5780895060
-29.4537280248
-22.7035723577
-22.7042740261
-22.7234714450
-27.0798392175
-27.0463832449
-22.6232199801
-25.3945082363
-26.5023904164
-25.5747508715
-28.4281997382
-28.1338393804
-29.0989829933
-26.9288464806
-26.0008742468
-23.9937077770
-22.8898193030
