-22.4652079612
-23.6580151073
-23.0981272876
-22.1817518325
-21.9718126625
-21.5284065065
-19.9390156931
-20.8308186736
-23.4144904965
-23.9551071014
-23.1540171634
-22.1840872661
-21.9683949548
-21.5153596660
-19.9283534798
-20.7870228184
-22.3221497111
-22.0121545596
-21.9253849152
-21.4949272106
-19.9191463817
-20.8303047225
-22.9599379766
-23.5496828402
-23.0606839705
-22.1605050828
-21.9617317193
-21.5069953440
-19.9217381436
-20.8458371692
-23.1867663105
-21.2698271331
-20.2030336351
-19.9355462036
-19.3091800070
-20.5758162379
-23.3122829153
-23.6636543251
-23.8589465346
-21.3666647766
-20.2233948891
-19.9390700677
-19.3008506382
-20.5733811210
-23.3144940684
-21.3799045104
-20.2071025200
-19.9176407797
-19.2886698749
-20.5722367065
-23.3120473004
-23.6309530775
-23.4453094177
-21.2728745893
-20.1964752607
-19.9248270286
-19.2917225096
-20.5609841624
-23.3104031761
-23.6301607908
-22.8758390669
-21.3776402810
-19.9856958890
-20.6396665327
-21.5987038361
-21.0773027334
-19.7609789989
-20.6606207063
-22.2228432949
-21.2473867759
-19.9542309676
-20.5934290876
-21.5856569956
-21.0769583734
-19.7608547188
-19.6095654733
-19.5798094056
-20.4953421649
-21.5392033559
-21.0531574042
-19.7446477920
-20.4215339149
-22.3120752409
-21.4465536982
-19.9798780179
-20.5952855243
-21.5719576835
-21.0615696260
-19.7569890838
-20.4297377085
-19.8534823722
-20.2980705100
-21.9162658490
-21.7172995904
-20.9431732350
-20.7307989397
-20.5867309006
-21.1407905400
-19.9455080431
-20.2944832114
-21.9225795462
-21.7278634144
-20.9491956505
-20.7372019637
-20.5845792981
-21.1373042183
-22.1559908603
-21.7487580368
-20.9301354563
-20.7225666653
-20.5655359333
-20.6145127232
-21.5287819364
-22.0054744940
-22.3945598040
-21.8120697785
-20.9579910699
-20.7331097764
-20.5773658631
-20.6250234696
-22.4826214412
-23.6582934434
-23.0945671755
-22.1825751894
-21.9769003865
-21.5289657678
-19.9355902176
-20.8534234453
-23.4221427956
-23.9666444534
-23.1555499535
-22.1926949701
-21.9799413697
-21.5269280890
-19.9446018332
-20.7940951434
-22.3261111451
-22.0085517260
-21.9252062623
-21.4984562529
-19.9190583498
-20.8396891785
-23.4140827021
-23.9716117805
-23.1474743247
-22.1806488450
-21.9694435696
-21.5172173973
-19.9274213776
-20.8410277809
-23.1661306063
-21.2588865843
-20.1998062313
-19.9344186189
-19.2976245289
-20.5680435416
-23.3117120027
-23.6186428577
-23.8249351664
-21.3668020028
-20.2274857819
-19.9465165284
-19.3065338724
-20.5800663648
-23.3186276822
-21.3790267811
-20.2101862246
-19.9175656937
-19.2910545030
-20.5640367968
-23.3031871525
-23.6295432731
-23.7948904106
-21.4520815797
-20.2331172325
-19.9297827051
-19.3009775076
-20.5714444199
-23.3179467299
-23.6270007059
-22.8978224356
-21.3900501852
-19.9921027969
-20.6171200173
-21.5931630069
-21.0805495559
-19.7613414832
-20.4141612458
-21.9744950451
-21.2110205523
-19.9546491191
-20.6207409753
-21.5892921938
-21.0797404394
-19.7626270074
-19.6047767983
-19.5767981977
-20.4754456676
-21.5356807866
-21.0567718891
-19.7482946418
-20.4197642152
-21.9399554837
-21.2078022107
-19.9438224934
-20.6151198814
-21.5831442036
-21.0636370804
-19.7528036861
-20.4176203803
-19.8598543262
-20.2702213686
-21.9111548224
-21.7211626358
-20.9468200847
-20.7321802634
-20.5881769536
-20.6209947171
-19.6115267706
-20.2260280745
-21.8967732635
-21.7159752286
-20.9458154857
-20.7280453546
-20.5906651485
-21.1007554577
-22.1428080884
-21.7542341368
-20.9373838450
-20.7153791221
-20.5725344669
-20.6175329931
-19.6079109911
-20.2091893900
-21.8762631333
-21.6981746673
-20.9313484837
-20.7207529499
-20.5758162433
-20.6210089574
