-31.0414094532
-29.5982154660
-31.9278991251
-30.0106459431
-29.2866371139
-28.0193345453
-26.8239397036
-29.1817018579
-31.2718379798
-31.4059376552
-29.9917449890
-30.0923407878
-33.3902075653
-35.6895963316
-32.9366818092
-32.3791451355
-30.6402224812
-27.2314935117
-24.2033698906
-24.8929454435
-23.7146403066
-26.5021949296
-28.9828832351
-30.8694729264
-31.4535486397
-27.3286754957
-30.0831984156
-34.4862996455
-33.7959760545
-30.2169407959
-29.2831740946
-27.8624087113
-25.3243442606
-22.4968748381
-25.0674375257
-27.8384679322
-30.3875516805
-31.2019691817
-33.1791758495
-32.6419861887
-28.6387188505
-31.5009317690
-36.2558921005
-26.1567048583
-28.8618497947
-29.1602699898
-26.7986603200
-24.9887551756
-24.8732522002
-26.5914527587
-28.2639659867
-30.4045081667
-30.7634631743
-32.4912070731
-32.1717421366
-26.2679952506
-29.1615542121
-27.8062392163
-28.8812077488
-27.3653718311
-23.9953713171
-25.5693291473
-27.8856154621
-30.6214587513
-29.9519351775
-29.4443837049
-29.8582110419
-28.8637010636
-31.6560594048
-32.6939197911
-29.1269861853
-28.4126012876
-29.3634785569
-30.3892126342
-31.8670264089
-24.2560944937
-25.0936567826
-29.3357303891
-31.9985615054
-32.1399975974
-30.5794054264
-31.1981760464
-32.3798584538
-33.6266066954
-32.2279349259
-25.3448233153
-26.3948504473
-27.0337545584
-26.7106530673
-24.3146175625
-23.0286287219
-27.0726309606
-32.3606286681
-31.1634319487
-30.9470924129
-30.6053217425
-32.9587273091
-33.1833897258
-31.7084797750
-30.3570279327
-25.6564910383
-25.0822760774
-26.8925087466
-27.0888870946
-23.1628371777
-26.5632074694
-31.9569806934
-36.3926806083
-36.2516950629
-31.6642865007
-31.2397477874
-31.0773329290
-30.7371054067
-27.7458208839
-27.5365186940
-29.8983354351
-29.2039998093
-28.9730547379
-28.8414432470
-25.7709648172
-28.8942118561
-33.5406280696
-37.2256843094
-31.5002301050
-28.5851993731
-31.4236255761
-33.1917126203
-31.9721765540
-30.9412861949
-29.6653073831
-28.3664234054
-29.9347482540
-33.5008014377
-36.7564475199
-35.1818572404
-30.3132061979
-30.1338063734
-32.0169795740
-31.0824581941
-28.0289067133
-29.6077410294
-30.9622856713
-30.0537297627
-30.7187015732
-29.0845859071
-28.1994490003
-30.0627465525
-33.2201572537
-36.5098224878
-36.5653369089
-29.6215024706
-32.3632372537
-37.4488579139
-37.4859063729
-29.2050911411
-29.2715137578
-31.1698932280
-31.1999949387
-31.6959326505
-29.6991892856
-30.5139213898
-29.4934912338
-33.1605739384
-35.3699527748
-33.0784014053
-32.6774759595
-33.0497095076
-35.9012947409
-31.7606593505
-28.1425273487
-29.7234381740
-32.1932076612
-30.8823074516
-29.6771903879
-29.1309282006
-29.5642002228
-31.6136306510
-34.9284252579
-34.0427111504
-28.4365718372
-26.2345535048
-29.5007499652
-33.9813128266
-31.9176032873
-27.4880286776
-29.4518923002
-32.0917509717
-29.5873538925
-30.8266765083
-30.4099583756
-29.9791784432
-30.2270126742
-33.9841181907
-38.6573988368
-35.1228629689
-27.9108896605
-30.8105356026
-33.0719957927
-34.3739438537
-28.5241816495
-29.6878098746
-32.4238717802
-33.3221978037
-34.8922144062
-32.1606540060
-28.0007429935
-29.9544156016
-34.7044463930
-35.5150305172
-26.9432409776
-26.9239542435
-30.1672364547
-34.9252185701
-36.4347818350
-26.6202689454
-28.4521444092
-32.2013674343
-33.0153317820
-31.3057936721
-32.8063752772
-27.6151816203
-30.6481686404
-35.2453566649
-34.6359265703
-28.2941997441
-29.1236176729
-31.0447663264
-35.0460979175
-35.2541779785
-28.4540396875
-29.6354283391
-30.3426036599
-29.9001271450
-31.9219699214
-32.8536030622
-28.3958817065
-28.5896177953
-31.5485595771
-36.1815349873
-29.1218039545
