-24.9548111223
-25.9562524523
-28.9326248140
-25.2680051658
-24.8346178669
-26.4101408039
-26.3051887123
-28.5166536326
-32.4925275457
-33.2149323103
-34.0226748461
-32.2891856666
-34.2905362809
-36.9720866426
-32.3666005980
-25.9620185347
-23.4049325673
-25.9727014564
-24.1093907020
-23.8708256579
-25.4240558743
-29.6120571674
-30.2610809968
-33.2952535818
-33.8281698141
-34.1582904709
-31.5435831999
-32.8664557108
-35.7404554222
-28.0161330283
-23.6880507966
-24.3507792393
-25.8675279953
-22.1320837339
-23.5411243296
-26.5786648361
-31.4273850474
-31.6178600607
-33.1711403549
-32.3013068737
-33.4435250842
-30.1883110269
-31.5130490967
-27.0454161862
-25.2880078190
-26.2534285690
-25.2938075654
-26.7805697748
-24.2099166117
-27.8079687675
-29.1566632747
-32.3161143370
-30.7153460032
-32.8747345817
-32.3711743740
-33.9406162355
-29.2608243620
-28.7014946158
-24.9562429361
-23.2932991031
-25.9641118763
-26.1572123455
-25.8632843425
-26.9413055792
-31.3548338668
-31.9056257797
-35.1037484089
-31.9923500826
-33.3105051021
-32.0274488955
-34.1523832728
-25.6159653050
-27.5153301982
-25.7274783750
-27.0663729463
-27.1274696412
-24.5941510784
-27.2379457229
-27.6451745927
-31.6495113783
-31.8959435716
-34.0817454957
-32.1999912899
-33.8910348941
-32.2787487148
-24.3978879255
-22.4705377757
-23.1469746148
-22.7017185133
-24.8387890181
-23.7296821026
-27.5025565078
-29.8797257646
-28.4831329200
-32.0253607183
-31.8187525989
-34.2024565533
-31.0246135042
-33.3903603249
-24.8619944745
-22.8349482656
-20.6792135566
-22.1827033515
-23.0470183191
-25.3011828212
-29.2179140106
-34.0291878984
-32.3930826476
-29.4925578354
-32.7039541145
-33.0456004909
-34.2917182412
-31.5931839598
-24.9313247396
-24.6299114315
-24.3748119366
-23.4778423669
-23.9112568785
-24.1868354374
-24.1265543266
-25.2860387541
-25.8016698116
-23.8854635421
-24.8921816361
-22.2062389299
-21.4748663014
-22.2050880443
-26.2628635020
-31.8044836599
-31.4246651341
-34.1981171001
-30.2981152145
-32.1609491719
-36.1425912624
-36.7730583519
-27.9994095676
-26.1978144483
-23.5639077518
-21.6816130248
-21.1155642320
-23.0583200551
-27.5854527354
-31.3432084963
-34.9177630530
-31.3335974897
-34.1991941906
-29.9002527163
-31.3528648131
-35.6283300573
-25.3971090577
-26.6714361695
-26.4083400364
-24.0905764818
-23.4701978366
-22.5908799239
-25.9551973549
-31.3898912504
-33.9818928077
-35.3000723354
-32.6418347214
-36.1619712061
-31.0552201033
-31.8194464958
-25.9255047353
-26.9343368222
-25.6290704142
-22.3176316042
-22.9775456440
-22.1359001762
-25.8778484229
-29.8584867848
-33.1296346396
-34.3594457884
-36.4941075140
-32.1641688057
-34.5907584734
-30.6847769472
-23.6668079320
-25.0976104478
-27.3005842733
-23.4741463218
-22.0008515268
-22.7083416169
-26.5120687328
-31.1568347338
-33.0264988782
-35.4931028237
-34.7251804919
-37.6288959365
-33.7685101230
-36.1711653588
-27.1137055954
-23.9426868404
-24.7251800267
-24.9573472207
-22.6515778941
-20.8258267534
-24.8467921365
-29.2259598667
-33.3134075574
-32.8174180964
-35.0072564697
-36.2689635415
-38.3539091589
-34.8226848004
-21.2634940111
-20.2468955143
-21.1410688760
-20.7719227683
-20.7889258655
-21.7517627721
-26.1536522160
-31.2015613791
-31.5846448743
-34.2971839789
-33.1393699293
-35.6110149799
-36.3192957360
-37.7776502934
-22.1524773442
-20.8073102852
-21.9969625886
-22.8728498669
-21.9770842175
-22.1385178301
-25.7960940176
-31.1189383172
-34.0782902488
-31.1598744271
-33.4190975426
-33.7073292980
-36.4633080247
-36.2284365370
-23.6712457707
-24.0859755223
-22.4630408264
-21.7883050583
-22.4230497638
-21.3060574274
-21.8355781711
