-21.0574722464
-20.8084870473
-22.3213095119
-24.5378300960
-23.4832575978
-23.7648534127
-22.6632925882
-22.9362923123
-25.9711051607
-26.2224697388
-27.6614034218
-30.9902615733
-33.9609411579
-32.9518711070
-31.7975238435
-23.1933919681
-24.0899369409
-26.3008634961
-28.9930612632
-21.5667301131
-20.2624616130
-22.8186778932
-20.2141942477
-18.4325158540
-21.3638529077
-24.4363423108
-27.3482483249
-29.2051998826
-26.3217037193
-20.4570832269
-20.3463520865
-22.0315241437
-23.4833340017
-26.8038684284
-23.8852784014
-24.9889156797
-28.4661362651
-19.3811952280
-20.7728108304
-24.7843866107
-26.0432201459
-28.6827140447
-30.3321874125
-21.5437486235
-19.7686196337
-20.7985640472
-21.9633861888
-21.1017315752
-22.9872731576
-25.2767915234
-28.0015728085
-23.7432635898
-20.6387706700
-22.3359202020
-25.5575250929
-26.1846083550
-28.0454398581
-21.3954097616
-21.9245265966
-21.0688115349
-22.2156000741
-24.0517065207
-24.8177947125
-27.4129375025
-28.2657822864
-27.4425407933
-29.0368531936
-23.1274315263
-24.9640272640
-28.6462274391
-27.2320229897
-23.6256452705
-24.7654636621
-23.3800765106
-23.8706910179
-23.3817724192
-26.7008336237
-29.2310954902
-31.9753482800
-29.0364959030
-28.8462914496
-29.2893427704
-24.3062234477
-25.8945395131
-28.5313199846
-21.6524912831
-23.5257394325
-23.6539488091
-22.5830140140
-23.6003257469
-23.1960925014
-24.1617955333
-25.0658814356
-27.6353214881
-25.6955590489
-24.6615006196
-25.8511890065
-20.0064817531
-20.7224294262
-21.3664718800
-19.8180857858
-22.4118955860
-23.6823222538
-24.0715680687
-25.4092186213
-26.5928664338
-27.7312464017
-25.3384267548
-26.8334769062
-26.2752293902
-27.2846375486
-29.7086513940
-20.9021412954
-19.4929413511
-20.2013338351
-21.6849763486
-24.4262341831
-26.7351867640
-29.8199275344
-24.3576431138
-22.2688438169
-22.6478313570
-22.8228037482
-21.4639270428
-22.2315752749
-20.7736199676
-20.6752249290
-19.0067865933
-21.0168416091
-25.0241128564
-27.1580761908
-26.7371131002
-27.2487982383
-28.7514474912
-27.0010545545
-19.8317203463
-21.4180572369
-25.9578240540
-25.7481800989
-25.2240306674
-25.1228639387
-25.7360303961
-18.2154162873
-19.7881109106
-24.8063078195
-27.0362168447
-28.0547233385
-24.8451700257
-26.3519672635
-26.1339926278
-23.2257022753
-23.2685970960
-22.2512581488
-23.4319907013
-22.7589508421
-21.9876544552
-18.0221280497
-14.1685414128
-15.4876163986
-19.2794200310
-22.8302514777
-26.2497247258
-24.2211730158
-23.6161675979
-19.6245334644
-20.0479913688
-23.5401960944
-24.3606815240
-24.8855287595
-27.0546543430
-28.8650370631
-29.4291140173
-19.8029002703
-20.9624301883
-25.4956348164
-25.5956480679
-25.6845770829
-23.9826507088
-25.0528643687
-21.6747905456
-21.6105622410
-20.6089926040
-20.6372573012
-24.2465973884
-27.2863502632
-28.5308383585
-28.6466235288
-27.2000208202
-27.4826509634
-28.8795830207
-27.0384098342
-28.5439680622
-23.4324645180
-22.8630757385
-23.0049766260
-23.7199235080
-24.7407629567
-25.6540209561
-30.1287496757
-31.4909491124
-32.0327785932
-29.4873535813
-28.8063638425
-25.0666698291
-26.5002090188
-26.1906087606
-28.6604536288
-20.0911709875
-21.4833872406
-25.9905848511
-23.5677603958
-22.0827431070
-18.0335450061
-20.4120070114
-20.5537370520
-21.9933325453
-24.3985054215
-27.2762563757
-24.6210823278
-23.7358559750
-19.6405928082
-21.8303596683
-22.6523403955
-23.0803551984
-22.2417869554
-24.3913411793
-27.4904236443
-28.9241387618
-32.5989903262
-29.8648121241
-30.4600329330
-26.8980184809
-26.0976807984
-24.2136566655
-25.1327519844
-21.7171908353
-24.0507614645
-24.0037239800
-25.4926753982
-24.9794212022
