-25.3903681498
-28.7215800863
-31.7201633733
-25.4628403255
-25.8833050840
-28.6710109841
-28.4952877751
-30.5209431984
-34.6759434828
-29.0202151001
-31.0367967314
-30.3511853821
-31.3464435940
-32.8686745456
-36.0451658458
-27.1344357586
-21.4211487344
-22.5352981546
-20.1028844309
-21.8485188465
-21.1564640948
-23.2962067357
-25.7649592326
-27.8175461220
-25.4453233298
-26.8544000129
-24.4880467942
-26.0038647331
-24.9344770590
-23.3541368819
-25.1272810545
-25.9134793270
-28.9015262644
-23.5305721504
-25.4678361763
-27.4116416302
-30.8837288943
-29.0120903837
-30.9610208523
-29.7408063390
-32.3488181633
-30.2439057215
-29.6051660989
-29.4276485818
-29.9296669999
-26.7629633975
-21.9924483628
-23.7266449967
-21.7303904428
-23.9900246655
-24.0731060398
-22.7571630517
-23.5925983706
-27.1713729235
-24.9801811251
-26.7758626508
-23.8032327176
-24.6941850367
-21.9275882951
-23.0113123311
-25.1174473873
-21.3827875516
-22.0338906596
-21.9472776629
-24.6542250457
-19.9028462362
-21.8848371635
-24.4518695865
-27.5740293181
-26.2640856018
-28.3890993645
-21.2486670925
-21.7556892404
-22.6876968488
-23.9870963242
-23.2706904505
-18.9951418243
-20.8645750054
-21.8815372769
-23.7475383258
-24.4418559631
-26.7728113138
-26.5069408812
-28.9765151484
-26.3222448761
-24.4607892857
-19.7001010686
-21.8077795047
-22.7445913236
-23.9981702090
-26.7422992203
-26.2294075251
-27.4050638358
-17.8399072632
-19.4791811936
-22.3729453895
-26.3614125725
-28.1492786141
-28.3811324912
-24.2348296280
-27.1167038559
-19.3883517194
-20.7700119493
-20.5633131262
-20.8884031716
-24.3128258442
-26.2136394666
-27.4889827872
-23.4540802320
-25.4298491347
-25.6301889323
-27.6170030956
-27.2113147921
-25.1935030272
-21.9672867853
-24.4088582452
-20.9371456325
-21.5955476294
-18.6352196158
-20.5820198893
-24.7867078180
-21.0799229700
-21.4073743373
-22.3814793031
-24.4370996529
-21.1246574019
-21.5049537797
-24.2324657060
-28.0103837712
-24.1914894678
-25.9077158228
-22.7373364597
-24.1248843053
-24.3912609482
-27.1020258373
-26.6925146114
-25.5612366902
-24.1275407987
-25.8037670369
-25.5391031494
-21.6692911464
-23.9298924304
-25.0527685717
-27.2635837009
-23.0689680171
-24.6289702567
-21.8306082471
-22.9178147231
-24.2185010115
-25.3912588289
-20.8738131769
-21.2182055020
-24.3415462437
-20.6571059006
-21.0534616291
-20.2328492382
-22.2405920472
-21.7449804306
-21.6421061338
-18.3810003849
-19.8859855444
-15.9218233269
-17.8216678381
-20.6518071637
-21.6351542033
-24.1167646517
-23.1887780963
-23.5113876851
-25.4144034395
-28.6543535573
-23.8005904586
-25.5407420828
-24.7539923270
-26.8787485762
-23.5027644357
-25.0988610096
-22.1549176408
-22.7922295040
-24.1801903181
-21.5084659899
-22.6936687725
-20.8154713549
-21.4172882798
-25.3692948657
-29.3559531257
-24.4042559967
-26.0038712046
-22.8828647802
-24.1586652371
-24.3772703556
-27.0864027728
-29.8847254550
-28.5228935330
-21.4749258435
-21.5942634024
-23.4383989133
-21.4199797213
-23.8381231000
-29.3221333476
-31.8907820554
-23.5945492993
-24.8602299472
-21.9083805174
-22.9802124846
-24.2553604685
-25.3857853189
-28.2536442483
-27.8208537855
-25.8329444199
-24.1971571695
-23.4231914105
-20.7510358957
-22.4655251132
-27.3225883252
-24.3140311070
-18.6977002360
-19.9850511763
-15.8967057590
-17.7942860401
-20.6414284652
-21.5963114365
-24.6820728798
-20.8837064054
-21.2472832048
-24.4064878636
-28.1363715789
-23.8094531962
-25.5847890808
-30.7735712811
-33.1413467565
-24.2468485507
-25.4154831158
-22.2452279781
-22.9270878464
-24.2654918953
-21.5203075704
-23.8813234444
-27.0879187396
-23.8301135050
-23.7104497313
