-25.1654545296
-23.1679054845
-24.9152654027
-26.1326747609
-24.4121465068
-21.9587347513
-20.4785837477
-24.1979028424
-28.1265676892
-32.4243688953
-34.9382239835
-33.9277364037
-35.8263395305
-32.4139979758
-33.3665490134
-26.0631645400
-24.3337321281
-25.7741482052
-27.7111350442
-25.6058325934
-24.6661352480
-27.6145200841
-31.2876578169
-33.0163959307
-34.8407416812
-35.6937390060
-34.1871118324
-36.3654321752
-31.9843534255
-25.6827491271
-22.9265881402
-21.9098278720
-23.4418839415
-25.5644239616
-26.2373252160
-30.2071368855
-30.3834646743
-32.5225256910
-32.8224553301
-33.7054120151
-36.8321937232
-32.5427898434
-35.1110136266
-24.7071671478
-23.6596644099
-26.7257828885
-23.7499384922
-23.4230334729
-22.3396279204
-26.5017961876
-32.3238391268
-33.1070052842
-34.5355508697
-31.9282111233
-32.9585797301
-36.1727822972
-32.1501846900
-27.6434993972
-24.9277011975
-22.8440375553
-23.8436885416
-27.2439836736
-24.7896322910
-27.9697493020
-32.8739539446
-34.7054108720
-32.4509894711
-31.4541053103
-31.8844126974
-34.3136200409
-38.2322155254
-28.6398296012
-27.1903632204
-22.8140329285
-25.7904185558
-23.1191254757
-20.0558935389
-24.0844297659
-29.1540028943
-33.7659921454
-36.3497340312
-32.5319438050
-33.2570827278
-31.0195982813
-33.1076486904
-24.5765900129
-25.7033951901
-24.8318642813
-22.7535058458
-23.4628342304
-21.4448215419
-24.4652400657
-29.8569759933
-30.7837506287
-33.6222051010
-35.4369708863
-31.8399773290
-31.9214818595
-32.0522622159
-22.4543308446
-22.9474089707
-24.7266286679
-23.6952849486
-26.0014244388
-23.5988758194
-27.1718208497
-30.2906959433
-34.5306275518
-32.3038429641
-34.8734985776
-37.1997667079
-32.4797862290
-31.7870688931
-21.4612252368
-22.1497936740
-24.0513815902
-22.0644364244
-22.4017460525
-19.9274407971
-19.6835562628
-22.9210058799
-24.2472796649
-26.1829629554
-30.1599272217
-30.2805658096
-29.4601530569
-27.3163225568
-30.4217455701
-31.9315653965
-34.6910073086
-38.1929300329
-36.0354681904
-37.0557492395
-34.2295794213
-36.7481000305
-29.7683525336
-26.4610672301
-26.4260318484
-25.7900211264
-27.1591403940
-27.6842620288
-30.0659105175
-32.6518120929
-31.8150992766
-34.9457649406
-38.2776619516
-34.9368426615
-34.8662553773
-33.6639101857
-27.6902650208
-28.4778807845
-26.5978894418
-27.6865586235
-27.5951258979
-28.7959256042
-32.8114176812
-33.8064738513
-35.0590606130
-33.5105716801
-35.4229634646
-38.8349085241
-35.1242235816
-36.7256208489
-25.8333599771
-26.1570298078
-29.4574732576
-28.3504223211
-28.0186613609
-26.6839535246
-30.4824512869
-33.9123398928
-33.2298329902
-33.8753600502
-33.6960314451
-36.3182794774
-37.6046548221
-33.9694971481
-27.8629796232
-25.5919908783
-27.5513546458
-28.4410744118
-27.9577200200
-28.6583227680
-33.1295336484
-39.3609685081
-44.5065984559
-47.0114253699
-45.6921925052
-48.8959037046
-50.9099388417
-54.0026336021
-31.6020402116
-28.8169160208
-28.7366063809
-29.7291589501
-26.7518700966
-28.4528124210
-32.2172468211
-34.6499780065
-37.6645798895
-37.5969028430
-34.7596591926
-34.9761178030
-35.3570509349
-38.0243322734
-29.4424029837
-25.6742825380
-26.8779731346
-28.2943382670
-26.5641538252
-27.1884705359
-30.3619758372
-34.3541289202
-34.1670211540
-36.6087107034
-38.2995223253
-35.2432879210
-35.7393161871
-34.8481298834
-28.2478457994
-27.3627438232
-26.5634715783
-27.0724795106
-24.4423958058
-24.8949753557
-28.8455341248
-31.3835348463
-33.7954711646
-34.8596698204
-37.6595711382
-39.2844507554
-36.1627816226
-36.6007956098
-26.6430407163
-25.7635274213
-27.3752624688
-25.9974578328
-26.9763759157
-28.9074839599
-28.0968465874
