-30.4660372397
-32.1324889967
-34.3146440522
-29.0060835020
-26.0367990071
-25.7526800837
-28.3852609186
-29.8720553431
-31.8245342151
-31.4697335509
-29.1751642011
-29.5812783954
-32.6729177211
-33.8335578745
-33.8002222938
-31.7308113735
-29.4181916343
-29.6560692037
-26.4839218437
-23.4682248855
-24.5115254101
-28.1642828505
-28.8741496641
-30.6267510143
-30.8538408026
-26.6839871819
-27.2683154210
-30.1407013300
-31.8908856227
-30.4264267969
-31.2016740155
-28.8213849298
-30.9082820149
-28.8084895548
-25.4611742443
-27.0000681257
-31.0927397896
-30.5330320644
-31.9635701430
-31.1458333503
-27.1510505206
-27.8402441028
-32.0054215047
-33.4490348339
-32.0331152894
-31.6181099031
-29.6999634398
-31.5492560611
-32.0513689548
-28.3509220308
-28.5556983475
-31.3996472567
-30.4107804339
-31.6159440715
-30.1205290973
-26.1653604657
-27.3284541170
-29.7459626703
-30.7791211854
-30.8641159279
-28.8061243504
-27.5108289259
-29.8267008072
-31.2483101762
-27.2089612366
-27.8275493927
-31.7313149682
-28.1722691660
-30.4282146145
-29.3069478693
-26.3933189511
-25.4348928543
-28.7586298638
-30.2088832898
-32.5093416192
-29.6624994217
-31.0988877758
-34.5486132242
-32.9723126874
-28.4641296890
-29.1272463959
-31.7685589071
-28.3993783773
-29.6920884704
-30.2677390510
-25.0518416438
-24.2124837773
-27.4945973942
-30.8165385990
-28.6875881723
-29.3657531415
-31.0824698399
-35.2188409543
-34.2515744265
-29.6557248533
-29.3339309258
-32.6295646301
-29.7053838718
-31.0497232872
-29.6753210037
-24.6700034639
-25.3389976792
-29.6609873360
-28.3949508984
-28.2647530927
-31.1135114084
-32.5280483950
-35.0591162675
-34.1100503169
-28.8587169046
-29.0948726868
-32.2003032786
-30.6381770316
-30.5144469822
-29.6601419819
-24.9319746217
-26.3162612990
-30.0682783030
-28.0665131338
-29.4322831983
-33.8078137392
-34.0748155811
-35.9175922782
-32.8154451441
-29.0999474613
-29.0755742943
-30.8421351570
-29.2326593529
-31.5634757981
-32.0939349384
-27.5981409826
-27.4525621968
-31.6864808671
-33.1734835544
-34.9361940679
-37.2324601638
-32.5181033758
-32.8531175820
-29.2099924373
-28.2174359769
-28.4543529795
-29.9466118350
-27.6938510206
-28.9675462675
-29.0296708646
-25.1200728111
-26.2051573366
-30.3947016648
-31.6286103012
-33.5876875491
-38.2669634940
-36.1053576911
-38.2538428684
-30.2794886976
-30.0252605215
-29.6520793040
-31.4168432431
-29.4108461585
-30.9160961367
-30.4013856271
-27.1818487240
-27.9895733035
-32.3721168167
-34.9779962463
-36.7358312451
-32.9491344287
-30.8749904513
-33.4109545898
-30.0914151495
-27.3321605226
-27.8449641673
-30.4687144440
-28.9073117762
-30.6498075857
-31.2681652398
-28.2299442644
-28.9166043155
-32.6500876895
-34.3093686187
-36.0372223435
-33.1172389833
-34.1222647348
-34.7764331371
-31.9456582559
-26.8431694763
-27.1981333220
-30.4547808170
-27.2923804822
-29.7196851576
-31.0601252933
-28.2895249953
-29.3716836365
-32.4865879892
-33.2190426187
-35.8074204438
-30.8766643453
-30.0910216028
-30.6767000222
-29.0369037117
-25.6580005265
-25.8744579136
-28.4621787396
-26.8484772801
-28.5720398930
-29.9597557708
-27.2273495415
-26.9710810581
-30.4277071294
-34.5086053593
-31.3857188122
-31.4135925417
-30.7639499349
-31.3678146884
-30.1467315166
-25.3865063972
-24.6894818127
-28.2244396772
-27.8197262096
-29.9727067942
-31.2280071876
-30.0193636843
-29.5790374715
-32.3095935065
-32.5326169828
-31.0529972974
-30.1238043986
-30.9968679432
-33.1120140283
-31.4797730584
-26.1123898869
-26.5995762865
-29.9930719309
-29.5393001537
-30.5280763856
-29.8244818981
-29.3996557610
-30.1168913145
-30.4376961718
-29.7275433051
-30.4453614138
