-29.3976724436
-32.3403502799
-35.5300282829
-37.8535363020
-33.4841621246
-32.2566074138
-30.0899807517
-30.7735453869
-33.1248407411
-35.6459298975
-38.4068900224
-36.5526783923
-38.1061811000
-33.3064749869
-33.9153587969
-29.6810262340
-23.8576752465
-25.7702605540
-29.3984207239
-32.0793281242
-35.6361545312
-33.1541502069
-30.5836076489
-26.9879443294
-29.4210202976
-32.9369575556
-31.8170683418
-33.9936333974
-29.1008782635
-29.5270145318
-29.7620504927
-31.2431046430
-35.2089244334
-33.0819382144
-32.8312572171
-35.7045811498
-32.8877179834
-24.1822474135
-25.9763366504
-30.1995415551
-34.5247553130
-31.7335882639
-33.6335301271
-30.7344152393
-27.8181170413
-30.0955539378
-28.7872013856
-31.0156044743
-32.1670518486
-33.2081629176
-36.0884724048
-27.8376083175
-28.0750703491
-29.9060744646
-32.4788437747
-35.7989642103
-32.8863742004
-32.8613265610
-25.4556968446
-26.4712439669
-30.3529215017
-30.7779664167
-32.2850805289
-34.7146852806
-36.9773840900
-33.3982093929
-31.4869618980
-29.5150357297
-30.5267300119
-33.6051178540
-36.4641948104
-35.9877303386
-37.6466226874
-33.8798211907
-35.3434189371
-34.1131417835
-27.9372953272
-29.9219875069
-34.0958525964
-36.8745642032
-38.2895721232
-31.5364124795
-29.2452815565
-29.4873600623
-32.9319720859
-31.7335442518
-31.7723002703
-34.8238978201
-29.3508692823
-30.0848865536
-30.3045726039
-28.5415718235
-30.8786838981
-32.0880613894
-33.6811385230
-34.8754559964
-30.5207852762
-28.3468143059
-28.8105207575
-29.2800774454
-31.2950097704
-32.3448865139
-34.4934988372
-30.9266470143
-32.4384993003
-33.5322715163
-32.2737800870
-33.1267243890
-34.1802466304
-36.4972183949
-37.5290070078
-32.1701355468
-28.3561832255
-27.8704946954
-30.5689412780
-33.6838027864
-32.8483638715
-33.1961918847
-27.6032714252
-27.4388693606
-28.2854833000
-27.2592972967
-28.2590724135
-29.2728834275
-28.0911037928
-27.6815459818
-28.4907878065
-31.1964503361
-34.9779158429
-38.8476431053
-41.9161329174
-41.1204042665
-42.3321386371
-40.3128465697
-41.3797935152
-26.0229559781
-23.6068362303
-23.8815577768
-24.5031028358
-23.2820258485
-24.1472935963
-27.5122400179
-30.5967062716
-31.8438339034
-34.1213766499
-37.1284026751
-36.4763820453
-36.1303043552
-33.9704991575
-29.6302383421
-29.8847850064
-29.4465883854
-28.6599798380
-28.4475020316
-28.9777838620
-32.4877246243
-37.6430120898
-39.0787903129
-40.7368901988
-43.4579222352
-46.5222598895
-45.7477406363
-46.5840025432
-32.2385880594
-28.7930788093
-29.2842227109
-24.7942267735
-25.0811692052
-27.3287971862
-31.2696630624
-34.5149786080
-34.0784935005
-32.8645513729
-32.6102455293
-34.7419427823
-36.8507697340
-37.5177337587
-31.0510489457
-25.9610812548
-26.2657517329
-26.9193455130
-27.3286767887
-28.3711577057
-32.1385838913
-35.9221142083
-39.2395452690
-42.0541629346
-40.7159098274
-42.1262685337
-40.2866350918
-41.3724234270
-34.2702669356
-29.9853536167
-27.5605112096
-28.3221239286
-24.4846679231
-24.4414002701
-27.6750872876
-33.1729553457
-33.8686838722
-34.9243343741
-37.5363913222
-36.5651090599
-36.1558322894
-34.0037467083
-29.6524443744
-29.6007826318
-24.7563601276
-23.4076460200
-23.8208908791
-26.2394612797
-30.7018667612
-36.0807372496
-41.1347667797
-42.7797809002
-44.1722731109
-46.9136790109
-45.8675868617
-46.6982768705
-32.2810478849
-28.8016891005
-30.1679834393
-30.9938670951
-29.7721340243
-28.7573663618
-31.6484122780
-34.7279897401
-34.0898017068
-37.2109868670
-34.7208229115
-35.4920283173
-37.1271754105
-37.6327473303
-31.0310980832
-25.9587730077
-26.2576851670
-29.1371914010
-30.3273741521
-24.8980655270
-25.1006177726
