-27.9384099666
-32.8764304814
-33.4553407693
-27.9947995485
-24.9331721190
-28.2977494919
-28.0196556024
-31.6202304374
-35.5763239675
-29.3359336470
-30.7128474537
-33.4686245080
-38.6169689270
-40.1152419235
-38.7031158251
-34.7971244945
-35.0943121776
-33.7554166858
-30.0777054853
-29.7422200206
-30.5727279525
-34.7810664462
-40.2978923862
-44.7606711741
-47.6474860278
-48.4194316118
-48.5781503885
-49.7414671383
-51.9025955384
-36.1333453276
-36.4637339473
-33.9419690766
-29.3326415180
-26.5427633791
-26.0938138763
-27.3346577777
-31.8554657450
-35.9561269157
-38.2163193119
-32.4472727143
-32.8798740934
-36.0433004282
-38.8293741740
-36.1336871063
-38.2940151528
-35.6254638499
-35.0771809280
-30.2161459180
-28.0658580818
-29.3319307910
-26.8602308314
-30.3723079202
-35.1131872336
-38.2355762640
-30.8049844202
-31.0485737036
-33.6048485927
-30.6099097529
-32.9414717748
-33.7540664312
-30.6463717653
-30.4914978674
-29.8228973273
-31.2298700948
-31.8173402058
-28.3146166617
-31.4757896150
-36.3356424521
-40.2754145090
-32.7634066762
-32.3164729460
-28.4516913088
-30.8494366175
-30.7924826101
-32.2253250397
-31.9950039843
-29.8407263635
-33.3863471031
-33.9669843582
-32.8708236436
-29.0364933311
-32.2028432507
-37.6080103773
-41.3763843285
-32.1753229523
-28.0158067965
-27.4046029676
-28.9954044695
-32.3383553244
-32.4618471632
-28.7778661278
-31.2886650005
-36.4293212595
-34.9435240180
-34.1359006093
-31.5034199694
-35.2749521846
-39.2556410455
-40.8998228422
-34.5602813367
-27.9632155322
-27.1099771951
-29.4598527101
-31.6216117706
-31.4784875418
-31.8936612180
-33.2265188527
-37.0256009229
-33.6575006882
-34.4004090688
-31.9060892406
-35.3466437474
-38.6150697806
-31.2989582547
-29.3704136530
-27.6638192201
-28.8567387785
-30.4984640334
-31.7824459395
-29.7932215330
-30.0145568870
-27.1678322426
-23.9153128154
-25.9365307236
-29.4882947617
-23.9727574856
-24.8303314914
-29.1857862654
-33.7557040764
-29.7352706867
-29.5156726688
-30.0414622657
-34.3095576225
-35.3074307600
-32.4370804402
-27.3761958646
-25.9821312284
-26.8956455297
-28.1932285141
-29.1586698822
-25.6742398147
-28.6502743121
-32.1062063165
-35.6975088331
-27.2157383929
-28.1758176250
-30.3154846737
-34.4578058104
-33.5683127943
-29.4874493987
-25.5334043814
-25.0544515383
-26.2400632653
-27.8468555572
-28.8684793800
-27.4607206819
-31.1829918369
-35.7605642145
-37.9615293418
-28.2195370848
-28.7550568194
-29.7937471357
-33.6910641112
-26.7176399421
-26.6035480781
-25.9954240388
-24.6509860008
-24.0952292256
-25.4712124682
-28.3617926674
-26.7630203648
-30.0627167658
-34.9874259986
-34.6730048005
-28.2946178940
-29.2365275741
-29.8992274068
-26.6971557107
-26.9156054575
-24.8953417224
-26.5889503241
-27.4757081034
-27.5283873991
-31.1719399542
-36.0846870326
-40.2857931928
-42.8952346123
-42.8728861881
-43.5018449357
-44.2836048601
-43.0167560376
-31.1663046250
-29.1735045431
-26.2723295269
-25.0970952042
-25.3045927632
-25.8645271451
-30.1107925031
-34.3983183092
-32.7922694728
-29.3391403395
-31.7992496528
-37.0873513576
-38.3059745408
-31.0659069084
-33.3510049160
-32.6125913216
-28.4832571993
-25.1754060123
-25.4874737652
-25.2771410648
-29.0087555215
-34.5791033104
-37.2305946748
-32.1733318827
-28.8175904994
-32.8138450278
-37.2714388434
-39.7735231369
-23.9033417665
-26.5377183671
-28.3378104659
-24.6395949347
-24.6875774786
-25.4466697053
-28.9280121952
-32.8818276174
-35.7190494458
-34.5054219761
-31.0787932175
-29.3157471668
-32.2299803613
-36.0861162558
-27.8600901052
-24.1200438496
-25.9026967181
-25.6044810458
-26.2274928348
-26.0781597414
-25.6028395113
