-30.2912590852
-26.4136167630
-29.3819574629
-27.3698666338
-24.7601234934
-25.7492571950
-29.4261766368
-26.1289411669
-28.7984060146
-27.4444917482
-25.8600232756
-26.3848756571
-27.7592030212
-25.3729365479
-25.9564194498
-27.6130455444
-27.0684054462
-29.3508304408
-29.1358346791
-23.7667642256
-25.3305375580
-29.0822375175
-27.0873271138
-29.7690373637
-27.2357954185
-25.0498958878
-27.6804183950
-29.3303682259
-27.4437214714
-28.4391804213
-29.9825534284
-30.0265952414
-32.8800708647
-29.6513905796
-26.4818168525
-29.0394773419
-34.2179579106
-34.7913454666
-37.0645407636
-34.1991398272
-31.3690082958
-31.9445682128
-35.0429766738
-34.1341153700
-32.7878393988
-34.0985026070
-33.9344319979
-34.2362581890
-35.3731659374
-29.2926685852
-31.2719868519
-35.3168877011
-34.7805382656
-37.7420880130
-32.6421272911
-30.9412214642
-31.2728736481
-32.9703488043
-34.4063175547
-31.3461484995
-30.8953905325
-27.5549924291
-30.1672558727
-29.8248793349
-24.3417520844
-25.2594557210
-29.8680938946
-27.6624547265
-30.1713131121
-29.0909565617
-23.7950781199
-24.4631104762
-28.9355997657
-31.0825371625
-28.2295830743
-28.6019357752
-27.8975036443
-29.3628726865
-31.0948732686
-26.7449000400
-26.2751335977
-29.0574798536
-27.7658300050
-29.6687820472
-29.8161020443
-23.7034097668
-25.6601340014
-30.0850211866
-34.2926568085
-33.0307697138
-28.4035249333
-25.9412469002
-28.3393044114
-31.6231031255
-26.9492724490
-26.5868233158
-29.8254347047
-27.4959230567
-30.1880961153
-27.3756793229
-24.0368640988
-24.5464170980
-28.4998952077
-27.8111456947
-27.6171131436
-26.0035268502
-25.0291514378
-27.8767786051
-28.6353995293
-25.0580077605
-25.3218910202
-28.8419895521
-26.2209836504
-27.2842284613
-30.1419674393
-21.8494250581
-24.0132534297
-27.9516043825
-25.4384348378
-25.6991955494
-27.6996637151
-27.1697624706
-30.7976920091
-31.8924197055
-28.2702240066
-26.6070900648
-30.0411632049
-27.3248978918
-30.4785209255
-29.2922607907
-25.1730912896
-26.6779686468
-30.8182099096
-28.1571238005
-27.0189302500
-29.1550994059
-28.2233858890
-30.5833681422
-31.0177975125
-27.7245741364
-27.4620890581
-30.1760085669
-28.8747840108
-31.3528415050
-29.5266714679
-25.9447384025
-28.5242748554
-31.7342303786
-28.9517406656
-29.6384240036
-31.1217566387
-30.1782391493
-32.0430602938
-31.8319625521
-28.0558133846
-27.2888967506
-31.1591636885
-29.4116060806
-31.3402128231
-29.5290535078
-28.0765850198
-30.5524586156
-32.5463900838
-28.0686712119
-29.0601104627
-30.1741922711
-28.8727786928
-30.0020330537
-31.5751361408
-27.5942779376
-27.5397085512
-31.0198947318
-29.9383886280
-32.9036400839
-30.1131512497
-28.6561970541
-30.2539892514
-33.7458263794
-30.9061692483
-30.5067221843
-32.3773663649
-28.6319688741
-28.9567312976
-28.4225475896
-25.8005512855
-25.7807557719
-29.5311196565
-27.8108880746
-30.8595330903
-29.1510758383
-26.2208218272
-27.7910304099
-32.0767014029
-29.2650356417
-29.8656471306
-30.3929513959
-26.2845426481
-26.6937729549
-29.2201251703
-24.9188682318
-25.3810523115
-28.7556070066
-28.6895546496
-31.4830509430
-28.8474863701
-25.0149925460
-27.3741361693
-29.2492908974
-29.4852926148
-31.4818133137
-30.9698395675
-28.8447716254
-25.8860017348
-25.8185835776
-29.5748391177
-35.1136416233
-35.9434464499
-29.8272820827
-26.3068237689
-27.8563862899
-32.1364141732
-29.2991635162
-29.8996131813
-33.3943217484
-36.8822656863
-30.7033024702
-30.3684876101
-25.0495929494
-25.4345795634
-28.7840154012
-34.4846205574
-36.6844400727
-29.4453947701
-24.9966081287
-27.3652255339
-29.2232593633
-29.4689199865
-31.4798533109
-35.3121598727
-33.0479255632
