-27.8509037286
-27.6255784447
-27.8337284562
-27.5447431990
-27.1439445441
-27.2172763700
-27.1554909570
-27.8181519965
-28.0671979789
-27.6689393086
-27.8374387397
-27.5428634601
-27.1471551174
-27.2172983779
-27.1487565204
-27.4875173189
-27.7869524747
-27.4947035657
-27.1257348969
-27.1997645047
-27.1232648268
-28.0517885200
-29.1285125042
-28.3273307924
-27.9870126171
-27.5623728714
-27.1440105680
-27.2063824285
-27.1285182569
-28.1947884892
-28.6489305464
-28.2487287108
-27.9181988986
-27.5166066671
-26.9856347957
-27.2393671852
-27.9023984762
-28.6513358871
-28.6993689102
-28.2604511868
-27.9196721374
-27.5053618929
-26.9784835023
-27.4517025965
-27.9522762856
-28.0449751163
-27.8761960557
-27.4951747956
-26.9729698604
-27.2401672394
-27.8924081560
-28.6246026865
-29.4022151584
-28.7370801994
-28.0129341127
-27.5229734411
-26.9771565517
-27.4486888002
-27.9490916040
-28.6441315159
-27.9426070208
-27.3829963275
-27.4491652084
-27.3822778319
-27.9730259098
-28.3651728359
-29.0784301515
-29.5245250483
-27.8710850282
-27.3649485037
-27.4346075886
-27.6914663997
-28.0531853802
-28.3830433007
-29.0753619827
-28.4331101187
-27.6386705933
-27.4211749635
-27.9627986803
-28.3605900014
-29.0700036915
-29.0376248029
-29.2322282572
-28.4825956676
-27.6596364137
-27.7411060056
-28.0515321938
-28.3862020906
-29.0750784685
-29.0437753807
-26.6631068024
-26.8088694253
-28.2208019014
-28.3047027247
-28.4099447976
-28.2096930596
-26.9066715188
-27.4384486235
-26.4696995293
-26.8146458686
-28.2251944317
-28.3091586896
-28.4109921176
-28.2145607028
-26.9117903120
-27.2004584010
-28.3345286911
-28.3214973886
-28.4057257418
-28.2018336280
-26.8951341679
-27.0254549672
-28.4395092572
-28.8521132243
-28.7603956928
-28.4270152082
-28.4336797368
-28.2194179895
-26.9025120138
-27.0361068211
-27.7860773345
-27.6105379444
-27.8495819564
-27.5718414735
-27.1671603554
-27.2339130951
-27.1738054656
-28.1468642105
-28.2859118086
-27.7185167745
-27.8725142529
-27.5637464272
-27.1600556673
-27.2340839804
-27.1688523794
-27.2320540692
-27.7401091745
-27.4996294655
-27.1347361536
-27.2083178346
-27.1354986648
-28.1991538330
-28.2660502708
-27.7179523350
-27.8577779804
-27.5439677420
-27.1497999567
-27.2144697075
-27.1485118437
-28.0769811635
-28.6390826309
-28.2504945260
-27.9189549368
-27.5174999315
-26.9824397573
-27.4430974831
-27.9576837713
-28.6574269141
-28.6955265790
-28.2630533047
-27.9249255674
-27.5097324153
-26.9856995249
-27.2526716459
-27.9085166896
-28.0282270573
-27.8773793074
-27.4955916522
-26.9723821183
-27.4419310611
-27.9462499878
-28.6442467341
-28.6511857155
-28.2015889512
-27.9104054908
-27.5085465745
-26.9818688448
-27.2429531886
-27.9000488026
-28.6336104157
-27.9489776785
-27.3895132735
-27.4577793838
-27.6991782485
-28.0598408468
-28.3875730571
-29.0957322927
-29.2026275495
-27.6704138410
-27.3269355742
-27.4385198275
-27.3850236488
-27.9799532394
-28.3729364680
-29.0877964809
-28.4291240884
-27.6454438672
-27.7263412522
-28.0620597672
-28.3944744949
-29.0841742293
-29.0509150223
-27.6032546028
-27.3077886469
-27.4219698398
-27.3647465479
-27.9676145403
-28.3700042307
-29.0832149412
-29.0510975589
-26.6645787467
-26.8676306862
-28.2457408059
-28.3248425988
-28.4208089630
-28.2161543382
-26.9223852042
-27.0402883341
-26.1998728393
-26.6838059393
-28.1890366449
-28.3052373887
-28.4145884774
-28.2174670484
-26.9253472170
-27.2745812190
-28.3598287849
-28.3393134810
-28.4099538596
-28.2114925340
-26.9023709039
-27.0381496779
-26.1810987523
-26.6859420064
-28.1749567277
-28.2995683967
-28.4092819695
-28.2103351742
-26.9034000998
-27.0360369134
