-20.2504530338
-21.6819612682
-21.9197547590
-20.7868467590
-19.5500960588
-18.8099797259
-18.2858042745
-19.8579279773
-21.7905524602
-22.1041854019
-22.0061670975
-20.7888171193
-19.5438690983
-18.8044867958
-18.2760702791
-19.5110655699
-21.3037401173
-20.6498471617
-19.4970633281
-18.7827752872
-18.2664696261
-19.7421544142
-22.2303557778
-22.5674750990
-22.0992620901
-20.8020995748
-19.5344017882
-18.7928924800
-18.2776781554
-19.7687762882
-21.2005188685
-21.1601329547
-20.5152516106
-19.5285437853
-18.8161212438
-19.9788734154
-21.7549862913
-22.7579216798
-22.0563426709
-21.3287113932
-20.5484046719
-19.5360252000
-18.8128537077
-19.9597873287
-21.7593684658
-21.6003971553
-20.5831927955
-19.5327796719
-18.8078604879
-19.9700210338
-21.7494312216
-22.4791467744
-23.3341005789
-22.3267312514
-20.7050625627
-19.5684934261
-18.8124148429
-19.9532613190
-21.7449894961
-22.4858177772
-18.9665638258
-17.2349496136
-16.9536553897
-18.0954340417
-20.4236790446
-21.6213992280
-22.6328167498
-22.5785295715
-18.6996951968
-17.1649681524
-16.9146210179
-18.0985708248
-20.4284612467
-21.6257516271
-22.6245391654
-19.3008156779
-17.3267668642
-18.2010917140
-20.4612285214
-21.6188217067
-22.6184157725
-21.9172212534
-21.8331508220
-19.0701320362
-17.2973357354
-18.2171277561
-20.4714945910
-21.6257373867
-22.6240951223
-21.9216267305
-17.1225497221
-16.9647616435
-19.1491976093
-19.9167293906
-19.8393882123
-18.5402397004
-16.8233254826
-17.9093229992
-16.5640832373
-16.8274383810
-19.0938928785
-19.8910266731
-19.8334499447
-18.5391587207
-16.8194093584
-17.3665158447
-19.2988996956
-19.9370725206
-19.8247788053
-18.5267682342
-16.8028088758
-17.4483466560
-19.6160591172
-19.9112053904
-20.1376026517
-20.1804793516
-19.8908622605
-18.5432159546
-16.8160745036
-17.4523184472
-19.9068724072
-21.5652659663
-21.8791707741
-20.7799440246
-19.5396849952
-18.8007570924
-18.2802543824
-19.7595899037
-21.6843433075
-22.0811948445
-22.0044737787
-20.7925999004
-19.5429331123
-18.8056053185
-18.2824823657
-19.5347034226
-21.3027122159
-20.6533373664
-19.4973559046
-18.7826173477
-18.2627593414
-19.7628807420
-21.6431003781
-22.0647225289
-21.9871094931
-20.7895692738
-19.5303872759
-18.7936718210
-18.2692918246
-19.7422515083
-21.2066590913
-21.1620644775
-20.5133174987
-19.5274848136
-18.8146596557
-19.9608605411
-21.7459021794
-22.4705546058
-21.8637341267
-21.3040780052
-20.5442335147
-19.5433939856
-18.8231599100
-19.9761418381
-21.7618514823
-21.6066564799
-20.5844381876
-19.5325725381
-18.7997291907
-19.9450860062
-21.7389593132
-22.4822524868
-21.8227410529
-21.3165267470
-20.5402073512
-19.5319110045
-18.8100004392
-19.9584681454
-21.7476330413
-22.4792205657
-18.9605012774
-17.2268649210
-16.9404169483
-18.1096939115
-20.4365834812
-21.6262293295
-22.6351949047
-21.9585237337
-18.4534674516
-17.1195372290
-16.9133406719
-18.0770431469
-20.4112367754
-21.6099421394
-22.6276668857
-19.2981889619
-17.3259473909
-18.2218258104
-20.4752139376
-21.6244013736
-22.6224937192
-21.9218778801
-18.4155308914
-17.1080982629
-16.8949238844
-18.0552902110
-20.3982494853
-21.6000087789
-22.6192585481
-21.9193767395
-17.1130254494
-16.9639434649
-19.1457863742
-19.9146891225
-19.8342163399
-18.5444885329
-16.8224438691
-17.4483259427
-16.2703182569
-16.7528261830
-19.0571538113
-19.8840074258
-19.8184508672
-18.5422605497
-16.8175373864
-17.3698688238
-19.3028585408
-19.9477502689
-19.8334551231
-18.5357617259
-16.7965780310
-17.4531392151
-16.2245559183
-16.7293022516
-19.0389338023
-19.8675364036
-19.8157387087
-18.5262827641
-16.7952471961
-17.4442363440
