-23.3031068535
-23.5061691946
-21.2760566680
-18.4872496761
-18.5473495619
-22.0843911575
-21.2181394710
-20.2793986752
-20.9582098401
-24.4383502001
-23.2137415911
-20.2351639604
-19.2123358733
-20.9543895183
-19.8818363937
-19.7253610395
-21.5097955223
-20.5035808976
-16.3375849673
-16.9941733504
-21.2111305702
-21.9102602551
-18.6480075310
-18.7218041408
-22.4578326855
-22.3863624691
-15.9119300930
-16.1102037917
-19.7011069554
-21.5283327063
-19.0413287744
-21.0308620139
-20.7764046103
-17.9472867398
-18.6425521502
-22.5448819560
-22.0637127438
-20.7667948975
-21.1793251794
-24.1056752152
-21.4056991320
-17.4328154940
-18.0967959372
-21.1361067048
-20.1624211571
-19.3065338661
-22.0762469142
-21.5253797365
-18.0464818293
-18.9231252681
-23.0553114149
-22.6720206914
-20.8730234628
-20.8024206131
-24.0254121631
-20.7269449317
-17.1635350320
-18.0875953162
-21.1556963888
-20.0532072524
-19.1906243629
-21.7296706330
-22.2704037899
-19.9278226877
-19.5780811220
-22.8426458501
-23.3364256441
-22.1471410579
-19.8981753632
-22.5207210879
-21.7754161428
-19.3870428884
-18.0578716068
-20.9377204106
-20.5397231613
-19.4965364211
-21.6741782000
-22.9604765151
-18.6291881290
-18.9583302538
-23.0492786420
-23.7526765318
-19.2992725118
-18.7275300892
-22.2743056570
-23.7520991408
-17.0210709652
-17.3888280320
-21.5245900391
-21.2402717121
-20.5907648190
-23.7080611978
-23.3917679067
-20.1270996617
-20.3835882863
-23.9899159102
-21.8728583576
-19.8587047130
-20.1983161400
-22.8352434062
-21.4709877061
-18.1406319299
-18.4430770897
-21.9836412623
-20.4992129662
-20.6565608755
-24.3198670904
-25.1568338651
-21.3925966243
-21.5632917137
-25.0478193502
-22.3428074063
-20.3110875558
-20.8545160659
-23.5502731433
-22.8486605082
-18.4641620194
-19.1056684241
-22.5805995968
-22.8854189926
-25.2167110530
-26.1277592137
-27.1609799970
-25.9677768541
-24.6949721496
-26.1714864459
-28.3463521404
-29.1339976443
-26.8448977434
-28.2568716409
-28.8560875982
-24.7627217232
-25.6501838091
-27.2998735437
-28.0213838711
-28.7894190072
-29.5033676272
-28.4888873525
-24.3190126681
-22.4861362411
-23.8487529593
-25.0076690775
-27.7780741848
-26.5884039997
-28.2709593273
-27.2501031815
-23.4104034788
-24.4778001374
-27.3482069099
-28.6533023574
-28.8653050489
-28.3510864443
-27.2091165877
-25.4836663753
-23.7893236855
-25.6569156533
-25.6376211497
-27.7170642291
-27.0908030719
-28.4491241348
-27.9189601079
-24.6460833946
-26.1359694697
-27.7561672167
-28.3382480316
-28.2106096214
-27.1240105061
-25.6315391880
-25.3287238435
-25.5372505964
-28.6444551534
-27.6602332111
-29.6488933075
-28.9493340332
-30.4733179901
-29.0754448286
-25.8287434826
-27.2931675776
-28.9580375401
-29.3647640787
-28.5878027797
-27.2896877422
-26.5693438195
-24.0015646188
-24.8431440070
-28.0815432737
-27.9239740417
-26.3009087924
-28.1979472768
-30.0036603509
-30.0870523997
-26.6650007770
-27.1052907863
-28.1816652702
-28.6549050594
-24.6478699246
-24.9147488616
-25.3644155809
-20.8086242771
-21.4849653596
-25.8354533160
-24.5157030366
-26.1435725700
-26.0587008079
-27.8518371129
-27.5413034784
-23.2102708067
-24.3617599049
-26.3840199389
-26.0465472399
-24.9571349008
-24.4452464823
-25.9884371512
-22.3411438702
-22.4481453117
-25.9015522901
-24.9085710909
-26.8572286681
-27.4779296043
-28.9662905158
-25.3106164618
-23.4810982485
-24.4625214373
-25.6630934302
-23.9007021115
-23.4286467933
-25.1661782023
-27.4699096468
-23.1906526466
-22.8949186734
-26.5055142422
-27.0017006022
-28.5508022094
-27.4095405137
-27.1346908418
-25.3822303843
-24.6384725291
-25.4348695474
-26.0513566294
-25.5415162585
