-24.4490901106
-28.2927679230
-24.7942772651
-20.2443399976
-24.1788154613
-25.4404129668
-28.6499066556
-29.9208392226
-28.3387723425
-28.6773855460
-26.4528530814
-25.1621507461
-25.7521221167
-26.7136267308
-27.6411484302
-28.4549342438
-28.9900992507
-28.6263943888
-21.7102285559
-25.2787541062
-27.0573056661
-28.7467028546
-29.4778642864
-29.9434841213
-30.4180365905
-27.1870918001
-27.5789358039
-29.9957193656
-26.6964203852
-25.2308401917
-27.9214211140
-22.0148964844
-24.7700400182
-20.7574881286
-19.6027676000
-23.4701007320
-26.5830211203
-27.9349844981
-27.9978081693
-28.9234811578
-24.4105528689
-25.4890026689
-29.8759960507
-29.3431030550
-30.5066380462
-22.6190086873
-20.0080533952
-23.0792185554
-22.1233232692
-24.1746365489
-27.3178851188
-28.7191346479
-29.2142283310
-26.3803679129
-29.3293636222
-24.1515359527
-25.2704545256
-23.6290345006
-25.6965274092
-28.0526455233
-27.1214627585
-29.3764451282
-28.8290139219
-26.0224899463
-25.3602612600
-27.7269988987
-28.5092304779
-27.5517236044
-25.5295258031
-27.7834324897
-23.3110776548
-19.1645721147
-22.1681690255
-19.4070533227
-20.0423379259
-23.2896341243
-26.6567633299
-28.5002369888
-27.8460283153
-26.6093568855
-28.5967418972
-28.0400246176
-29.6202648518
-26.2557795366
-29.4553630810
-26.9958542550
-21.8154214594
-25.4672419602
-22.5800804824
-24.8458173194
-26.1539059692
-28.3278641579
-29.9152517907
-27.3601365233
-27.0565082021
-28.5425997262
-26.8582876592
-29.1713348118
-28.8072855942
-29.0572468336
-32.9788943631
-22.4136562399
-25.6593572471
-26.5739538376
-27.3301565015
-29.2338917969
-31.5266966215
-30.5056412158
-29.0052976955
-27.4377378966
-28.9821945135
-28.6422737850
-30.2083525084
-28.2940754617
-25.2782738226
-20.6573958930
-23.0004313340
-27.0034651136
-25.2442715199
-24.6578615465
-25.2907885912
-26.1176640348
-28.9440650712
-24.1911671180
-22.2628421258
-22.7106226777
-24.7966334127
-26.3581062087
-26.3806799092
-27.4230948337
-23.9806997731
-23.1565454897
-24.8011049128
-26.8979304734
-26.7881819411
-29.6943151616
-31.2929953971
-31.4029989431
-27.9154983829
-20.9906418269
-21.4172572114
-22.7490485858
-24.9864508104
-25.1921825545
-26.0719263076
-23.3012633971
-24.1352125180
-25.7653204209
-27.2793375275
-24.1953473394
-27.7657173712
-27.8703315809
-24.7471504470
-24.9207130192
-22.0188812285
-24.2491956491
-25.6691986995
-26.0984886225
-25.4786213828
-25.7016060738
-23.1647907084
-24.0587995694
-26.5302965124
-24.9976567486
-27.8060139540
-28.0710195966
-31.3507546311
-26.1442043387
-26.3861055182
-23.9888983888
-25.8990511645
-25.1391394778
-25.9951094525
-25.8603029074
-25.9190279235
-24.2076756833
-24.0722645609
-28.0792272577
-28.7576045651
-30.8327299895
-29.7200023425
-28.7244359728
-25.9476784073
-22.9297792942
-22.7058857867
-25.2504803545
-23.7600039002
-24.1940048540
-24.6663164897
-25.6954904486
-25.2584899613
-22.8085102254
-25.5828174378
-27.6523142339
-29.0656914243
-27.9650383048
-25.5464887632
-24.3308969853
-24.1720163087
-21.5704274811
-24.7301913627
-23.8570603221
-26.4682677143
-25.2713335495
-25.7638420058
-23.4827630887
-23.6257333061
-24.7062350533
-27.7696619788
-29.2106009024
-30.7872369413
-25.8762819834
-28.5206992113
-24.6551998739
-21.9215412875
-24.4544691130
-24.6500189441
-26.9570270278
-25.7869503669
-25.9165086602
-25.0354677247
-24.3079633911
-26.2154959038
-27.1628209020
-29.8176205852
-26.3729175684
-23.7446811785
-27.8436540320
-24.2319944827
-20.7637837029
-24.7473394450
-27.3129449808
-27.9301233214
-25.8448559077
-26.4575394844
-24.3214115502
-25.0357952570
-25.9608572953
-26.6955387728
-29.2473477119
