-23.7300510587
-23.6202895678
-23.9977740675
-25.4036972064
-25.9698339439
-24.6165474155
-24.5509895766
-26.7120602685
-31.2777011299
-33.8083147190
-35.8677662311
-36.8412273009
-39.3278659391
-41.6368950220
-43.9346558392
-29.0833223807
-28.4146622680
-28.5703142231
-31.0741715425
-25.9090220594
-24.1526881377
-26.5383721338
-24.9080817394
-24.2408080234
-27.2575910579
-29.9306094595
-32.0148706964
-34.4626941686
-34.3024218680
-24.2631784626
-24.1499384307
-25.4609192121
-26.3323465391
-26.6229629866
-26.1129685719
-28.7803646676
-34.0394824422
-30.0841538120
-31.9359915651
-34.2229342988
-36.7389097693
-38.1279288945
-39.2254914425
-24.3619048875
-23.5464308343
-23.5330202200
-25.2177946465
-24.5132705136
-22.9554962510
-25.3364809979
-30.4367213355
-29.0054776340
-25.6112465474
-27.6886273546
-32.3071273191
-32.8571075034
-31.1052791495
-22.7450664274
-23.3419729490
-23.5968730955
-24.6944750284
-27.8992642784
-30.6867278889
-30.0534229440
-30.5668065138
-31.0547915918
-32.3979658221
-25.6117799183
-28.0010938155
-32.5066398228
-32.6903803908
-24.7900051298
-24.6644950060
-24.4503316205
-24.0994858240
-23.8546355613
-26.5395087868
-30.3365864140
-32.1405879271
-33.1445935769
-35.9124437063
-34.6155795643
-27.6994928171
-28.9804597576
-32.2267076556
-24.0382492922
-25.4203624031
-25.1682262374
-25.7183191798
-26.5993121872
-26.2511604518
-27.9943114796
-30.4888258401
-33.2352844858
-30.2146221863
-29.0870197231
-31.8504595857
-24.4879315666
-25.7133350124
-23.0454272701
-23.5104866530
-25.3016190968
-26.2999495214
-27.5903618081
-28.2187499783
-30.3207212570
-33.2187979355
-34.4192155088
-30.9048824311
-30.0066404909
-33.1515739776
-35.3853363285
-24.6036714450
-22.9399573287
-23.9827232124
-26.2016554809
-25.5390669035
-27.3146784236
-31.1922442488
-28.3323123504
-22.7625420488
-22.7720961031
-25.2137374113
-23.4577853415
-23.9428266560
-20.8756372524
-21.1029886180
-21.0600238814
-23.7005642566
-27.2538121680
-28.9309858687
-26.6381458851
-28.1209297633
-29.8622449699
-32.9620517977
-25.1615513295
-26.3552166802
-28.7685515814
-23.2337028206
-24.1271265293
-23.5604525013
-25.3842719359
-21.9567138925
-23.5155782505
-28.0161291394
-28.2824798568
-27.3701876884
-26.9084451006
-28.6672631735
-27.6423355623
-26.6056841425
-24.6676525015
-26.7441440012
-23.6536678804
-24.7336621501
-25.3163216974
-23.7023818628
-21.5756524245
-22.6765931758
-25.3951607020
-27.7643567658
-30.5936458614
-30.1384500472
-29.6758440106
-24.4315406897
-23.1990791191
-25.8318802690
-26.9788666986
-22.0141948201
-23.5418013893
-27.2378797003
-30.2765849528
-23.3313819358
-24.3394671364
-28.5865975163
-25.7408501489
-25.3067650760
-27.1850178682
-28.4622758453
-29.9633818987
-25.9688966747
-21.1331162272
-21.1619220703
-24.8671352623
-28.2516246931
-29.7119344820
-29.7456830405
-27.0538607666
-28.2802531667
-29.8964013249
-32.9650707718
-33.6084630778
-23.4838919552
-22.9820041978
-25.2484258465
-25.9776286572
-23.9245716943
-25.5010073545
-30.8827514781
-31.4485515252
-32.4461554824
-29.3082696373
-27.6017904219
-26.9704467101
-28.7311173317
-27.6654672251
-30.0292361861
-24.4935435932
-26.0358422947
-28.5829726826
-28.6024406646
-26.4197220127
-23.9174993634
-26.5818999907
-26.5172509660
-26.9730035108
-28.4904887545
-31.0192086022
-30.1918219400
-29.6681943024
-24.4292220859
-26.3011198117
-27.1092302120
-24.7751018566
-26.7235795021
-28.9934845924
-29.9941645660
-31.5848364702
-35.5784936792
-30.9010543452
-32.1735636115
-26.2955815769
-25.5280590367
-26.7132642406
-28.2860852824
-29.9109951852
-33.9754457483
-26.8146536319
-27.2942757537
-27.5556928058
