-29.7612115949
-31.7036703894
-34.0140839699
-37.2899954299
-36.6465773363
-33.4726234761
-34.3438343664
-37.8558885316
-42.4765190180
-46.7600232745
-47.4505432810
-46.0348432444
-48.3763826336
-51.1771008248
-51.1452269241
-33.4714104246
-30.5230495135
-32.3663753363
-32.7231748397
-35.0570527010
-35.1131030916
-33.5269326560
-31.5438214028
-31.5454797652
-29.4917202363
-27.8050093597
-30.0905322448
-31.2277663926
-31.7103867016
-30.9137542335
-33.0571585475
-36.4484409977
-37.0214647320
-33.5852123154
-34.6017119665
-37.9964313593
-42.4922431202
-44.2323638547
-46.2372608076
-44.2802622126
-44.7073898745
-46.3895506369
-48.7319017901
-32.1776298642
-31.7008300588
-33.1645185485
-32.8489775059
-34.6278703623
-32.9221474937
-30.7313199011
-28.4334505919
-30.5361869611
-30.4880011875
-30.3248018089
-29.9971369387
-30.9602790625
-33.4102775261
-28.9257531397
-27.9840130579
-28.9561629793
-29.8194368988
-31.5573278165
-33.1684204338
-35.2167605637
-37.3576258853
-35.2778209881
-34.4504111399
-33.9773785851
-35.3062539790
-33.7515549325
-33.7604060177
-30.7302415066
-32.6913668608
-33.6452603835
-32.5348100178
-31.4145337062
-34.3739684402
-37.4974838458
-36.8334145173
-35.4745371625
-32.9343528469
-33.1462519400
-35.7291510991
-35.4044418302
-34.6136959449
-30.5738607134
-30.7531802773
-33.0404079035
-34.7706877667
-34.1587992405
-36.4708308589
-34.2457889267
-34.8990213394
-31.4507134893
-31.5215674727
-32.1676253519
-33.9800195413
-33.9205268552
-33.9723219348
-28.1361566675
-30.1347216134
-30.2946211254
-31.8974025664
-34.8440040345
-33.4451303691
-33.2254469349
-32.8895925468
-34.8079964242
-35.5533528386
-33.5878597425
-33.9802655116
-35.0818686206
-36.1573663711
-29.7047145527
-30.1537559300
-31.2247370632
-31.2296629626
-33.4015455457
-37.4822336271
-35.6581754418
-30.2775687645
-29.5333708514
-31.6004917767
-32.9210444011
-29.6919730835
-30.1288933021
-30.1825798686
-32.6528386612
-36.5191421279
-37.6634921950
-38.8625630754
-41.0214888709
-44.6715515803
-41.4863279554
-40.8295394947
-33.9223405407
-30.2139736023
-28.9819860865
-30.8043008844
-28.6022503619
-29.4432897766
-32.1235731778
-33.3793459962
-33.7005586119
-31.2877070105
-32.9198728998
-35.6293501990
-37.9961931600
-36.9830440163
-30.7868861087
-32.7030271893
-36.9980650875
-36.9391549783
-35.5346952747
-30.8492540811
-33.0375390928
-38.1791608136
-41.2807843762
-44.5892875010
-46.5782597527
-49.4257281806
-48.8611078364
-50.2185657013
-36.3250643793
-35.1860879494
-34.7974390787
-37.2618925736
-29.5095311437
-28.2027514885
-30.2587274326
-31.4108040042
-32.4675511072
-32.5015896521
-33.5881057145
-33.6998349390
-35.0269937242
-36.1383450276
-31.6916307381
-28.4475020281
-29.3473415400
-28.0354585703
-29.1189312247
-29.7266927501
-32.7998829109
-36.6528456918
-36.7814057373
-37.5671246196
-37.5208496867
-41.9004556588
-40.0152130316
-39.8119411016
-42.7586777180
-31.0307161082
-29.2165145185
-31.1164099329
-28.6467271485
-29.4942964606
-32.1584208380
-36.8851785101
-36.1748769331
-31.6923272242
-33.0646606677
-35.7357340702
-37.9703739457
-36.9466208505
-30.7921537787
-32.6937281813
-32.4756448522
-30.0270379879
-28.9311218044
-28.5847889895
-31.4908818924
-36.6119639900
-41.3014692530
-45.1255176625
-44.5615277176
-46.8953916911
-44.8873152675
-46.4644411164
-35.1231568257
-34.6739084226
-36.0681228190
-38.6359579132
-40.8133717231
-37.8501224841
-35.4483127428
-32.7939239502
-32.9038174565
-36.5554643876
-36.2262240902
-34.4379844175
-35.3462139559
-36.2705273995
-31.6846283236
-28.4319087401
-29.3392672075
-30.9129515940
-32.0407106227
-35.6397496018
-29.3605709092
