-31.2731791631
-33.0486725281
-33.9128952695
-32.1203626138
-31.2287153256
-32.8135977695
-34.2537506306
-31.6730599052
-31.4125076781
-33.0116189076
-32.7723380297
-33.0862595449
-33.1797622975
-35.4447202650
-34.7461501859
-30.7725330328
-32.7603553221
-30.4129993502
-31.3293175885
-30.2239302610
-31.2422346818
-30.7745953165
-27.5322983375
-27.8237264792
-30.5951475849
-30.4643516933
-30.6740525992
-29.3722195948
-32.0400529606
-30.9733245964
-31.4584020347
-34.3198146248
-33.7380303927
-31.9315809303
-31.2944453331
-32.5299566142
-31.9758479970
-29.9503298895
-30.9013404506
-33.2385351933
-32.0843096885
-31.5091070841
-32.7813729438
-35.8983728545
-31.9311420446
-31.3902679720
-35.7871290958
-34.2746322918
-33.3686436541
-31.3368391315
-31.5929108041
-32.1271514213
-29.9503078809
-30.9460295519
-34.3864171817
-32.6345151271
-31.7186125006
-32.7666586792
-36.1770337103
-34.1667078528
-34.2467003026
-39.0445485123
-35.1990079044
-35.1704765348
-33.9989463782
-33.4796621496
-32.8789639981
-33.0094996725
-33.8331889196
-37.4025143285
-35.5067348062
-33.0877444368
-30.7815342953
-33.0960776710
-35.9255306762
-36.3233257661
-39.6742931618
-36.1255169731
-35.7423519887
-34.4565798441
-34.7959192408
-35.0926900650
-36.0838636844
-36.4076123601
-39.1114397442
-34.6625484239
-33.2109941803
-32.8340703527
-35.8088444850
-36.9809817386
-36.9164544113
-37.9280073381
-35.8908370762
-37.5685773008
-34.9110596863
-35.5286482566
-38.2212452075
-38.0199345658
-39.7600477955
-36.7692522650
-32.1581088429
-31.2004985316
-31.6910196982
-34.6493307006
-38.7875487012
-35.2579892270
-35.5701811573
-36.1545881915
-38.0383163827
-36.1353894855
-36.1700843829
-35.9640096492
-35.0430750670
-34.7425136958
-35.1664775661
-31.7080227834
-32.4546725653
-33.1359263293
-35.6709012136
-36.4732167834
-32.6305239144
-32.8494461459
-34.1326110656
-35.2946363663
-31.3970697341
-32.8351526163
-35.3048221668
-33.2543317288
-31.6142701749
-32.4682281745
-33.7340469551
-34.8969655362
-36.3101184136
-39.2598342028
-37.8882247175
-34.7203995758
-36.6962997628
-37.3700862693
-38.5387539606
-34.0598190851
-34.6173725623
-36.3736191324
-33.0402874992
-33.2209844885
-34.9580751536
-35.8365408578
-35.9959936780
-37.4160207482
-41.1869372697
-39.1150594001
-36.2373782334
-35.0302651441
-32.2143003444
-34.1771797560
-33.8000785924
-32.6482726964
-30.6347088372
-29.5973895202
-30.6163762087
-32.5393423611
-33.2471247733
-34.8256752906
-33.9585682521
-34.2740743310
-30.5770699855
-30.7790512768
-33.2654703468
-32.3753973114
-33.5706935360
-34.2790999149
-32.8891718064
-31.7413480166
-30.1055779265
-30.8626245656
-32.8930659218
-33.4627173189
-34.7454951274
-32.7726616735
-32.2380301081
-31.8833835002
-32.1743455440
-34.5410722771
-35.5872761662
-35.7899189530
-33.8631042028
-33.0444819677
-32.4816530294
-33.6423967570
-34.9765812655
-35.6516792133
-34.0875685430
-35.4180893459
-37.6594235569
-35.9065947781
-33.6233016170
-33.2120168921
-37.0618920469
-36.0720091649
-34.3051171992
-33.1543948855
-33.9106918855
-31.9057138113
-33.2254223363
-33.9386678844
-34.1323210802
-31.1558547346
-33.1011848129
-32.7295260730
-34.7585108819
-36.6125491464
-38.2469608588
-37.7734907880
-32.0898000122
-32.5989463766
-33.6571356155
-35.1440851120
-34.0077469728
-33.6918305148
-33.8372707501
-35.8453349758
-29.2046807447
-30.5820683726
-33.2183331855
-33.4377227517
-34.6823413555
-34.6634028607
-37.0859829850
-37.7455795236
-36.7867485926
-36.0863221000
-37.6524327984
-37.3545603079
-35.7863251820
-36.8723685897
-38.8102699755
-32.9592580821
-33.9271874903
-33.2762218808
-32.7786504310
-34.4933007700
