-29.9959782846
-29.4029414078
-30.1734711667
-29.8103734766
-30.4282676888
-31.7731054885
-33.3387607274
-35.3841207112
-35.3651990377
-37.2355360892
-38.9839683698
-35.0518096108
-35.5387615522
-31.3792937502
-33.2047153986
-30.0255129647
-27.1796375730
-28.5527246808
-30.4362630659
-31.0112572655
-32.3313710381
-32.0579583997
-33.5663087756
-32.0234033122
-34.1841096792
-35.6469695095
-33.9009436497
-34.8015921117
-28.8286203643
-28.6445160072
-28.8662604591
-27.4030559354
-29.3800932660
-30.1068466223
-31.2689031521
-34.5091581437
-33.1236924908
-29.7254538416
-30.5775722907
-33.5430618939
-36.1626456942
-34.4788907372
-34.6187124677
-33.8022444282
-30.1061268275
-30.9488685802
-27.5294890868
-28.6547043948
-30.9649771147
-33.4978989746
-36.8341796164
-33.6269471671
-33.4494426348
-32.4709506895
-34.9165681492
-37.5346138584
-33.7269940479
-32.8567320690
-28.3587516825
-28.1798787431
-30.9301113246
-26.3446140272
-28.2342772339
-31.0037991561
-34.1563770638
-36.2598820219
-33.7151926088
-33.2074237105
-33.3976229582
-34.8357148029
-37.7837154230
-32.9486567161
-33.4356785936
-29.3090282664
-30.2368269267
-32.2022645834
-33.5762278822
-36.4739391422
-34.2286058838
-35.8598912949
-39.5170165615
-33.6689720088
-33.0565462146
-32.8074044746
-34.9419847499
-30.5538502951
-29.4461301019
-31.6585618378
-27.9513234636
-29.5258778805
-29.3835821812
-28.2496763471
-30.9365959021
-32.7908946233
-35.1710603947
-37.2936863045
-31.7179833244
-31.8148545992
-31.2167520571
-30.9838146354
-32.1589762238
-29.7129610883
-30.6888315917
-26.7191105896
-28.2104633283
-32.2918991096
-31.0418107841
-32.3659662507
-33.4689844076
-35.3624312248
-37.9159676974
-34.9651552474
-34.6670587704
-31.4669851407
-31.9946492641
-32.4122114499
-32.1849093677
-34.3384009944
-34.5058776602
-30.3359145315
-28.5720567337
-26.5079014340
-28.1882158448
-29.2886398295
-29.3366391988
-27.7779835680
-26.3932412221
-29.1828306499
-32.8726242309
-36.6419113944
-39.9634812622
-38.2081747345
-40.2670355269
-36.1188101526
-37.2435914822
-23.6543371678
-21.4194308217
-22.4702905092
-22.0732525579
-23.6663069288
-25.3779673149
-27.9601149955
-31.1960995273
-31.0794068553
-33.5656019259
-36.5106665579
-35.8075447362
-35.7500249994
-32.8780759059
-28.9098944771
-24.4343706637
-24.6242942218
-25.8274708912
-25.4715231097
-26.6934272476
-30.5784150059
-35.6423749750
-38.0038195271
-40.1365261545
-42.1847311818
-45.2257107759
-46.6704911789
-48.5001335245
-32.5532410172
-28.8409694270
-27.5104405536
-28.9507736175
-28.6671181829
-25.6764911012
-27.8913478779
-32.8177274939
-32.3394337169
-32.6894340509
-32.6542601557
-34.5766513760
-36.0715521766
-34.0925268081
-31.8214362748
-24.5712356012
-22.9913472279
-25.1285950703
-26.2160357459
-25.3464959146
-28.3576447871
-31.4251596383
-34.8190650903
-38.1483677494
-37.7447649759
-40.2518811566
-35.7061468671
-36.7599926958
-33.7930683769
-29.3151904957
-26.0809107214
-27.7818608513
-27.4688467982
-26.5999258274
-28.5519802901
-33.3225913396
-32.2829807120
-34.0822167220
-36.8029451523
-35.8606615854
-35.7784735194
-32.9394742258
-28.9082645933
-29.5958256614
-22.9924631529
-21.3119322600
-22.4168240973
-24.5571052010
-28.4865091856
-32.4816465248
-36.4769192122
-33.7186452614
-35.3560087808
-39.9245520618
-42.5467476816
-45.1103902691
-32.0696096525
-28.5380376044
-28.8671135911
-24.6945319899
-25.0386912442
-26.8461858691
-30.0573947243
-34.4605710496
-32.7825769056
-35.2046794816
-34.0169022879
-35.1191552795
-36.2919385515
-34.1928766207
-31.8385364590
-24.5702607780
-22.9787806794
-25.9035459601
-27.2406229342
-28.8286255483
-28.6164377315
