-22.4581071490
-22.0317351768
-24.7046867211
-25.2718733777
-23.4208973812
-25.7657812821
-25.5560233832
-23.9214996274
-27.1076054785
-30.6728279043
-31.6208647666
-29.5782852706
-28.8473529781
-28.9170030394
-29.9651023865
-26.5414377158
-21.7859269015
-20.6386451043
-24.9263237414
-24.5371491447
-28.0707723145
-29.9929372765
-25.4433477789
-28.3383295606
-30.3730510184
-29.9125680959
-30.0923614251
-28.9039898369
-28.8984257398
-24.3396885124
-24.8512636460
-27.8109476091
-22.3796565141
-25.6725348311
-25.3252776556
-27.5889675468
-30.4480554266
-24.7694988645
-27.7048135428
-30.2321547533
-30.3898288184
-30.7072288511
-27.7537488920
-22.1379598615
-23.6446290845
-26.8191846705
-26.8923896425
-21.3445131017
-22.7161207739
-26.7546896779
-29.9236173953
-30.2527580772
-25.2612991920
-27.9691188104
-30.5815686671
-30.8955083053
-31.6267667027
-28.4636648974
-21.9663909321
-23.4199355248
-23.2216670532
-21.9985950619
-24.7021972268
-27.3839620381
-30.6855924638
-33.5756142272
-32.1034889251
-24.9899591211
-27.6587521708
-30.0487792491
-30.7719672507
-25.5997713156
-20.9204402875
-24.9338038539
-29.8111385785
-24.0106577845
-20.3560615067
-22.7808462035
-27.5933432139
-31.3161891285
-33.7469811341
-32.2961595540
-25.3948292594
-27.9778559553
-30.9402220200
-23.3717639545
-26.6933729045
-21.3110920569
-23.2397394772
-22.7833861815
-21.8608238861
-25.1825844804
-27.5029591165
-30.8971717963
-33.0631640293
-33.8890696859
-31.5998691420
-24.8593806772
-27.5192242752
-25.7146516144
-23.5645330261
-26.4460914435
-20.6947602292
-20.8372993738
-22.2794089417
-26.3366160609
-29.5699559461
-29.4040016648
-31.7504903180
-33.1933320821
-35.9208947408
-34.0812690313
-25.8172423620
-24.1530117766
-27.6625220361
-24.9901623877
-23.8779212803
-25.2730501578
-21.0468954886
-21.3181009597
-22.5445091294
-26.0900958159
-23.1931084801
-20.4617346921
-21.2313727198
-25.2388847205
-21.3850232944
-17.5231115913
-17.7198615585
-22.2951303761
-21.8052149353
-17.9679030236
-17.9647960202
-21.4812589499
-22.0436699508
-22.3524391321
-25.4852703708
-23.8473586825
-19.5795388052
-21.2760605275
-25.8399442085
-22.4400113997
-17.6652533020
-18.7336120595
-23.5925853954
-23.1693243238
-19.6503034741
-19.6579959213
-23.6736174343
-23.4341992649
-22.8673154957
-25.3976385384
-21.7589373508
-19.3413944663
-20.4533289300
-24.4823117505
-22.8110553289
-17.2502969206
-18.3225692181
-22.2308541681
-22.7750658486
-18.9136165036
-19.0971448577
-23.1211242971
-23.2100753212
-22.5359933416
-25.5327842658
-23.0490119694
-19.6558637433
-20.5946705873
-24.8194543613
-21.2706142191
-17.5543305488
-18.5216623746
-23.1328571281
-22.8124004391
-20.2633820405
-21.1178219730
-24.7232161290
-23.2038522491
-21.1923331879
-24.5151385902
-22.0330426974
-18.2722913642
-18.1722366675
-22.2448136912
-20.9358885854
-18.5756789839
-19.2782963421
-24.0090615469
-22.5466205992
-20.3396098944
-21.4967551543
-24.9066395620
-23.1018259102
-20.4878374327
-24.6029853029
-19.2639510128
-16.2994503177
-16.6140749770
-21.1458601112
-20.6748831436
-16.4378066603
-17.0857252014
-21.6298994542
-22.5424054195
-19.4339082002
-19.8087621621
-23.6460168591
-21.3374705479
-20.2711676942
-23.6769354615
-20.2952638248
-16.9535828668
-17.3711789300
-21.4595552060
-20.4456623979
-17.1519510631
-18.9854272374
-23.4103154338
-23.8649844615
-19.7654996717
-20.8294722918
-24.5561459005
-20.8978432679
-20.7798249084
-23.1667804727
-18.7176394409
-16.9000206520
-18.2352441848
-22.9222862030
-20.5451940803
-17.7042475408
-19.1702928784
-23.8187198299
-22.2155055666
-19.5898268963
-20.3524573653
-24.9302191419
-21.3293729061
