-19.4398529611
-21.8287608614
-23.6420347316
-24.4636775050
-27.8336300534
-30.3029517829
-25.3099717562
-26.0211073206
-23.2356550557
-23.5020886678
-27.6308473903
-31.1142842891
-27.9321480538
-28.1293536371
-22.5460393284
-19.0898097497
-20.5332851900
-22.7341932049
-23.2642447051
-26.4265923881
-27.7293964699
-22.9651603298
-22.1557422939
-20.8282877549
-22.2929697272
-26.3273015163
-26.8030528479
-24.0878073598
-24.9592178942
-20.2709048974
-18.4624078693
-21.2122374485
-26.3740244297
-26.5571035065
-28.7009741850
-29.7164461151
-24.1151166469
-25.2939641987
-25.3245604538
-26.2398172887
-29.5156157001
-28.5036054995
-26.2958922868
-27.6250761318
-21.4209364078
-19.3326858089
-20.8604763495
-24.1571906978
-26.9889087996
-30.4115662369
-28.9142947668
-24.4339434446
-25.6460204184
-24.4252684246
-23.3071252834
-25.9801737998
-28.5837571975
-25.5374408903
-24.6798138371
-20.3427919878
-19.1746452936
-20.9770654979
-24.6713317065
-26.7772426879
-30.2035910117
-29.3123307555
-25.0753979334
-25.2748716434
-21.5763281932
-21.3681211821
-25.4282166533
-27.4125879694
-24.8674511525
-26.1138165152
-21.9167901453
-19.4404924888
-21.3366303661
-24.9872184936
-26.7637531012
-30.2262592075
-30.4406491175
-24.3867609528
-23.6416994296
-20.3494099117
-21.5688014709
-25.6557531168
-25.7050885073
-27.1309637218
-24.8776343653
-20.7076504333
-20.4648430055
-23.4385348352
-26.4355470515
-27.8312350801
-31.5886697249
-30.9691625090
-22.1502519434
-22.3243841564
-21.9137025617
-23.5277654858
-28.2500893001
-26.8708101839
-27.4661954821
-25.7925623913
-20.6619761314
-21.3009774614
-24.6281792684
-27.6519944626
-28.8013343825
-31.5930195339
-28.5342884731
-22.6460357617
-24.4062625981
-23.9950541407
-24.3890200163
-28.2660968571
-27.4899899716
-27.1676950170
-27.3553556150
-23.4941593243
-23.1774401102
-26.4156544280
-30.6827573922
-33.0936930516
-36.5573454300
-30.8542226923
-26.0165089561
-26.7999820820
-25.1419642570
-26.6442537368
-31.8561570494
-31.5771323896
-30.6041553186
-31.5579971158
-28.9922133088
-25.1599447646
-26.0200354082
-29.0736129862
-28.2954930361
-29.0967097016
-30.4937620968
-25.8191713091
-24.7002527667
-24.3253781612
-26.4505564780
-30.7504952877
-30.9622843740
-30.0965973842
-30.8667050989
-26.3958097253
-25.4067304272
-28.0376775198
-30.0501579973
-27.1435561631
-28.0896914058
-29.0073599705
-24.5436220763
-25.9813725869
-26.3690221552
-27.4444283087
-31.9378221107
-32.8851210467
-32.2076021620
-33.9687488674
-27.2252108670
-25.7652103808
-27.6237634280
-27.4205768611
-26.2788270551
-28.8783272770
-30.0792240387
-27.7327572158
-28.9105132826
-27.4230223300
-28.5690196296
-33.0732631807
-34.0623590756
-31.4756498066
-31.7793544627
-27.2283994425
-22.6584366033
-24.3604821469
-26.7674724467
-28.6595202505
-33.3071728271
-32.3510565028
-26.7352683158
-25.8051755410
-24.9800361320
-26.3895258087
-31.1464858032
-35.0030296433
-30.1340963502
-30.9428914705
-28.1224107666
-20.9812340574
-21.7531544412
-25.2061886768
-26.0892167999
-28.9112770829
-27.5944967202
-22.5003896309
-23.0267541499
-22.2134161112
-23.8739132357
-27.6927299047
-26.2945135496
-25.5729721148
-27.6748931032
-22.8521675412
-21.3341615987
-23.9691507586
-25.6933362562
-26.1429136410
-29.3566742018
-26.9239632970
-22.2410645875
-22.9941305778
-23.5435374357
-24.3932533137
-27.0611156296
-27.3937323269
-26.6801098973
-27.6553862761
-21.1079274480
-20.4213086556
-23.4875685848
-26.1260205846
-27.9323642520
-31.1775040754
-30.1129246929
-24.7352713161
-26.1732885032
-27.0704159375
-27.0410145937
-29.4471269234
-31.5315047150
-29.4897421098
-29.8127477680
-23.2879162018
