-32.9098515210
-32.2045637700
-33.5009231326
-34.0760428502
-33.5893912406
-33.2308324135
-33.4485131253
-34.7982818589
-33.4282347292
-32.1443163353
-33.3974391256
-34.0004688189
-33.5516009879
-33.1991888536
-33.4107863071
-33.0326222687
-33.5236612375
-34.0793272141
-33.5370485492
-33.1658338513
-33.3611557728
-34.7640206474
-36.8352385932
-34.1383150074
-33.8998367850
-34.1366838348
-33.5569592780
-33.1751626364
-33.3605110691
-34.5845043314
-33.7078497171
-32.8856427684
-33.2838832435
-33.1804976233
-32.6530807880
-32.2709307117
-32.1248833071
-33.5680409285
-33.3101490916
-32.7617729168
-33.2228733002
-33.1456163044
-32.6374344242
-32.5377163649
-32.2304270045
-32.4042186761
-33.0575016193
-33.0737693831
-32.5971093712
-32.2115169907
-32.0307358481
-33.4879410238
-35.9920218970
-34.7548265036
-33.6656526986
-33.2334293516
-32.6408275334
-32.5195403803
-32.1713304568
-33.5592701097
-33.2987903969
-32.7165633921
-33.1131170246
-33.4672134161
-34.0684384533
-33.8500314837
-32.3201935840
-32.8336897431
-32.9146194806
-32.5139400021
-33.0123089251
-33.4373227259
-34.0507401720
-33.8502748658
-32.3187630668
-31.8890304853
-32.7274301457
-33.2909128436
-33.9537718167
-33.7636916770
-32.2637716509
-33.0184517302
-35.3380269989
-34.2967062806
-33.4229372897
-33.5324760736
-34.0516023661
-33.8123590388
-32.2838364363
-33.0345421368
-31.7779330083
-31.8692388535
-33.4144072635
-33.4785358616
-33.8267638926
-33.5073287455
-32.2744092619
-32.9015221548
-31.6225723522
-31.6368192702
-33.3211556621
-33.4559310998
-33.8265489912
-33.5021245108
-32.2883390053
-32.4531100019
-33.5509213312
-33.4797074615
-33.7841940295
-33.4641335973
-32.2230038486
-32.5977359498
-34.5807681619
-34.3423999793
-34.1007940348
-33.6373983628
-33.8431145104
-33.4932876685
-32.2441081864
-32.6159960822
-32.6856046662
-32.0604427095
-33.3994729198
-34.0347740463
-33.5595885819
-33.2120169040
-33.4248299735
-34.7734542938
-33.4497675739
-32.1445182906
-33.3931786439
-34.0182939699
-33.5540348090
-33.1994723679
-33.4097894761
-32.5097157676
-33.3043830069
-33.9414175851
-33.4935323436
-33.1408379892
-33.3312353067
-34.5488889842
-33.2311301637
-32.0605967651
-33.3055701416
-33.9690453393
-33.5154289672
-33.1616264475
-33.3580979613
-34.7434315566
-33.6949491699
-32.8413032055
-33.2379862945
-33.1500826252
-32.6356090581
-32.5380180034
-32.2086261795
-33.5759935687
-33.2866212900
-32.7557505038
-33.2179836498
-33.1449211118
-32.6332166636
-32.2483906783
-32.0929717667
-32.3561364648
-33.0345809782
-33.0513070254
-32.5835291663
-32.4973693039
-32.1428456852
-33.5303956690
-33.1483828332
-32.6933786551
-33.1663944070
-33.1057909622
-32.6090622819
-32.1990242376
-32.0264184044
-33.4737653097
-33.2741816161
-32.7008613611
-33.0956556518
-33.4801579794
-34.0688125889
-33.8554040146
-32.3154955321
-32.8235906783
-32.9857375500
-32.5326001619
-33.0166548496
-33.4258941226
-34.0318910035
-33.8207505435
-32.3002841489
-31.8903082415
-32.7177738303
-33.3170272280
-33.9821154770
-33.7737894458
-32.2724427866
-33.0298609146
-32.8658446665
-32.4413331577
-32.9524472789
-33.3675199560
-33.9909549080
-33.7787192283
-32.2690600339
-33.0209140324
-31.7711312542
-31.6603509571
-33.3224411858
-33.4668794114
-33.8263858736
-33.4950275917
-32.2672877453
-32.6228858680
-31.4215076372
-31.7532271336
-33.3561599665
-33.4667460692
-33.8264803783
-33.4875228781
-32.2522576042
-32.2563083629
-33.4858166137
-33.4729989180
-33.7929298943
-33.4671499821
-32.2240938898
-32.5989839304
-31.3331068430
-31.5066085314
-33.2335821135
-33.4060377645
-33.7690227792
-33.4603055072
-32.2236666765
-32.5941098149
