-32.6225117335
-35.1419102105
-36.8106311100
-34.2090162228
-34.1609417822
-35.1941648710
-35.1723459244
-35.6038688707
-34.9812624872
-35.8848936384
-37.0250054237
-34.2157040526
-34.1793404344
-35.2040671570
-35.1664943971
-33.8121506040
-36.2466371170
-34.0980546914
-34.1750152236
-35.2057708318
-35.1446599150
-35.2529209366
-36.3579572415
-37.2742416308
-37.3911077553
-34.2653501203
-34.2185197768
-35.2217706161
-35.1526902300
-35.0044006175
-34.7553430439
-34.2501542707
-34.6279415705
-32.4119538261
-32.2422970631
-33.9160100412
-34.5524232075
-34.7687614249
-34.5409480006
-34.1927005562
-34.5930162373
-32.3977690494
-32.2287427497
-32.5874388089
-34.1658521459
-34.0493368377
-34.5144219391
-32.3563435983
-32.2249767995
-33.8991105190
-34.5199083929
-34.6898214725
-35.6057874476
-35.6675391825
-34.8878633078
-32.4259003987
-32.2422012637
-32.5910286954
-34.1520518621
-34.6077356767
-33.4197694386
-33.5416805789
-32.8873684511
-32.5850140568
-33.8970003482
-35.5528596054
-36.0665926203
-34.7663664424
-33.8447120314
-33.6222051073
-32.8860958732
-32.1286855062
-33.7350890988
-35.5088423981
-36.0411048182
-33.7649150615
-32.8649915357
-32.5308136332
-33.8949536082
-35.5933205857
-36.0525049393
-34.9858207250
-35.0613908701
-34.4346495684
-33.0097236363
-32.1405685093
-33.7444424809
-35.5249936490
-36.0437237650
-34.9942381211
-31.4791723723
-31.7987447696
-33.4640494494
-32.4097154880
-32.7727212285
-32.9095524725
-32.6345319631
-32.7873655834
-31.0043972533
-30.8750810670
-33.1253676896
-32.3293307718
-32.7520285692
-32.9098618784
-32.6344801797
-33.0959521086
-33.8435365475
-32.4676533807
-32.7767771657
-32.8942323444
-32.6061870072
-32.6943884322
-33.7398855407
-32.8970985564
-33.7709452413
-32.4520173735
-32.7853304940
-32.9087355889
-32.6249144853
-32.6997933279
-33.6306652247
-35.4994812470
-36.9272771568
-34.2214999129
-34.1784096274
-35.2065527614
-35.1663235119
-35.1608215225
-34.7503381756
-35.8380425835
-37.0230337698
-34.2239065477
-34.1852722263
-35.2066848092
-35.1643415012
-35.5801572367
-36.8510403051
-34.1755744845
-34.2054159801
-35.2125712903
-35.1339834669
-34.9905886828
-34.6604033074
-35.7345145688
-36.9568390189
-34.2056580675
-34.1937504682
-35.2150077006
-35.1472905131
-35.2674008774
-34.7688222701
-34.2372213593
-34.6027942432
-32.4003193834
-32.2383058551
-32.5963753347
-34.1756107330
-34.6198465263
-34.4598137251
-34.1768884860
-34.5939379824
-32.3928250261
-32.2327261902
-33.9226590336
-34.5397000191
-34.1393921047
-34.5308800071
-32.3667443007
-32.2187304230
-32.5854930465
-34.1500905647
-34.6123456965
-34.4043096576
-34.7240736191
-34.6886822367
-32.3975308456
-32.2271465254
-33.9090840074
-34.5207006794
-34.6936430895
-33.4253853516
-33.5341577412
-32.8711019807
-32.1609452900
-33.7468284023
-35.5124374625
-36.0604407493
-34.6054947502
-33.8011349809
-33.6136711980
-32.8869140514
-32.5852936873
-33.9090153984
-35.5827282856
-36.0799229686
-33.7786053057
-32.8604993229
-32.0976063845
-33.7432540511
-35.5373310503
-36.0497371152
-34.9778745580
-33.8715060725
-33.5913874935
-32.8609226526
-32.5569331963
-33.9065595693
-35.5946242336
-36.0669447476
-34.9809763853
-31.4520572715
-30.9744249974
-33.1681382141
-32.3502706972
-32.7550876755
-32.9130232570
-32.6261391635
-32.6861212076
-30.9178049943
-31.6497392346
-33.4188036772
-32.4123007758
-32.7679597419
-32.9103874803
-32.6286390086
-32.0547400548
-33.5377618675
-32.4154492083
-32.7650779940
-32.8939475355
-32.6104630241
-32.6897512259
-30.8682327124
-31.3154460993
-33.2920080640
-32.3565572057
-32.7515068511
-32.8908974914
-32.6142017879
-32.6911985728
