-33.0964440524
-32.7700932166
-29.1610532114
-27.1168980512
-30.2906829897
-28.3211763278
-30.9930825660
-33.1975537861
-35.4357060714
-32.8123730904
-35.7339242241
-26.8040859224
-27.6507438977
-31.2089236878
-32.9029785647
-31.9621901192
-33.2267751790
-30.2778225791
-27.2558407888
-30.1236555133
-29.1963397426
-31.9785873323
-34.2182103671
-36.3968142233
-32.5264702925
-35.0968715627
-27.9610988803
-28.5799770110
-31.8880103423
-32.7795553455
-34.9491438144
-38.2942714799
-38.6479095344
-33.5828121525
-35.5417002724
-36.0288774566
-39.1223427542
-40.6997809087
-42.4280744191
-37.6481723150
-39.6564744903
-35.0447528486
-36.4760817027
-38.5447919085
-37.8781036590
-36.7533767664
-39.7281414453
-41.7691926141
-34.8090113824
-36.9272473716
-36.9933929373
-39.4768701719
-41.6501036965
-42.9367014701
-37.5594401235
-39.4366305716
-35.8042733153
-36.0921399716
-39.8357176138
-38.1510139439
-32.2961686552
-32.9238641161
-32.5325807411
-27.9671899129
-30.6456532613
-29.2427402918
-32.6854104637
-33.3958739668
-36.9348906044
-30.0824980411
-31.7056744018
-27.8385559658
-28.6860152548
-32.2718498579
-29.7098657322
-30.5241913366
-33.3175567071
-30.6605733681
-26.2271161067
-29.0900425752
-29.7137650274
-32.8529958899
-35.9859735878
-38.6516806504
-30.9591540603
-32.2015434931
-28.1573917781
-27.9620918356
-30.5357312740
-29.8727971405
-26.8803991873
-29.1117540798
-29.8528009662
-25.6043166301
-28.5304759174
-29.1646780562
-32.7176715453
-36.2499874992
-36.8844768563
-27.9339773061
-30.3693860432
-27.4344871855
-27.9573264640
-30.7419652731
-31.9720522720
-31.2477340855
-31.8738229797
-29.9131493821
-26.1552290362
-29.3682503831
-30.7557021312
-33.7831751834
-34.4962705472
-35.2365224164
-30.8069159442
-31.3605611262
-27.1742430300
-28.5977594423
-31.8522681264
-28.4051858946
-30.8084409646
-33.9482750016
-32.2015551491
-28.4101350982
-31.3325773486
-33.1464085884
-36.2289504774
-35.6635479696
-37.4072085088
-30.0943771636
-31.5281970445
-29.9881654583
-29.3730546095
-30.7576970871
-32.9336369441
-33.1128852928
-36.3088691338
-34.6986052299
-30.5845177416
-33.4939090558
-32.4128781577
-34.5409531691
-35.6758193491
-37.7878076053
-31.2406708194
-33.2599812974
-30.5391282677
-29.8483566539
-31.9763140462
-32.4443806121
-34.5717047643
-37.4002798846
-34.0468473441
-29.3433542134
-32.3487145918
-31.7775161562
-34.5762940665
-34.8348966288
-37.4174706895
-31.2383586888
-34.1167847428
-30.3893809276
-29.8717368753
-32.4853477741
-34.3857647160
-36.0320919099
-38.7875215132
-34.7339046953
-28.2949272989
-31.1314129409
-31.3224355709
-34.2537143707
-34.8800517757
-37.3026150542
-31.9421097892
-34.2524146081
-29.2474059764
-29.9716258274
-34.1540416280
-36.7971285803
-37.5667817217
-39.0665733059
-36.1538528614
-29.4618165963
-33.0279824567
-30.8503065792
-33.3969860115
-33.5755081003
-36.7990782210
-32.7075841361
-35.1276335138
-29.0681109994
-30.8752182926
-35.3360346164
-36.4280590488
-35.2575646148
-35.7503499397
-32.1849973934
-29.8959171493
-32.4798160060
-30.1697052378
-33.0540826056
-35.5806336464
-36.8836845741
-32.6658648147
-34.6253653356
-30.7728515058
-29.9439424024
-32.7581234725
-34.3207803961
-34.6551084488
-29.2415816373
-32.8907188212
-30.7941370875
-33.3691381770
-38.6543190099
-40.4628678905
-33.0807847339
-35.2977343045
-29.0619940806
-30.8888865302
-35.3917846539
-36.4231784609
-37.2227248908
-37.8391974783
-32.5484937814
-29.9216884708
-32.4566364474
-30.1504651021
-33.0502376860
-38.7039922580
-38.9241533667
-32.9061580588
-34.6029353433
-30.7465053887
-29.9360635526
-32.7867208725
-34.3368992829
-37.0116012795
-35.7724329837
