-32.2890743260
-27.5432000492
-30.3203678461
-32.0607145664
-24.7411241459
-27.5824428314
-27.1980634171
-31.0892754703
-33.6652436068
-30.8139326020
-29.0765478226
-30.7899413373
-31.7690754533
-34.3677829159
-38.7843510687
-31.7599719175
-27.4212474565
-26.8381309510
-27.6748542708
-23.9983423942
-23.8633364770
-27.9781136206
-33.5540477407
-34.7638795406
-32.0280405179
-27.9865789302
-31.0716315674
-27.8788447755
-29.8928101404
-29.4456044965
-31.8587721252
-28.5352037503
-30.5681218050
-30.1601900255
-31.4819389050
-30.7422889273
-33.2379150870
-37.0808797236
-35.1972252657
-29.9072175900
-28.3580720315
-30.9728689085
-29.2169042398
-24.4748471957
-26.7501832483
-28.8398211241
-27.8624281324
-27.8445188260
-29.7857854310
-29.0367121175
-29.4228715700
-31.9588177175
-36.3303437111
-33.9693379122
-29.8391404943
-27.3996511741
-29.5551653040
-28.6609650126
-26.4047579131
-30.2144590610
-29.1182205453
-25.7832892770
-26.4562591386
-30.2557900163
-29.8718559767
-31.4097515036
-34.2178258750
-31.7587200517
-33.4243962818
-30.6905326758
-28.5352154075
-29.0568558733
-29.1619516520
-30.8682171569
-30.2954833221
-27.2791795895
-28.2810597006
-31.5993241753
-33.1519377675
-29.5926578082
-31.8162462782
-33.7979684198
-36.5845032463
-35.1438300799
-32.0897715475
-23.1869786185
-26.3464342158
-31.5613228977
-28.4170184074
-26.9997211836
-26.2865518510
-29.7042226273
-33.1681925823
-33.3476674837
-30.3179210838
-31.2455941326
-33.7074069684
-36.7070927364
-33.9762173345
-29.7511060653
-25.3779245908
-28.4638202794
-31.1641258444
-25.4285558524
-25.4339426290
-29.6853915764
-35.0345100787
-34.3032348754
-34.8304251293
-30.4574062417
-31.6591392265
-34.5824524124
-38.5587811953
-26.7678219776
-24.8437045667
-28.6307532545
-30.0850613291
-26.5456503057
-29.4960622754
-26.4022606572
-30.5355163617
-32.5692926058
-32.5059886528
-32.5604104531
-27.9843457665
-30.6862437068
-35.5533709491
-35.9264912558
-36.7401111309
-32.0716292207
-29.4053765313
-31.3372365717
-33.5580635561
-33.6062066135
-36.0267504459
-34.5823281351
-36.7933703926
-31.8010996216
-33.9556489576
-27.5490256856
-29.6569987256
-31.6366755697
-36.2411402946
-36.2559387084
-30.8590618633
-27.8040073503
-29.9544414953
-32.1009787773
-36.0483480136
-39.2829632742
-41.6949416634
-34.0886676453
-35.0460538968
-38.0414751606
-27.7498431593
-27.8638275778
-31.5017227631
-36.0797818448
-35.5228109722
-31.3233663781
-28.9454735811
-30.0447349797
-31.2433661536
-33.3769264118
-35.2416541502
-37.0426583757
-36.2784670889
-35.9085198243
-38.6807182100
-28.8700781918
-29.9395369279
-32.3990144381
-36.5208730555
-34.7820865920
-32.8210623546
-29.1962361759
-31.3687597366
-33.7207204849
-34.0036638518
-37.6111911739
-34.1697760308
-37.0048059912
-33.5859761141
-32.9876289390
-27.9847690960
-28.8096223223
-31.4270588204
-30.6688975449
-33.5217206505
-32.8245344290
-30.4899210606
-32.8815894144
-34.8056739268
-33.4157497433
-36.9624199655
-31.9637306690
-32.0862670996
-30.8081160294
-33.7684971735
-29.1755590486
-28.8747762456
-30.9733621452
-34.6195060429
-35.3263045230
-32.9338207749
-31.5644700484
-32.4430730776
-33.1660966386
-36.4277897655
-34.1430920334
-33.2208084331
-33.1658273718
-28.7231206756
-31.1759997853
-27.9235973183
-27.7290948339
-31.2385826532
-35.0267192685
-36.3549395592
-30.6472287769
-29.0335015439
-32.5094620218
-34.3633852114
-35.6574245715
-31.3171342340
-33.7820294652
-32.5509651509
-29.7959259203
-30.9170631976
-27.0211983674
-28.9152475893
-30.8410554689
-35.1042157494
-34.1674483664
-31.2696164627
-27.4640930760
-31.4946206563
-31.2172284639
-32.3054896779
-32.5268716191
