-21.3960764620
-18.7189055490
-19.5067662407
-21.7426915960
-21.1792112662
-21.9693309225
-21.1044385278
-17.2765278217
-18.1616611762
-18.2983669157
-19.2215546095
-22.3533556806
-24.7754643187
-23.7397358336
-20.4746947732
-16.1707813590
-16.2217440428
-19.0147780691
-23.4465910084
-21.8533424537
-21.4675570368
-19.6880238441
-15.8353759967
-17.1583942024
-19.4373168095
-19.7839462207
-21.9741713662
-23.2542479035
-22.1376090047
-19.3765399043
-15.9862600503
-16.7856529806
-20.6910084797
-24.7883648486
-25.6990052105
-21.9788188928
-19.0654326331
-16.8282759618
-17.0421416441
-18.3930412987
-19.4826894991
-22.2461535798
-23.1788395467
-20.5374149058
-15.4862195363
-15.7279589814
-17.3229478077
-20.0863149894
-24.6729382590
-22.1431097089
-20.2595759317
-19.8795138357
-16.3298018796
-16.1765616805
-18.9389152946
-19.8719793911
-22.3810818436
-21.1336483020
-19.0323067696
-15.4016778343
-16.4468506388
-17.0865136032
-20.2343237519
-23.5040033445
-23.4647916348
-18.4200360396
-18.7035103319
-18.3751889815
-18.6042077901
-20.6471517946
-21.6490036664
-21.7910599319
-22.9974343473
-18.8476896913
-17.6448454346
-17.5204654668
-18.6501940810
-20.2525735454
-23.1452256075
-24.6385696122
-23.0414347272
-20.5892799113
-18.0296327846
-18.7278783276
-20.8587247396
-19.8171200170
-20.7342257025
-22.2190630846
-18.6083879907
-18.1491878507
-16.9974292307
-17.3319361259
-18.6822092037
-19.7970850029
-21.3633855845
-20.0311293723
-18.4490865337
-15.9150461488
-16.6195484753
-17.5053019650
-16.9124784548
-18.9073792088
-20.8462734315
-18.4607818502
-18.1456523309
-17.4271296604
-19.4307856478
-18.8220206603
-20.8897805998
-22.9636366054
-23.4492967103
-21.9471196781
-18.7395878530
-18.0523476044
-19.5005043134
-20.8724279463
-24.1201059532
-25.4716551931
-23.3524771873
-17.9375281390
-17.6885260956
-20.6575861776
-22.5531233110
-24.6055356581
-27.5250978470
-28.1962526412
-27.7232251435
-21.3702378181
-20.7957172541
-22.7594855130
-23.3539763386
-24.3576482999
-24.3682820437
-25.0753383823
-23.6050289674
-20.1278932428
-21.3185864113
-23.3938741865
-27.6717174637
-28.6248175618
-28.4208128104
-24.5399583983
-18.7314487992
-18.5386693502
-20.8566417614
-22.9290983171
-25.2420487068
-23.0153320239
-24.3619631620
-19.1701103373
-17.8539936659
-20.0968102191
-23.0306495594
-26.5630184524
-30.1655457220
-23.4041467356
-25.2202413970
-20.8259393690
-22.0414549145
-20.8637348233
-23.2261398418
-23.9786478523
-20.8870775110
-22.4194171435
-21.2245179027
-19.3073714602
-21.5984746668
-25.1891842739
-29.1230104936
-26.1781820354
-24.4401600396
-22.0300016951
-18.6672541388
-19.8378424543
-22.8081762034
-24.5029422939
-25.4576270782
-22.9294634125
-23.2151280872
-18.9492422529
-20.3756705907
-24.4026416372
-26.3108783896
-29.6570815355
-24.5689221577
-24.0946738152
-23.7252558894
-24.0665036394
-24.2734665534
-25.0825647618
-23.5768717175
-25.9646995931
-20.8362455581
-21.9492933082
-23.0791344076
-23.7459938810
-26.3526080852
-24.1036440263
-27.3199163012
-22.9395171452
-22.5515438846
-23.6469101199
-25.5976598606
-23.0514263822
-24.4186453221
-19.1380097727
-21.2219118787
-20.2352791810
-21.3724515595
-23.4264433872
-27.5004463249
-23.0983577109
-25.1051772884
-30.0482355165
-29.5722473503
-22.0538117451
-23.8019238830
-24.1341367136
-20.8938986862
-22.4176008387
-21.2229915855
-23.4763574614
-20.2421469605
-21.0485810269
-23.5268191430
-23.6643598701
-23.7573448050
-21.8638998034
-24.6960802743
-24.6363882341
-24.8165868572
-25.2526513680
-25.7247882243
-22.7490796529
-23.1568548784
-18.9460834620
-21.2492600209
-20.6041495441
-22.2401790692
-25.5916193125
