-22.5294492152
-22.1980532616
-23.1065964704
-19.3588597558
-21.5493619693
-25.4464198429
-24.1075666298
-26.9594466044
-32.2427475629
-27.7287802472
-30.5255622967
-26.6833774297
-29.8628780134
-30.2964128340
-30.5942970484
-23.8613039673
-21.4900828666
-22.9152527424
-20.1538484123
-21.6516873657
-26.1540276514
-31.6634760718
-32.7726526058
-36.2188164535
-29.4480033598
-32.3724974287
-26.9485215962
-29.2037240561
-31.4053356727
-25.0088186638
-20.7989576118
-22.1741759075
-24.0974468499
-18.8730908079
-21.0394917451
-23.6894554233
-28.5480965221
-31.1471020386
-34.7873244763
-28.6458973267
-32.0755259164
-25.0200414289
-27.5038808764
-22.1034656062
-21.4392004480
-20.7904547711
-22.6447114057
-25.1140620465
-18.4706388451
-21.9858731444
-24.6406875648
-29.0136956573
-32.7343056776
-36.9177955905
-28.6920713199
-31.2523324455
-25.1503428185
-22.9396090873
-21.3160205616
-19.9172860617
-21.4909489455
-25.2772743982
-23.9450636987
-22.8900264352
-27.1382496432
-27.1526558097
-30.9987230705
-30.6461361392
-35.7347074499
-27.9262900528
-31.2228767289
-19.9538749443
-21.3365138599
-24.0647235926
-21.2192515297
-21.5522696148
-19.7261352055
-23.4115142269
-23.0997610532
-26.9455997049
-27.0199633284
-30.8193633740
-34.1487739575
-37.6354568861
-28.3303847109
-23.1304220324
-18.6210490743
-20.4377589628
-22.4341016441
-22.4717041974
-21.9497904551
-25.0876706080
-29.1198607798
-24.7573077662
-28.1161035398
-27.0172796535
-31.1296613657
-32.9633179100
-36.7983519505
-25.5961762746
-22.7953520496
-17.3988662635
-19.9363333040
-22.7146915543
-22.5366069846
-26.2876444670
-29.3146014630
-31.6307075308
-26.4749684913
-29.8892655523
-28.8659937696
-32.5947182534
-34.6418790725
-23.0613325494
-25.6077964713
-24.1207351596
-17.9280608420
-19.3242451056
-19.3419835297
-20.9530819960
-22.1907738036
-23.6808619629
-25.1083917629
-22.3289721791
-22.8957705163
-24.7904685948
-24.4102628845
-27.1653608678
-32.5663331705
-28.7061732507
-32.2641276492
-26.0924700928
-28.7893982950
-31.1579636172
-32.1696112477
-25.7165688934
-26.1501659103
-25.7198532653
-21.4671945808
-22.4189239163
-24.3506743770
-28.7783748870
-32.6887958157
-36.2333222954
-28.6587642149
-31.8070093973
-26.2978419306
-28.3310112952
-31.8780044914
-23.2735760771
-24.3508465546
-24.8662523737
-25.5185593665
-21.1746478539
-22.8898930927
-24.7009155946
-29.7185873465
-33.4707074986
-37.5326810349
-29.2212915914
-32.4129894849
-26.4826143167
-29.2604851750
-25.3196656256
-24.4047311157
-25.8212219421
-25.8568567222
-26.3858271824
-22.2194527711
-25.8335658068
-27.4232074631
-31.0971439658
-34.5501136615
-38.3150884135
-30.2737213278
-32.6568687393
-27.0313259102
-25.0623252104
-26.6575918669
-26.6615403537
-24.7388016612
-22.8720511070
-24.9345171925
-25.6470871671
-30.4164688330
-29.5041806283
-32.8158852980
-30.8321512994
-35.8375402764
-30.3347468125
-33.5567081162
-21.9396965563
-23.1093966587
-24.0398105802
-25.2699431649
-21.8718783675
-22.2264590732
-26.4279128677
-26.7361111010
-30.5022027837
-28.4103512952
-31.8053251428
-35.3479525830
-38.3038268169
-31.8102406910
-22.6622413956
-19.8152389969
-21.5409484557
-22.7926787310
-22.8999792159
-20.6991398296
-23.4895596558
-28.0389242142
-25.6100697719
-29.3375220938
-27.3126472273
-30.9767202941
-32.9583208110
-36.3047031521
-24.8974195270
-22.7734981412
-19.3274142544
-21.3426812698
-21.4701061079
-20.7571463602
-24.1677868852
-28.8169315483
-31.0913364637
-25.4876045127
-28.8948125375
-28.0661208825
-31.5377717941
-34.5210282025
-23.5667092308
-23.6599103801
-23.5455090940
-20.7138502136
-22.9588311003
-23.7257245539
-21.2622292070
