-26.8244173877
-20.4958936523
-16.5470969691
-19.9174867127
-20.7072853650
-17.6771259745
-20.5729720283
-20.0790303784
-22.9751597098
-20.3029989998
-18.8135476044
-22.8497790311
-19.6545536404
-19.4190826222
-22.6504360604
-23.4456744838
-18.5515168372
-15.8766034242
-19.8577221311
-20.8390962607
-19.6113727120
-22.0039921883
-19.0922228566
-22.1416403599
-20.0347050424
-19.3137045849
-23.7041178944
-17.9556355345
-18.3928898739
-20.7829837068
-23.6363204208
-20.4316925259
-16.5465260563
-20.3323770370
-20.4293363863
-19.9123731051
-22.3260140477
-19.5181650791
-22.2490483018
-20.8591688222
-18.5672408887
-22.7567604211
-18.9357837432
-18.9494312748
-21.9892351924
-23.6514373024
-22.4579893408
-16.8361367055
-21.0115545606
-19.4972303239
-19.3432742297
-21.7046501839
-18.5128099962
-21.6709313804
-19.7973892384
-17.4245029625
-21.8140168197
-16.9117392545
-16.5480821518
-19.8913904421
-24.3037598536
-25.3498100603
-19.8644604601
-23.4119530956
-19.8974309872
-20.2256940711
-23.0408146575
-20.9061597148
-23.6973135583
-19.9369262289
-18.8084430505
-21.1550750024
-16.7375280550
-17.3529278646
-21.1528366519
-24.5816790245
-22.1537369824
-20.4038589274
-24.3614945166
-21.3519518021
-20.9557799155
-23.7768710604
-22.0952605149
-23.6364900178
-21.3118882407
-20.8621735567
-24.5472482157
-17.4961505524
-20.0129559846
-23.9102509676
-27.2411226399
-23.5024718669
-21.0426117005
-24.3252266893
-20.9458543209
-21.7244923107
-24.0104843164
-20.7140197979
-23.4536737291
-18.5952997418
-19.0593779101
-22.8018430991
-17.2761977219
-20.0582341404
-24.7175044166
-28.8654694564
-24.9664248561
-22.3348599565
-26.3261622885
-23.3583624153
-22.0967920188
-24.3256241331
-23.3640844837
-24.0248037273
-21.7114558216
-20.2082546994
-24.5496923866
-20.9380155973
-20.4233243288
-23.9573622617
-27.3074313361
-25.5673950319
-20.3049188709
-23.8312501455
-21.6367491357
-20.3604346198
-23.3523710683
-21.2011635644
-22.9338727724
-20.7175061232
-19.5953068947
-23.4583756618
-20.9977283924
-21.5707666609
-26.0137540677
-25.6892026414
-22.7497088235
-20.7634704131
-24.6706572248
-19.8351639726
-20.1162950541
-22.8740292294
-19.6587959963
-21.6861479554
-20.3874137961
-19.1140819512
-23.0936259980
-21.1757754353
-22.3260334672
-25.4532487842
-26.8797751896
-23.3904849821
-20.6635581249
-24.6427317060
-20.9698197023
-19.6635950330
-22.6036781963
-19.5602935081
-21.6068972671
-21.2626512403
-20.1822749396
-23.6749651152
-22.0334168399
-22.4483239672
-23.5669940447
-24.4602831005
-21.9612190601
-19.5618962130
-23.4304812159
-20.3506281217
-18.9806139802
-21.7424249163
-19.1145713017
-21.7390732295
-21.0355354937
-19.9586791648
-24.3677680776
-20.9951443994
-21.2121080042
-24.0311808608
-25.7405821718
-21.7870959130
-20.9709938952
-24.6693704082
-20.3184278793
-19.3284097927
-22.4594820039
-20.8108315576
-23.5047153832
-22.6847814407
-21.2870088840
-25.2927045651
-21.4743018589
-21.5011917133
-24.3580586913
-26.9796447347
-22.8960682685
-19.7109354647
-23.6006403273
-18.9826438886
-18.8712356695
-22.2173866059
-21.8446778112
-23.8576247552
-22.0384722007
-19.9947152715
-24.0824917782
-20.9378240023
-20.8808518494
-23.5223942522
-27.7980315286
-22.1776466873
-17.3315568323
-21.4143158964
-17.9498888668
-18.0070979388
-21.3129912258
-20.1058878707
-22.7892390097
-20.5831733743
-18.1664874206
-22.3385533987
-19.5560356193
-20.1268886551
-24.3068590985
-25.3579452405
-20.2417585922
-17.7200583458
-22.0639496449
-19.5622561039
-19.4271297713
-22.7752937258
-22.4439832179
-24.7592263401
-22.3288064710
-19.8403643291
-23.3575986045
-21.6158920569
-20.8172630653
-24.7833820200
