-22.7208253073
-23.7159543067
-26.6129493589
-24.2654362283
-26.4033856367
-20.5111089161
-20.7063674997
-24.5563841067
-26.0258688184
-21.7120319111
-23.6941534644
-25.1546317870
-25.2115612145
-26.3343609128
-23.2637708833
-22.2297499117
-22.7870084417
-24.2420573029
-22.2039190290
-24.1104833217
-18.6942682829
-19.1713039609
-23.2636271796
-24.5606484840
-20.3458575705
-22.3111612448
-22.1913317662
-23.0116074980
-25.0651875388
-22.7664283988
-21.4122859998
-23.5948172859
-27.3039476025
-22.8631870649
-24.6456574679
-21.9102317716
-22.4947064008
-26.3483514965
-26.8234878905
-22.5332656466
-24.1924888792
-23.9109888948
-25.4153264741
-27.6462931132
-24.5861582984
-23.1023787076
-24.0114850320
-26.7579326386
-23.3414512319
-25.0232416419
-21.6635962581
-22.6446091271
-26.8558059306
-27.2275760940
-20.4759285395
-22.1012039529
-23.1771565959
-25.0486103564
-25.6523690784
-22.7053446463
-22.4463031209
-24.1330479656
-26.7637362707
-24.9728045754
-26.7877029351
-22.7243038541
-23.3891903938
-27.2571288941
-26.0946436988
-20.6730254269
-22.5614682028
-23.4438374688
-24.3358254713
-26.0876361091
-23.8009710775
-22.8435572634
-24.2396027651
-27.4294991433
-25.7847935817
-27.3586283236
-22.9545214171
-23.4017077487
-27.0706062352
-26.4414180005
-21.2731373844
-23.1831129707
-22.6982852654
-24.3116788433
-25.9111956770
-23.6835288052
-22.9097662873
-25.2486731081
-28.3443222306
-25.6210141988
-27.4526541035
-23.2674565535
-22.2741296213
-25.3755218313
-25.1988496707
-20.7224734428
-22.1698856403
-22.2511597760
-24.1131747691
-26.7088717149
-24.4368096632
-24.2026863487
-26.2313973022
-28.3909959403
-25.5910730115
-27.2595575367
-21.1438237400
-21.1616657391
-24.9119603165
-25.4268651242
-19.2138259408
-21.0576547785
-23.0566267366
-25.0068081727
-26.3127426207
-24.1013435523
-23.9187046324
-25.8442591010
-28.8410458043
-26.8755535443
-28.0559208304
-22.1832613059
-21.7909123533
-24.6022370589
-23.9800511853
-20.9932128764
-23.1604978490
-23.5384497102
-25.5446582093
-29.2279276390
-27.4472103779
-26.8826440004
-28.1026773990
-28.3821176701
-27.3914642126
-29.2432153980
-21.3139841618
-21.4842300382
-24.6881716890
-25.1073664507
-21.5113296132
-23.4383898389
-23.9936585808
-26.0624305091
-28.7347149898
-28.2080657633
-27.7389958294
-27.8982972269
-29.0047630301
-25.4190302841
-26.9077317750
-23.0772067609
-22.3351887823
-24.9623339601
-26.4083102594
-22.5108434146
-24.0003774726
-23.4912322694
-25.5053248012
-28.3333389645
-26.0352118426
-25.6044888121
-25.3904678370
-28.1283373772
-24.2217413517
-25.4761500079
-21.1995142576
-21.5325504713
-25.0881418402
-25.4388801789
-21.9211257209
-23.7532099003
-23.2956125268
-25.4264961545
-25.9747404336
-25.9589231821
-25.5693589231
-26.2737833459
-28.5825389942
-25.5154588201
-27.0248244897
-23.0852979271
-23.2349249155
-26.4128257701
-26.1172096326
-21.9714411091
-23.7773293356
-24.1971468127
-25.6807230999
-28.2942010408
-27.9709713994
-25.7465994108
-25.2433989699
-26.5156586295
-22.0912796637
-23.7166171270
-20.8970794800
-20.9734458389
-24.3469537281
-23.6236373677
-20.0245036989
-21.8206438098
-24.5531463562
-27.5966819760
-29.9827890436
-27.2412326793
-25.9445014940
-27.0765988788
-27.7095336410
-23.3904422586
-25.2694667450
-21.9064761710
-21.6101725727
-24.6632599656
-24.1809334161
-21.8098340256
-24.0929947566
-24.2997078124
-26.6523746729
-29.1116362801
-25.6473409010
-23.4531351889
-24.6385217214
-27.4944148681
-23.5338358022
-24.9823327225
-21.6489091767
-21.3947197558
-24.2216313182
-24.6036598128
-21.0495480928
-23.1777909287
-24.3466987019
-26.0798724705
-26.5599269990
-24.9252026454
