-8.3150867059
-9.2862594706
-9.9733624379
-8.9761749855
-9.1379930983
-12.4761302724
-9.5472247626
-10.2804227587
-11.7056055417
-14.4680956799
-12.5473506437
-10.8208413134
-10.6159717495
-11.9844477509
-12.9689028438
-10.4452274701
-11.9447168971
-9.3677290799
-8.7063598976
-9.0088037406
-9.4010543264
-9.6582238902
-9.9649359749
-11.8614996084
-12.7356119505
-10.9517887072
-8.7893946639
-9.1843794193
-10.2875015575
-9.5182894687
-8.9996018189
-8.5384054464
-7.3101006196
-6.7593926312
-5.8241639783
-9.6248364976
-10.6236149860
-11.5215270362
-10.3864519653
-12.8108403480
-11.3363934433
-8.4226331806
-9.9428581013
-9.5976152449
-9.5681206846
-11.8156803159
-7.2386252088
-6.1167340418
-6.5083037124
-8.4097533387
-11.3843423240
-11.5914916532
-11.0308723909
-8.9352699435
-11.4121137859
-9.1857879284
-8.3842059755
-9.0328998755
-11.2455303168
-8.4237219220
-8.4407457374
-11.3953230023
-12.1934379701
-11.4794232100
-11.5528754422
-11.5989122216
-12.8440840282
-12.9023779472
-11.7001126129
-14.1195426214
-11.4675130159
-9.1959607850
-6.4930897315
-5.5378687733
-8.5535210307
-9.6389384409
-9.6198924870
-11.4512892619
-11.8184843949
-11.9050909157
-13.2615285027
-12.7975190613
-11.6874334349
-11.3164386928
-13.0324126514
-10.1938900272
-8.3002934749
-6.4356476393
-5.3250633560
-7.5187478100
-10.4984142540
-12.4054873046
-10.8922027901
-11.1085747523
-10.1121213718
-11.8843736523
-11.4894536642
-10.1714677945
-11.3136333237
-11.5003372482
-7.5495045880
-6.3057462486
-5.5307822078
-8.5884593220
-8.8833311419
-11.8686716097
-12.9220258817
-12.7804602982
-10.3305776222
-10.7595594862
-12.2059022526
-10.0271848612
-11.0554022117
-8.1919728446
-7.6261078596
-5.9516626182
-4.8897327606
-7.0700338126
-8.1962372169
-10.9302454972
-13.9795344286
-11.4300179157
-11.9554878602
-10.8467887049
-10.9122701705
-10.5272900013
-9.3946008148
-9.0421898278
-7.5197096893
-10.8420802854
-8.4145251843
-8.5838726131
-10.2176948786
-11.0914836254
-12.7973106310
-12.2233778678
-11.9694085434
-10.4246953359
-6.9574643494
-8.0159039263
-8.5115609055
-9.0390517498
-7.6714248548
-7.1780437473
-9.0251025813
-9.2676614509
-9.4683339760
-8.6498369644
-9.3870404309
-12.0219648566
-13.9498664041
-13.8259693376
-13.6392524801
-8.8627070846
-8.8269493180
-11.4174565419
-11.4898368607
-10.0835278447
-9.3388986489
-9.6358146036
-10.2154254707
-9.7090648834
-10.1724193153
-10.6432629212
-12.0452531706
-14.9430417568
-10.4244053473
-11.4490159690
-10.0442682214
-9.0451764380
-9.9705415337
-8.1409557903
-7.6473067106
-9.5738013279
-11.0705048547
-9.0605807202
-7.3831916721
-9.6168605620
-11.9208304910
-14.0909957051
-14.7901356132
-9.3482157846
-10.9075876511
-9.2005824591
-7.8878758113
-10.6359964035
-7.3052782832
-9.0550282359
-10.4919076668
-11.3906650870
-10.3072673031
-10.8775403041
-9.8897412277
-10.6812305457
-14.9158554432
-13.4674207712
-12.0339669698
-9.8942075486
-6.4485417186
-7.2711672289
-9.9308572848
-10.0553770671
-9.8681824825
-9.9517260172
-10.8206445373
-11.2758637703
-7.8654458056
-10.7516573232
-11.0209286754
-13.3091343131
-13.6438379011
-11.8898368003
-8.9885162759
-5.5912393938
-5.2296264419
-8.9438879939
-10.1997143729
-8.8771818571
-7.6546159462
-9.2000283772
-10.6497837510
-7.9553418827
-10.3256297102
-9.2021657400
-10.0994188917
-10.6315145512
-9.6766173682
-9.6860846826
-6.6096555868
-7.4300790022
-10.5153565028
-11.3469067789
-10.7937702217
-9.5939347369
-9.8682070800
-9.9837204221
-9.5012695461
-10.5221414328
-12.0972075035
-12.5941227451
