-33.2628513479
-29.9680605330
-31.1438603954
-28.7586363463
-30.7530533980
-35.6502862242
-33.5349564915
-34.1967668455
-32.1548918005
-34.0718962776
-36.1104039844
-30.3260756749
-31.0877957677
-28.0245607830
-29.2730530169
-30.3166575685
-28.4495487681
-29.5167678795
-27.8050753772
-29.4011730040
-34.0572894695
-31.6126933654
-33.4762729144
-30.9417030435
-32.7365867366
-32.6076421188
-26.3871036341
-27.6517471943
-26.6900561987
-27.8396110417
-31.3505526829
-30.0611542104
-31.8313890440
-30.2944774236
-30.9210375732
-34.7604087413
-32.8225407656
-33.4977319755
-32.0762923198
-33.4687487861
-32.4583310619
-28.2184133844
-29.8594525403
-29.7237605251
-30.1994095136
-30.6492043186
-30.1782145530
-32.1684461126
-31.0420709947
-31.5693027335
-35.2942415112
-32.9762042145
-33.9096911672
-31.8862484157
-33.0859941512
-31.9728613816
-28.2420279272
-28.9879036273
-28.8162402442
-29.7231792538
-31.1031650922
-29.1506602761
-31.0267754573
-30.3113458806
-31.3753206959
-35.1800629347
-33.5568919548
-31.5825670528
-29.0805183107
-30.9130279601
-32.7199694442
-28.6639205550
-30.4073704914
-29.5626751974
-29.9266739220
-31.7844900826
-31.2576260128
-32.6360608580
-28.6963343904
-29.8200582906
-34.5269716390
-31.4669009914
-33.1342899627
-30.6702400379
-32.7224045467
-32.9763013140
-28.9388310546
-30.3581127873
-30.1802120975
-30.4486393023
-32.1651967091
-30.3731390554
-32.1938821348
-29.8012725572
-30.9198892732
-34.9000349901
-30.8776080950
-32.2970567355
-30.8799966099
-32.4680495076
-34.1550397629
-30.5105502808
-32.1319323170
-30.0431154437
-31.0442860289
-33.4310983551
-30.6947064182
-32.1930574817
-31.5458448383
-31.5701752853
-35.2524017964
-32.2471530450
-33.1813740518
-31.3275103511
-33.9580724212
-34.1273641093
-31.0984010141
-31.9282395966
-30.7844380480
-31.0026495635
-31.7797415479
-32.7200419427
-35.5264189818
-32.6193827166
-33.0115904262
-34.9019975922
-30.5306668482
-31.8793003629
-32.1408183601
-34.0812535465
-34.3426498319
-31.7460577200
-33.4113727499
-33.4749252627
-34.0035214510
-32.4893817063
-30.6092158548
-32.2808537028
-30.8055721624
-29.3575027482
-29.3448158065
-29.6407710943
-33.0902533344
-31.6763416781
-33.6705928239
-33.2968769969
-31.2437571171
-32.3190841221
-33.0492835880
-33.4560566740
-32.6346911939
-30.7863501568
-31.7390294101
-30.4426660847
-29.6851313772
-32.4815844044
-31.0992191915
-32.0760567033
-31.4955113420
-33.0672873842
-34.0312217010
-32.3630534362
-34.8283900295
-32.2956184554
-31.0804451130
-30.6703798600
-30.4089019923
-31.9734607780
-29.3039042963
-29.4253804726
-33.7845992247
-32.5199585259
-33.4127527772
-31.0920717819
-32.8649488016
-34.8756864349
-32.9754261729
-33.5844420374
-31.5600425612
-31.3854689580
-31.9866810926
-31.7281535974
-33.0362289823
-31.2543947300
-32.2838273749
-35.2968332713
-33.2221314956
-32.9303124454
-30.9375124707
-32.7252526382
-35.1407787456
-35.0809209878
-35.9513395427
-32.2386359648
-31.3132090603
-32.7737711284
-27.4893892777
-28.2076838426
-27.3583331602
-28.8377614337
-33.6905139095
-31.0339047450
-32.6772752905
-31.4022908025
-33.3380111561
-34.6622532676
-32.3633460102
-31.8865591187
-30.1010792384
-31.0532031370
-34.8617761040
-31.0401109954
-32.7794582475
-30.6454875555
-31.6328953786
-35.3704731869
-32.0809890714
-33.4247199219
-31.8418842517
-33.3263896607
-30.7643175940
-30.8519843654
-32.8741390766
-31.1125534288
-33.1911429913
-31.7560117901
-29.7403480528
-31.9669774840
-30.1279846135
-29.9129357750
-33.8275898263
-33.4657349956
-33.7192537241
-30.0373636006
-29.9337863775
-29.7519488403
-29.2414495922
-31.2534198991
-27.5898957606
-29.3876510486
