-22.0839769055
-15.7099849539
-19.1104920512
-15.9090082130
-17.9853928962
-12.8178668207
-15.8143648735
-16.9580945251
-21.4262778691
-18.3196835940
-22.1127542471
-19.0140052382
-22.3749752860
-18.7613136277
-22.1120551776
-23.5614855798
-25.9539830191
-28.0280885277
-23.1162294658
-24.0810237236
-20.2293292598
-24.0083326871
-26.7589436900
-31.3179912162
-29.7813475557
-33.3736148185
-29.1756496337
-32.2779434402
-28.8210029906
-24.3845588687
-19.3159390369
-14.3824524435
-17.7319504011
-12.8487763708
-15.7711127366
-15.9052720431
-20.1131841446
-18.1513782988
-21.9555707645
-19.0596238745
-22.5445039423
-17.7289275527
-21.1764952154
-17.3368503857
-18.4036608303
-21.4455607467
-14.7648810915
-17.9540522437
-17.4072254119
-21.3076652853
-17.5443751933
-21.1420229692
-19.0538202486
-22.7969094201
-19.1024630378
-22.7574180689
-17.6375556427
-20.2175329914
-17.7282155319
-17.2983519834
-21.0503015354
-13.5508850861
-16.0441591643
-16.3841499564
-20.6270909055
-18.5191431160
-22.4006404561
-20.9849404624
-24.3806090745
-19.7518301518
-23.4894664369
-16.7203954788
-19.6929782408
-14.6213179109
-17.7366497518
-21.3145783883
-17.1707135200
-20.5649766532
-17.7423666581
-21.5185663374
-19.8189376287
-23.6247494025
-21.1489283064
-24.9817048413
-19.4687649591
-19.7794605141
-15.2949521574
-18.4952139704
-14.7759821731
-17.9091404507
-19.2968762579
-17.8100476395
-21.5680519014
-17.8488023764
-21.5361183393
-19.8044576776
-23.5157581905
-20.8952890728
-24.8212020507
-15.1088617910
-17.1387113374
-12.8307233602
-16.0626484430
-13.1763249198
-16.1174586497
-21.6877842986
-19.7353617211
-23.2261838577
-19.6343930457
-23.3127618956
-20.6813146683
-24.4666925816
-20.8011609954
-20.4062267272
-13.9780857305
-16.4825799515
-17.2415053980
-18.7663858221
-16.4611920918
-17.7654685546
-21.6769641580
-18.9910133864
-20.6376353254
-18.8652973987
-20.5657676608
-17.6400813825
-20.2609702506
-18.1529097930
-21.8683467189
-16.5467072950
-20.1562239634
-16.9952776314
-20.2172222870
-17.7043342970
-21.4474171711
-25.2750438296
-19.7943171815
-21.6092443531
-22.6316826906
-23.7292406498
-17.2486541008
-20.8015014582
-18.2857278893
-22.0561665891
-16.9766032238
-20.4635380478
-16.7214000955
-20.0354649538
-18.4714958643
-20.8649530283
-24.8295262530
-23.1710189578
-23.4493200453
-23.0816692097
-24.0495976511
-19.2520498909
-22.3075765347
-17.5978649154
-21.2183323581
-18.2706731394
-21.7073467937
-16.9064638223
-20.3637953511
-18.9651410749
-22.1511659210
-24.0112986128
-18.1885885965
-20.2897359609
-22.8458706878
-27.2170433265
-20.0813554562
-23.4022035632
-18.7039932243
-22.2819773858
-19.3003470407
-22.9180593913
-19.0483156665
-20.1592429547
-18.8516032654
-22.1786927127
-23.4697097772
-20.9647954066
-21.9724457128
-19.5714217519
-22.6395058494
-17.8550396903
-21.4642843331
-19.8958606178
-22.9389837670
-18.6687053883
-22.4221525956
-18.1333628309
-20.2759188397
-22.1458555385
-23.1130499807
-23.8024469090
-17.5745170499
-20.8694853657
-18.1127581956
-21.8266027853
-17.9445694093
-21.4767343716
-19.2738442688
-23.1070521475
-19.7518638135
-19.8855764638
-21.8075102426
-22.2491531707
-17.1478498309
-19.2655420834
-22.5342676646
-19.1594662526
-21.7209826753
-16.9540476420
-20.6732157198
-18.6908777686
-22.2959938723
-18.9649727838
-22.7892881916
-17.3344036197
-19.3347493766
-21.5236527813
-21.8985390786
-20.3834666006
-22.4133131737
-25.5777543090
-18.1857197903
-21.2945899682
-16.5478517119
-20.1163481150
-17.6788904958
-21.4733283153
-18.8863758550
-20.2063477730
-16.2759574754
-18.8737769365
-22.3128403370
-22.8478617641
-17.4968289172
-20.1602773239
