-26.7726727936
-29.8384711849
-28.8102644366
-30.2700809535
-25.0005605037
-24.7522783048
-24.4571100739
-28.3705285275
-32.3591709678
-35.9740051428
-37.5684879828
-33.7791762161
-34.8815897429
-33.8382054412
-35.1365091994
-28.5010124437
-32.2034776002
-29.5600122301
-27.2849560317
-24.4785523029
-23.5753816711
-26.9465810108
-31.0908043811
-32.7873992385
-36.8890156668
-36.9379419437
-33.2845370075
-35.6820760802
-30.2879099921
-25.9432017273
-25.8814836323
-22.8082603698
-24.6754420255
-26.2387997491
-25.5336723646
-29.4729642677
-32.4210625305
-34.5523053963
-34.4041076990
-37.5216317495
-37.3769203858
-34.1601999825
-36.5627063103
-34.7692909046
-28.4594083334
-27.3255879098
-23.9999360299
-25.2486032066
-27.1944178627
-31.6531206859
-35.8597709061
-34.1315132576
-34.7718153475
-33.7054288405
-37.1147939837
-37.2877104914
-35.2801926762
-27.6942458721
-31.5348628567
-27.2766370187
-25.0544191725
-24.6434761065
-25.1738084946
-29.0238957086
-33.4555608427
-36.7630136565
-34.4153356385
-35.4575353755
-34.5502625422
-36.6155823603
-34.6914487636
-30.0016990602
-27.3027682363
-21.5924354465
-23.8890754357
-22.6635437547
-24.1918972677
-28.7617459326
-31.8438403764
-34.5172842657
-37.4682598738
-35.1610661976
-37.8344372822
-35.8941538065
-38.4374733536
-24.2139104032
-24.0394778720
-23.9573014246
-22.1217723550
-23.0814594906
-20.6330732066
-24.2084537211
-29.2685841020
-32.3140507734
-34.6644721879
-37.5546669850
-35.5479867848
-36.3079370409
-36.0462223137
-25.0921796550
-22.6190035150
-23.9020070599
-24.7581544308
-24.4518294570
-22.9151375263
-26.8307971143
-31.5125972811
-35.9739235760
-34.9133899463
-36.6016163772
-38.4421675248
-35.3539180325
-34.6971216363
-24.6575663755
-22.4033862926
-23.0283400286
-24.8992798543
-24.9357120983
-25.3756150506
-20.7209639655
-24.8887134289
-30.1623623376
-35.0967744714
-33.8607156994
-34.8148564421
-35.5053871437
-31.4687910873
-33.0376970402
-33.2533361928
-34.5063514848
-36.2588592964
-34.4314791265
-36.2960656884
-34.3646487236
-35.0517798632
-33.7728120303
-33.7567099758
-37.8179468456
-34.1855130173
-36.5262870217
-36.5873888720
-34.8414109787
-35.2903072613
-34.1213494628
-35.6016512446
-37.4183639586
-33.7875884333
-35.0003770374
-35.4446969572
-35.7029939972
-35.6299055770
-33.8629902835
-35.1768536684
-32.8777652129
-34.7171967804
-37.0021533962
-34.9314520054
-35.1220849234
-33.8239339249
-36.5096412425
-37.6459158532
-34.2265112527
-37.4374047164
-36.6328495392
-34.2364679112
-34.2946867261
-32.0173588927
-33.5316384754
-32.8339279483
-34.9025115412
-38.4855931017
-35.2484701474
-35.8706027021
-33.3222314560
-36.1016189210
-37.5108879849
-35.0178021674
-38.2822383058
-34.7014649720
-34.7396656111
-35.1947124802
-35.9843657186
-38.5119534535
-34.5808393642
-35.5535936320
-38.1723072806
-35.7669970151
-36.1225782674
-34.9995653382
-38.2434589968
-37.6488726870
-35.9085806739
-39.6507783106
-36.6054470493
-35.7304922942
-37.3762976939
-30.6860702383
-32.1733940253
-31.8425949854
-34.2023180319
-38.1725377161
-34.8359685422
-36.7346958907
-35.8168696351
-38.3182420282
-37.5195655934
-34.4869378819
-35.8112666704
-33.6428912886
-34.1853913273
-37.5048707506
-34.6421056321
-37.0447361991
-35.6142449738
-36.1892804975
-37.3334093641
-35.4473405121
-36.0328997324
-35.0872230284
-35.9398306704
-37.4295750620
-35.2340885974
-35.9606579712
-35.6667119423
-36.8014084818
-36.8929512155
-31.0447663238
-33.9036467454
-35.2589433487
-35.6449059413
-37.9615306337
-36.5634248069
-35.6322151148
-32.9519462692
-34.9118027793
-36.3330908372
-35.0893849874
-37.0140881805
-31.3324478985
-34.4154430866
