-25.1086092498
-23.8123323660
-26.3612326241
-19.5268141802
-19.8042246411
-17.4649600565
-18.4173795500
-22.2759420234
-25.6238493275
-25.2489695400
-27.4288518055
-26.8310857474
-29.0788003293
-30.0994609390
-28.1916438741
-23.4022204020
-22.7370646009
-23.8460874098
-23.4989143461
-26.5012252750
-18.4449788390
-19.7775522831
-24.4796721124
-28.2794090960
-20.5148671054
-21.7253001245
-23.5782491790
-26.7338183770
-29.1351925665
-23.2346724655
-22.8158311101
-23.9160934519
-27.2471191554
-24.7817262486
-26.9661706800
-22.0002171690
-22.8349702692
-26.4979681063
-29.1845706597
-22.7456567537
-24.1951712655
-24.4399399762
-26.3655086497
-22.6758410225
-21.8902174786
-21.4413481669
-22.5004932052
-25.6566347333
-25.2284723906
-27.2084498708
-20.3094356734
-21.4307144272
-25.9348464626
-28.2230104638
-21.6966832948
-23.2834304641
-23.4869187109
-23.1506046336
-23.1279959810
-22.2840073164
-21.1548782260
-20.5499154539
-22.1120616631
-22.7899109056
-25.4296549523
-23.2996335109
-23.6028437263
-26.8700075382
-27.2158795094
-21.0457717818
-23.0594398610
-18.4559154975
-19.1758544276
-21.7755417284
-20.7800695985
-21.3056302125
-22.4144718352
-25.4661247346
-25.0904902242
-26.9515107947
-21.6225708194
-22.9970045594
-27.4522618492
-28.5914004395
-23.0093057213
-20.6957933229
-21.7660135729
-24.9462992127
-25.1248213536
-22.7695276426
-22.7990325604
-24.6370679029
-27.4926037431
-27.5980697798
-28.2418816391
-21.7212105202
-22.9582783074
-26.7839628814
-27.0393018553
-19.0785986021
-20.7733131120
-23.1931304871
-26.2375763501
-25.2455402094
-24.7427605063
-26.5620488235
-27.2635539360
-30.0410078562
-27.2177553595
-28.7667184409
-23.0726161628
-24.3181207067
-28.6710006380
-23.0094908391
-18.3301865764
-20.5973801551
-23.0606114739
-25.2911342409
-25.4623393747
-23.3032700068
-24.1905897347
-26.0533295774
-29.6611413943
-30.3556983957
-32.8003800448
-22.7884894369
-24.1567388882
-28.0722623934
-28.7240980892
-22.0291718876
-23.7584413260
-23.4589970731
-25.6727549170
-27.4497451804
-28.4610887100
-31.0613616129
-32.1146716125
-30.3082039211
-28.0092069939
-28.9647577326
-22.2473485076
-22.8939360799
-25.9004273025
-26.1194466778
-19.9421252821
-21.5775321613
-23.1516170013
-25.4951778399
-26.7437504533
-28.0218680462
-29.4868564766
-30.7492162536
-31.0680675767
-26.2986342142
-25.5058931343
-25.6392380855
-27.3469110274
-28.6555406995
-27.1746922519
-23.2648790448
-24.8154696337
-25.7195063111
-28.7919395548
-29.8310596896
-31.4616747486
-28.1711596958
-26.9928417534
-26.8562732835
-25.5183509360
-27.0271974722
-20.4334311538
-21.6345081998
-25.7625991966
-24.8318137899
-20.4341457718
-22.0468093309
-23.7277259844
-26.3888733345
-29.0888748668
-28.4347723618
-29.8205877781
-22.5796053614
-24.0835895914
-29.1227554644
-29.6092052015
-22.1124565048
-23.7970420023
-23.5555330712
-25.7481127740
-27.5298412176
-28.4898311079
-31.9124754207
-28.1430969561
-27.3580496520
-30.4559329929
-31.3044770797
-22.3854821533
-22.9142675567
-27.4393755260
-27.2098350844
-20.0525043028
-21.6373536986
-23.1868647001
-25.5251345627
-26.7829116813
-28.0521406452
-31.9474862009
-35.0322147840
-33.3091548452
-30.5397846222
-27.4721583466
-26.1821823097
-27.5679253416
-31.6448353302
-28.3854059090
-23.4012170952
-24.8766155262
-25.7541170705
-28.8225280319
-29.8692422066
-31.4714605234
-33.5909563895
-31.4335032613
-31.3051308414
-31.2261973551
-30.6170959928
-20.7104027170
-21.7428132878
-26.7824546771
-25.7035919606
-20.5228585943
-22.0827120916
-23.7467149746
-26.3622372262
-29.1146008787
-28.4584296257
-30.6191025992
-28.1960015077
-27.0483730217
-26.8912025096
