-26.6636466428
-26.5344650800
-26.4404820154
-26.8969944889
-28.8336058219
-28.1500048773
-30.7100433784
-32.6814283316
-29.3908357438
-27.9655380232
-27.8222765464
-24.0481528893
-24.3726901100
-23.6697725384
-27.1673312293
-31.1865959687
-30.1033007502
-32.1508035013
-31.9360705535
-33.4869338376
-34.7274537847
-35.4894041937
-37.4928492305
-36.4067838246
-33.2539886609
-34.0631798395
-30.6674476165
-30.0799425331
-29.6706682596
-33.0937137584
-29.7725715906
-28.8980943274
-28.4480638813
-26.6473245062
-29.7805928410
-27.7750927690
-27.2593866624
-30.0088205706
-27.7425986600
-27.1109610794
-27.6602202696
-23.3439976873
-23.5338875935
-26.3788273517
-30.3918458168
-31.5413008440
-27.8753856416
-26.3396790743
-29.0050737284
-27.4817292230
-24.4702889579
-25.4920112868
-27.8064838856
-26.9243529742
-25.5087412239
-25.0384413908
-22.3346838943
-25.0014848334
-24.8870007040
-25.8240182499
-29.4986475557
-30.9786919578
-28.1083541590
-26.7989749042
-29.6129633834
-28.7991167559
-27.2244069456
-29.4425259645
-28.8146906257
-27.0191257341
-28.0257285037
-27.8093255083
-27.4775813693
-27.0040813509
-29.6603387560
-32.0573408726
-27.9931903754
-26.7417334872
-24.7983086063
-27.5244272529
-26.3569009498
-26.4592871743
-29.0378681781
-27.4689490674
-26.6948086261
-28.4130776920
-25.4493598512
-25.4898441507
-25.2221794094
-28.3736678974
-26.8827734581
-25.8139178884
-25.5400805639
-25.0183222266
-27.0463185120
-26.6652415756
-26.6864378333
-29.1828760436
-28.5051369960
-27.9178415908
-27.9220697087
-25.3843172573
-25.6136570716
-28.3100856085
-32.8646342181
-29.6102874775
-24.2550277580
-24.8883121191
-24.3637950065
-26.6505337795
-25.4659849274
-25.8966276991
-28.8973085051
-31.7609040214
-34.0996068963
-33.7840839873
-29.7938765903
-30.2291215541
-31.2081676565
-29.9565918024
-32.4508755409
-28.4517133140
-28.3684144746
-26.3606358307
-24.7000805896
-22.1408882161
-22.1183287570
-26.2303680943
-30.3704540825
-31.5286876958
-31.6694881461
-31.5125675136
-31.7629171122
-31.4473864112
-33.7051621581
-31.9307329737
-31.9953392806
-26.1818288917
-23.0188299970
-23.6786818807
-22.1747468254
-25.6096930374
-30.4549258074
-31.5429553260
-30.0152067684
-32.5847149981
-31.3272501378
-31.0374286145
-30.5507536525
-32.4332212748
-31.2686364623
-25.4751959041
-22.7090860030
-21.2651031892
-22.3279054412
-26.3309703813
-29.9963886657
-33.6998206923
-32.4393187787
-32.9929781684
-35.3117546735
-31.8427917605
-31.3844423530
-27.2217711676
-29.7537094693
-30.0552936160
-22.3217535627
-20.0837297347
-18.5178990228
-22.3841176548
-26.8444873674
-29.4028158431
-32.3044268205
-33.4729316007
-32.0444338605
-33.0136824786
-31.4040372034
-29.5148531943
-30.2151490865
-32.3890474202
-27.9890722975
-25.4473998492
-22.5054501760
-25.8245813847
-30.8474455384
-34.2788772431
-35.8412751645
-38.3616857268
-37.7353807793
-37.5613250448
-38.0450909555
-31.2172517629
-26.7546767568
-25.1180286620
-27.9906491026
-26.6472002259
-24.7026917696
-27.7057780389
-29.2527357922
-31.8521438472
-32.4754079500
-33.8714426344
-37.8449311909
-37.1802560108
-35.9107270971
-31.0577031198
-24.6987277436
-24.1150027340
-22.9796273382
-24.0973678810
-22.9619924845
-26.2359516497
-28.5095567141
-28.7271753208
-30.2277997819
-33.6549166914
-36.1365908631
-38.8133549631
-36.7213124677
-29.9955989648
-28.7492907332
-24.9627378749
-22.5343349849
-23.5258870508
-25.3969601862
-29.8273675151
-31.8790479323
-31.4510138403
-29.9706600681
-33.0230850441
-37.1026663149
-37.2199091640
-38.9655179629
-30.6643276659
-26.4908621273
-26.1922787982
-22.7049782796
-22.9631835047
-24.8643493295
-24.3450701139
