-17.5639609837
-17.7008117263
-20.7689827549
-23.6348096462
-26.8524555394
-27.6696746278
-23.4691919303
-19.6848210674
-18.9859593267
-20.1966564999
-22.8762222564
-25.0512435453
-27.2541966607
-25.9268808783
-23.4940945906
-19.5656595585
-16.8504742541
-18.9022241755
-21.6060803861
-23.4198449020
-21.2291576993
-19.2387104862
-14.6127904702
-14.8455972756
-17.5964123907
-20.5355636634
-23.2932667301
-23.9958308952
-20.8409306835
-17.5703627163
-17.8768560596
-20.6263646519
-24.3001842121
-25.4843991199
-24.5031779159
-24.3831400057
-22.1290543952
-20.0125391343
-20.8590199431
-23.5327781287
-26.0582023925
-28.0321224506
-27.6595250749
-23.2655988231
-17.8025778685
-17.6259846284
-19.0517113632
-21.7669832060
-25.1591731916
-27.0111653173
-24.4416980130
-21.8078791994
-19.3469508553
-19.5211853541
-19.5312455817
-20.0229281799
-23.1383112185
-24.0727461426
-19.4074792358
-18.9541448631
-18.6771305584
-19.0726008151
-22.0446266586
-25.5586112648
-27.5359788415
-26.0863117394
-23.5343782382
-21.2685066416
-17.7378744429
-17.5284673173
-20.7681309080
-24.5766638050
-24.9140899127
-23.9426829520
-20.9985854043
-19.7396532755
-20.9555339417
-24.2186977831
-27.6848795413
-30.0826741032
-28.0677559352
-23.5197222210
-17.5137142003
-16.3194607623
-18.7579464057
-23.0787343729
-24.5720473131
-27.2058335085
-22.5689806893
-19.4068552489
-19.4689151341
-22.1772065318
-25.2499482790
-28.3685646434
-30.8488087401
-28.1563289195
-21.1288544436
-17.5463028327
-18.6877591127
-22.5639343925
-25.4986576873
-24.7165684354
-25.3983868136
-22.9793075645
-20.2000172456
-20.8876613694
-22.1601568376
-24.5192553806
-28.3316767078
-30.7481546943
-25.3581161190
-21.2073736980
-20.3701802651
-21.2111707232
-21.0083025761
-23.1651505943
-25.6245095824
-26.4030050424
-24.5933523147
-21.7897226261
-22.4366234904
-23.0357838939
-25.9371793000
-29.0892930182
-27.1933045147
-26.4246272193
-24.9254097733
-21.8451101996
-20.2007046682
-22.0729042987
-25.1450829182
-27.8142539927
-29.6405173540
-27.3318899476
-24.6338353097
-24.1801087529
-24.4063169783
-26.2432324043
-30.4778451457
-26.1786014801
-24.6496952968
-23.3045309264
-16.7138811290
-17.7367818056
-21.2456364900
-24.0817538739
-27.4181469172
-29.0106818761
-24.7328750365
-24.1986795986
-24.3479143118
-24.8550477255
-25.5730161248
-28.4829581372
-26.2839898554
-24.5177368352
-21.1737882411
-20.3225977420
-21.5677813439
-24.0150917456
-26.9499831835
-30.2384464490
-30.7481611646
-26.5826016595
-24.5030613960
-24.6723673754
-23.5611425146
-24.7331973942
-28.4973383977
-28.2972640235
-23.6285192496
-23.7780141797
-21.5105916991
-21.8210063047
-24.4413679003
-27.1878245327
-30.1884456613
-32.6483335340
-25.6575758883
-24.2923157231
-22.1224804825
-19.0512504925
-20.7385806882
-24.0149260418
-23.5712674673
-24.4225174306
-22.9655616518
-20.6988045203
-19.9451882798
-22.3302408662
-25.9111969655
-28.0038875431
-29.4773826946
-24.8808565880
-23.4218049062
-18.5673625530
-18.6194541406
-22.6130471089
-25.2185934053
-26.3304292444
-22.1390045818
-19.3656407940
-16.4347941791
-17.2999326721
-20.0817865543
-22.6172830065
-26.5094679060
-27.2488331893
-23.8750058709
-21.9628295234
-19.3976584983
-21.1095884010
-23.8084770724
-26.2574741416
-23.4582112478
-20.3368886725
-17.9174542953
-16.5418215300
-17.7522391736
-21.1692662461
-22.7871806224
-24.7765906244
-26.7813594720
-21.9453020998
-17.1970687066
-18.8524719143
-20.2324414467
-22.5260314880
-26.0900116641
-26.8890340729
-24.6385747988
-23.2176693700
-20.8568761059
-21.3353862745
-23.6785278155
-24.4325219958
-25.6560936029
-27.4665527895
-22.6027460911
-20.1613841923
