-25.5800224272
-29.5360649708
-32.4391970873
-29.6248528663
-31.2895414372
-31.9878992973
-28.8947983085
-30.2546391300
-29.4452070588
-30.1221641603
-34.1392859375
-33.9182833371
-32.6793026229
-35.1922825310
-30.0604175811
-26.7122078646
-29.5971526007
-29.9118133701
-28.8785823277
-31.0990392409
-30.5106422000
-27.9116845401
-30.0321632473
-28.4499915152
-28.9832754924
-32.5875423695
-30.6030613883
-29.6653086777
-33.0214253817
-30.1964241979
-29.5191939410
-31.8482341868
-32.8796099957
-31.2486985524
-34.1564262498
-33.1447748211
-29.6881658830
-31.3287363143
-30.2458061738
-29.7864223665
-33.5711427479
-32.5231341449
-31.7222515813
-34.1310187109
-29.8114687100
-26.6760681994
-29.9650622611
-31.7125512482
-31.0464622339
-33.7761429884
-33.5872538756
-29.9342187663
-31.8768820809
-30.7000129277
-29.9017803302
-32.8165533005
-33.4137211280
-32.0841465743
-35.4206539119
-30.7533912821
-26.6292507890
-29.3178909913
-29.9203641084
-28.7236566370
-31.8066753930
-32.0876315978
-28.9989723467
-29.8711374688
-27.9046458703
-27.3664217413
-30.6880859005
-30.2135774616
-29.4519246671
-32.4016812716
-28.0429542523
-25.3879951775
-28.9354690068
-31.4432372628
-30.1003037841
-32.4335242040
-32.1344865415
-28.6816525003
-31.0100778889
-28.0508098070
-28.1132735868
-31.5946015215
-29.1046558663
-28.9118868454
-32.1341991380
-27.9181445215
-26.8791369676
-29.7755025191
-31.6207392216
-29.8831978437
-32.3527019181
-31.2478143496
-27.4035854175
-29.0986153230
-28.0340190289
-28.5621803313
-33.0463383959
-31.4274899149
-30.6222937619
-31.0467431565
-28.1611396046
-26.8020430744
-30.0682071016
-31.9516897326
-30.1840971509
-32.4794884723
-30.4336363445
-27.2676810740
-29.2670215377
-27.9216670896
-27.1110245150
-29.9370642580
-30.3645637190
-29.8189022349
-33.0460652340
-27.3230013120
-25.3400087548
-28.0006303537
-32.1821596645
-32.9584645122
-33.2754399550
-28.7767527801
-30.3781296764
-34.2159927371
-31.4443208244
-30.5426055287
-33.8369406185
-32.3211774684
-32.5645841975
-35.9967108735
-32.5146416557
-29.3818060091
-32.1943896038
-33.2805600406
-32.9406497167
-30.5554076853
-28.0199598287
-28.2423632278
-32.1309393682
-31.9963205756
-31.0446782947
-33.8023311629
-33.5962175879
-32.7780445654
-35.4341590386
-30.7065661139
-29.7071289814
-32.4171438089
-30.6869453757
-32.0111668820
-31.8129347279
-30.3594902383
-29.9892451438
-32.6527636007
-32.6468771287
-30.6425294346
-34.0569528751
-33.6620123194
-33.4984181109
-34.8833296681
-29.2629979650
-28.1775912094
-31.7391989904
-30.0909465124
-31.5805449131
-35.9947715817
-32.9575712383
-30.8639981240
-33.7352055984
-31.9998522045
-31.3336350367
-34.5806594022
-33.4417605596
-32.6945567278
-34.7691459133
-30.3465650846
-26.8003937702
-28.2790686207
-27.2620638644
-28.5852873954
-33.4877054022
-32.5752140371
-30.8616147909
-31.9064530056
-31.6615885802
-31.0232995043
-34.3366843681
-32.5990680736
-30.4395733210
-32.6636303580
-30.3024041726
-24.5278449599
-25.7747683058
-28.7236695803
-29.8811640501
-32.6625506731
-30.8316373554
-28.0429464992
-31.3840267754
-30.0805147402
-29.3510712458
-31.5622563013
-34.4807885978
-31.4622857934
-33.4511566556
-29.5111286689
-24.8151472845
-26.7176153346
-29.5296684372
-30.7552334909
-34.0101095907
-30.2862192639
-29.0425727094
-31.7995461095
-30.3970500539
-28.7519252167
-29.1392148456
-31.8713438451
-33.8428076949
-32.9566313792
-26.2484094493
-25.2405353459
-29.2114087086
-31.6820300940
-32.5850632488
-35.3049192543
-32.6846725574
-29.6200926733
-31.7016275253
-30.2759480198
-28.3174569841
-30.4496205926
-32.2146693068
-32.0785151266
-34.0103918164
-26.8950111688
