-21.0595487689
-20.3338787677
-24.2500901977
-23.3793385971
-24.8625019511
-15.6711693663
-18.4711178385
-23.6127252900
-25.9185683456
-21.3993776772
-25.0702234655
-24.3671402166
-26.9328506320
-27.0352679282
-25.1672604775
-21.1334592653
-20.5838167369
-22.0941095922
-23.2741132630
-26.0534136617
-17.1381299913
-19.9304570778
-25.4140460105
-27.6273919988
-22.1104950386
-25.4286683032
-25.8704781700
-28.2244809269
-29.6245005976
-24.3066544549
-19.5658511640
-20.5319414144
-22.4599765400
-20.9166924704
-24.2235421222
-19.8911677768
-22.1189022510
-26.9405547054
-26.4586994287
-20.4874943768
-23.1003164239
-23.5135755340
-26.7876679779
-21.4298729454
-18.7393729806
-18.6287803487
-18.5125782727
-20.1859476826
-19.8214232364
-23.0767937923
-18.5314598107
-20.8776166713
-25.7961393273
-23.2139668577
-18.1220675679
-21.1820684132
-22.0325028649
-24.6443615972
-20.1191017121
-17.7571495421
-19.4452138476
-20.5301082833
-22.3601794747
-23.3132551497
-27.0294746470
-22.7034454878
-24.1722739293
-28.0220130359
-28.7528896791
-21.2721625631
-24.5584204884
-23.8719765423
-22.5038125232
-22.8438705528
-21.1717466856
-21.3196259859
-21.6580062441
-25.5548543692
-24.6559597990
-27.4677101450
-21.1832956870
-23.0344582397
-27.5973124420
-26.3967677277
-21.5997369133
-23.8828523542
-23.9931057906
-23.2609862307
-21.2840429856
-21.1541726786
-20.2174061317
-22.3102084441
-26.3112460725
-24.3950657355
-26.7555816713
-20.7478797023
-22.0450810634
-26.1267610826
-26.1921596958
-16.2145125071
-19.3273909384
-20.9670363437
-21.9437978145
-21.9367850411
-21.1435764902
-23.8378085259
-25.5222838901
-27.8143976943
-24.3757220277
-26.8775731033
-21.3810372718
-23.1391436586
-27.8725543713
-24.5968476961
-15.9194503511
-19.3525809988
-19.7816276513
-22.1848161129
-22.0265296448
-20.3796475753
-22.9616170496
-23.0190552537
-24.8057887224
-20.5819435132
-22.0262331822
-22.8147863791
-22.0172461662
-25.1188338872
-23.5680905570
-17.4134588421
-20.2307390678
-21.3737202736
-24.8286200393
-23.1317386283
-23.8358912479
-24.8794454997
-22.8292766805
-25.4727077071
-22.4036465020
-23.4223848832
-22.5268665171
-23.6586766394
-26.5521776051
-24.3870147004
-16.9804300211
-20.2476826090
-21.4516466011
-24.4454303110
-24.5911955391
-25.6662094978
-26.6183969787
-27.4972875556
-27.0579063553
-21.5354283392
-22.6073134005
-19.6240570685
-21.2908240262
-25.6200562010
-24.4754970768
-20.0929277662
-22.9830903468
-21.7279100188
-24.1008736168
-25.4761927376
-26.4473394371
-27.9626873402
-27.0883381853
-25.7288247435
-21.4222387773
-24.8287702070
-17.8018606696
-19.7258128505
-24.3215798382
-24.2274233013
-18.1819421894
-21.0336596301
-20.9642685188
-24.1567272357
-23.3775779581
-25.3218547680
-28.6907793244
-31.5551723246
-31.1738922035
-24.7980043656
-27.1736811652
-19.1983439724
-20.1321472463
-24.4361908269
-25.3096248007
-18.5491813920
-21.8554629909
-21.6290644655
-25.3137881915
-27.8395981050
-30.3087282271
-28.9341045289
-29.5630998234
-28.9558898218
-21.9761249227
-23.2608748962
-15.7313417492
-18.5709019696
-23.7769966271
-22.0910518225
-17.2923658149
-20.2339807111
-21.0965454634
-24.3192715936
-24.5271122280
-26.4132478067
-25.4953655537
-24.5487188707
-25.7105697743
-21.9266057011
-23.6883304241
-18.2644513565
-19.7769321834
-23.8170200573
-23.7777177193
-22.1566122565
-22.7295093945
-20.0153691007
-21.3299606660
-24.4183216724
-25.0731919619
-22.8885311876
-24.0910425313
-26.6256207612
-20.8802149065
-23.6783388056
-18.5798346210
-20.0885740741
-24.7840539086
-23.1777559883
-22.4302243587
-23.1145387569
-19.9996424656
-22.1367235289
-26.7499528048
-25.4157303845
