-33.9324668111
-30.7448780934
-33.4159516918
-27.9961174283
-26.8755898026
-27.4419388203
-31.1278062192
-26.5142682327
-29.1991217896
-29.8133756306
-28.4653945010
-27.5160668177
-28.5354950362
-28.6183226456
-30.8161851730
-32.5837984217
-31.3747070630
-32.8833371057
-28.1270026668
-27.8491922845
-29.3294374063
-33.2459453810
-28.4234149507
-30.8202333386
-31.2669301828
-27.6211367142
-26.7832223781
-28.0788557229
-30.0359835683
-31.5794186162
-34.9639499884
-35.6836114628
-38.9191575580
-36.0730357631
-37.4942965715
-37.8451253870
-39.2171983362
-38.2554895882
-41.0695895934
-36.1659391173
-34.7109361652
-34.3969939519
-37.3441311211
-38.5689462780
-38.0964329236
-40.2674994051
-39.1001846336
-38.0112038845
-32.9151865051
-32.5299268400
-35.0919547390
-38.8167144185
-39.3915427524
-38.1922348449
-39.0423321987
-35.9717318551
-34.3730415275
-35.7991933599
-39.0829705273
-37.5608874738
-33.0859967434
-30.1703745399
-30.3206280621
-29.1800163061
-27.2002551510
-27.9453101153
-31.0681439506
-27.6015418496
-29.4891478842
-31.2514495418
-25.7143939887
-25.0109987532
-28.5568893566
-31.3279103704
-31.0184007899
-30.8463089019
-29.0725333076
-30.7726948609
-29.9441767201
-29.0568830619
-29.2716212044
-31.2028740916
-27.9765873076
-29.6731603364
-31.2837908833
-27.4672169126
-27.0386688044
-29.7364953612
-32.2949219556
-32.7976057487
-31.4941921522
-29.4157189811
-31.5305143520
-30.3828147789
-30.7734444164
-30.8332050871
-33.8365781354
-28.8110463539
-31.2260795358
-30.1810043811
-29.2664143855
-25.7762506085
-28.6267995873
-30.5365753457
-31.1114944578
-30.6064247277
-31.1322583133
-31.6849843373
-28.7597626270
-27.6187702101
-29.1193908353
-30.6400567634
-25.7612321080
-27.8030739375
-29.2343371265
-26.5612565359
-26.1555552727
-29.4683503607
-29.8466568575
-29.8344540855
-30.1839715766
-31.0104313183
-30.6355995131
-28.4854644633
-27.5507526617
-27.1391597477
-28.1797039722
-26.1437162823
-29.5986232458
-29.3198587682
-26.5390738070
-27.5415080274
-30.6974379952
-28.8531216992
-29.3257504336
-30.8096501113
-31.6849830361
-32.1698792194
-28.3410042047
-28.5263682067
-26.6549612640
-29.3524900923
-28.1987615704
-30.9851260395
-30.2472716419
-27.6297703133
-28.6164933990
-31.5508341706
-29.5257820805
-29.1038830037
-31.7400016435
-31.4287741452
-33.8013291525
-28.0546741468
-28.5281883937
-28.3364822204
-31.7389219512
-28.6635813695
-31.1809179121
-29.7998019098
-29.1849939929
-28.9279889052
-30.3702689589
-30.9896389743
-33.1075114602
-35.2140872414
-31.4487444088
-33.8619934255
-27.9606742561
-27.1979274830
-28.4696912315
-31.9277580071
-28.6867958852
-30.7911155187
-29.7295175451
-30.7252832427
-28.1900904338
-29.4322197705
-30.5297968912
-32.5222965418
-35.1827207263
-32.6159222675
-35.1691172001
-29.9575225967
-28.1495142267
-28.5073584950
-32.0024413593
-28.8098501576
-30.7486453341
-31.2059525917
-29.3197202528
-28.8404075712
-30.4177763773
-32.5615147249
-33.1366305695
-33.5782202441
-32.7393079296
-30.8393440221
-28.1003652663
-27.3079155139
-27.5792697949
-30.4729037130
-27.4711446817
-30.1996489999
-29.1481798306
-28.6667802945
-26.7438889720
-28.9573268070
-28.5770538297
-31.4003955156
-36.1088906015
-30.1236632789
-28.2208627442
-28.5341965567
-32.0079148681
-37.2437437597
-36.8667060819
-32.7631684373
-29.5930798387
-28.9090115645
-30.4692620582
-32.5724034861
-33.1318276561
-34.9413439288
-37.1471793362
-32.4018534639
-28.2973740675
-27.3556404279
-27.6104175344
-30.4824486947
-35.5677045977
-37.2728460613
-30.5039569285
-28.4313611288
-26.7055122629
-28.9540036044
-28.5686791530
-31.3804563047
-35.0810090147
-35.1527795470
