-35.4475282087
-31.3299001487
-32.4909895783
-32.0699799208
-33.4013021665
-37.8241168391
-37.1590985947
-37.1272595581
-34.8056053293
-36.5037793557
-37.3387948438
-33.4512861230
-34.6747732026
-29.6885400126
-30.0438533640
-32.4696871719
-29.6076258075
-31.2168064215
-32.0409617816
-32.6540258346
-34.8933096282
-33.4732021679
-35.2540019070
-33.2326551841
-35.2477529371
-35.4686312729
-30.3972002242
-31.9442238468
-28.7579748092
-30.2662981663
-32.9920085246
-30.0539718431
-31.6392595580
-34.2835196309
-35.9844537483
-38.3075707623
-34.6643375448
-34.7339500114
-33.8130956543
-35.8451369011
-35.1251207285
-31.8220162468
-33.8010469395
-32.0119410434
-32.4002818387
-33.9858205793
-30.1090707143
-31.3894718113
-32.5539193999
-33.9005203239
-37.2778379835
-34.6952690815
-34.7142373523
-33.4451394302
-35.6795153829
-34.8959454028
-31.9873633378
-33.4316731479
-29.7672909706
-30.4024484784
-33.7961456413
-30.6857323478
-32.6010293642
-33.5288926592
-34.4229257974
-37.0972575359
-34.9438308314
-34.1960470583
-32.1326042116
-34.1530046625
-35.1651790951
-32.8740652859
-34.2536781316
-29.5680774984
-30.6526958110
-34.8403934280
-33.0492072001
-34.4389812409
-32.8423790001
-33.8972786783
-37.3014913583
-34.0788883465
-35.2147902033
-32.4340951200
-34.0389697883
-35.0781441022
-33.1384598329
-34.1861318278
-29.7136666320
-31.0568448032
-32.2970192042
-30.3121394640
-32.6061429813
-32.9143968106
-34.6041496672
-37.9444757623
-34.0799097688
-34.4940451548
-33.3094008200
-34.9038708500
-35.0923029841
-34.6303041894
-35.5000418056
-30.9853823663
-32.6385335132
-36.1503846733
-32.2909061637
-33.7371940863
-34.2447480822
-35.0974567275
-37.9613377410
-35.5061703702
-36.1896015532
-34.0746990696
-35.1423892094
-36.9057637317
-34.1469835545
-35.5594749313
-33.5422061727
-31.6452780970
-31.3701035201
-31.5734104579
-34.2424229968
-35.5543677983
-35.1251453280
-37.6206079892
-34.4070347506
-35.4276420907
-35.6891419302
-36.7351023896
-36.6398856238
-34.2179876998
-36.1275624164
-34.7195645749
-35.3623134234
-33.9389216219
-29.5237262826
-30.7235963955
-29.3682128545
-31.4459053927
-32.7224537562
-32.9027843769
-36.3392672981
-35.8501689641
-37.2932344876
-38.5452786745
-34.5642401783
-35.7300715445
-33.7510901741
-34.7116313510
-35.2112249184
-29.3057801444
-30.7040921600
-28.9408311940
-31.2225763832
-36.3181021152
-35.4718211285
-36.7061166166
-36.7220969840
-37.2261853138
-39.0900027143
-35.0349774297
-36.6015542286
-30.6645309073
-30.5791296783
-32.1130145445
-31.3012470865
-33.3623053563
-29.4265922020
-30.4153762076
-35.3127890396
-36.0966619589
-37.4594670469
-35.0836797454
-35.8835472667
-39.3265804433
-37.4267722877
-34.3811585769
-30.2360916007
-30.9781870672
-31.0426289641
-31.9994353488
-33.9943285967
-34.9621660535
-35.3726506927
-37.5196160815
-36.8511943572
-35.4415601909
-34.1798259004
-35.8804661487
-38.0159317114
-37.9911572275
-37.9238245347
-30.6914285182
-30.9230985546
-33.8174597013
-28.8402910561
-30.3977128745
-30.5760861067
-31.9810418721
-36.2657671975
-35.1365247363
-36.6690552195
-35.8698945661
-37.4187419723
-32.9504794954
-30.9767267763
-32.7542177090
-31.4064878518
-30.6967285669
-32.7701670058
-31.1997994524
-32.5361615604
-32.7267491907
-33.6152454105
-36.2601253994
-34.9365436098
-36.1738567998
-35.3267744571
-35.8472807462
-36.5249328943
-32.0844443219
-33.2701515647
-33.9609774812
-35.2558078594
-33.4488613634
-29.5156131144
-31.4900468875
-32.3147084239
-32.7925400408
-35.9567444311
-35.4974422752
-36.4687375184
-36.1673722263
-34.0553074682
-35.1979567073
-31.7227422223
-32.7262028697
-29.2285192598
-30.4395318868
