-17.6791740071
-18.6187382368
-19.7118235540
-19.0114743277
-17.3116370313
-18.4591791694
-20.0495151104
-20.1916425675
-21.9064502896
-23.2098669065
-21.4639529366
-21.1398778564
-20.0987417563
-19.1062794797
-19.0451957155
-17.7057958772
-16.4703966042
-17.5474563114
-16.0375347706
-14.9544500026
-16.6288449281
-19.1970002084
-17.2535191563
-18.1693264434
-19.6212594707
-17.6522996840
-15.6649903100
-15.7198807787
-16.3946723554
-16.9177034258
-17.2788736355
-18.3681257286
-18.8569628530
-18.9221504571
-17.7659009477
-19.4890951427
-22.1651435809
-20.8742895887
-21.7535713036
-22.8174661711
-18.4262254675
-17.3704837543
-19.0739899049
-20.6554294168
-17.7836833832
-17.1123936982
-16.9512073251
-18.5201541885
-18.4324679691
-18.0583635618
-19.1524250129
-21.1892753821
-20.3586014828
-20.8701132519
-19.8074779495
-16.7554231242
-16.9917563631
-19.2810227507
-17.2167671413
-17.1965690054
-17.8557970302
-17.2441903704
-18.5850945267
-19.6513806115
-18.0353030920
-19.2293415658
-21.3154820135
-20.8503319595
-18.7805485959
-18.2757673445
-17.4722667312
-17.9242262820
-17.3528696106
-17.3220856389
-17.0352117479
-17.2040128795
-16.5678220075
-18.4756359487
-19.3605349534
-18.8559090619
-20.3436761974
-21.7695439130
-17.7096848191
-17.4784975746
-19.1341661654
-18.8652624439
-16.3110045232
-17.4633975160
-17.2906724975
-17.1791749434
-17.8670508710
-19.1845527629
-20.8376411450
-21.3011263473
-20.4404426440
-21.2231158715
-20.8521689930
-17.8510277708
-18.7774519428
-21.1887238909
-16.4456687002
-16.6050284215
-18.9198719844
-18.5557889727
-17.9816800281
-19.3671852421
-19.4060564937
-20.6556948042
-21.3448199294
-19.8455776236
-19.1127083979
-19.6456171119
-18.7591348425
-19.8247697403
-18.9341965830
-17.7233297674
-17.5800125738
-18.7615997361
-18.3631674634
-17.9048722138
-19.1303989196
-21.4237482611
-23.0509163162
-22.4087199833
-19.1252050372
-19.3523350422
-22.0479084355
-21.9856388381
-20.9247253757
-21.9216836867
-19.5970209262
-19.2916176477
-20.3278848338
-20.2641044481
-20.1637558823
-20.0326751314
-21.4273433284
-22.9308926368
-19.5950415013
-17.5811984139
-18.5956259889
-21.2622809855
-17.8754358988
-18.8844184350
-20.4083886852
-18.6437548240
-17.9257979097
-19.6134557008
-19.5881439496
-19.8463466112
-21.2136136060
-21.5845164623
-21.3433130299
-20.5034501591
-19.7856188616
-21.4442363870
-21.5292363317
-20.2902434405
-21.1877930806
-22.3688480244
-19.9791167983
-19.6719231088
-21.2658605200
-22.7235374673
-21.7108240673
-22.3942024949
-21.0383563948
-20.7394299442
-21.0297655225
-20.8931672466
-19.7440898260
-21.2103383006
-20.4081880228
-21.0025442530
-21.7680875029
-20.0862438202
-19.8895120065
-21.9705336060
-22.7726463028
-22.2544299032
-20.2943977589
-18.5041013195
-20.4205215437
-21.9210286291
-17.4281472192
-18.3850446752
-20.9250567906
-20.6160403151
-19.9317569440
-21.1387696880
-19.1859405579
-20.0736578499
-21.2616246351
-22.1655772689
-21.8135559621
-18.6801339892
-17.8572547337
-19.1842317049
-16.2806102182
-15.6200733354
-16.7967359704
-18.1962706750
-16.4414625939
-17.4103725477
-18.6727911074
-18.7304131497
-17.6055651205
-19.2834915222
-18.9052457471
-18.0983442724
-17.2456040576
-18.0280987184
-16.5094801692
-16.4371205525
-15.7014821152
-16.6111815930
-17.4088876606
-16.4727113242
-17.6389486180
-19.4842352682
-17.6953692863
-17.6382935612
-19.7431771391
-20.0754612086
-17.6118503348
-18.3922050354
-17.3880707091
-18.5941449792
-18.5130520895
-17.6280054812
-18.3507743868
-20.0059781702
-18.6187252933
-20.1966318971
-21.9891510535
-20.5598125648
-20.3802728610
-21.3538936839
-18.9938071061
-17.8502665557
