-31.9023375231
-33.0286465924
-35.4705110041
-30.1110527228
-29.5329139630
-26.8623850188
-27.6116020867
-31.4099301400
-33.1723546725
-28.3946647899
-29.3576231381
-30.0406829251
-33.3652414689
-35.2047869429
-33.8745845911
-31.0780889628
-33.4233515464
-33.9537899397
-29.7781913836
-28.9174535653
-26.3935183135
-27.3884711215
-31.5994821123
-32.2496503064
-28.0522299680
-28.9881871475
-29.7460481162
-32.4819145223
-34.3467200082
-31.5248246484
-32.7998169012
-31.7849846193
-34.5553761431
-30.9617937183
-30.8683841788
-27.3638765800
-28.3390183073
-32.2659763166
-33.4129728596
-28.6421909283
-29.7283317056
-29.4842284691
-32.2342460175
-33.2616810950
-31.5131228851
-30.6409461520
-32.9937108997
-36.8613400119
-32.3175564979
-31.3484256779
-26.1747293763
-27.0067028774
-31.8692595512
-33.0413270606
-28.0353485635
-28.6783810750
-29.6127161217
-32.1009282735
-35.8277726317
-34.7842822033
-34.5029609587
-36.7014224523
-38.5550903376
-34.5982334107
-33.4794576067
-27.9931864878
-29.2685556222
-33.6691053414
-34.6514149927
-28.9394446884
-29.5302924223
-29.3280651580
-31.9257747046
-33.7642405802
-34.9808702239
-33.6370229313
-33.7922411734
-36.3155323587
-35.1936030121
-33.4339826925
-29.4879206240
-30.1805901125
-34.7022533626
-34.5428160796
-30.1063119492
-30.3727338493
-30.0668452107
-32.6113718092
-35.0936622995
-34.2730503116
-35.0475815189
-33.2774413805
-36.1480919459
-35.1483041637
-33.5399005203
-28.8260337863
-30.0475442254
-34.2446134288
-33.9342546338
-27.5724240290
-28.4450345431
-29.2175256424
-32.2469886260
-33.7034403596
-34.2859016651
-33.6624524795
-32.2252667828
-34.7184589855
-35.5833134347
-33.8954416648
-28.5684901437
-29.3498504429
-33.8319797622
-32.7266041925
-27.5834448375
-27.9812167496
-29.2696055400
-31.9601045259
-34.0227861807
-34.7558751122
-35.7593123550
-34.9861443663
-36.9932259268
-30.5166969625
-27.2744698843
-27.1517314767
-28.4550507573
-30.6477466085
-33.4261582119
-26.4661601164
-27.6232442923
-29.5332401983
-32.6020507941
-33.7412137798
-31.9892573138
-31.5693855878
-33.3000060090
-33.5331984516
-27.3314316576
-25.5042399491
-26.5383695522
-29.0549825997
-31.9883213290
-32.3197560116
-25.6971345566
-26.4394139754
-29.1240694829
-32.2815398309
-33.9803315339
-33.7547849185
-34.0671671632
-33.3604126756
-33.0905290901
-29.6321336150
-28.7402700589
-25.5461547597
-27.4500131493
-30.8115958737
-32.6392235386
-26.2861971192
-27.0729520258
-29.5669305022
-32.9829075730
-34.5564804373
-35.5082442940
-32.6135635561
-33.7443984637
-35.3784491411
-29.0067955205
-29.7652532916
-25.9058516157
-27.3097162707
-31.6700564646
-34.0127168894
-27.1911218309
-27.8639816261
-30.5927474280
-32.8572550855
-31.8872310068
-33.0641544885
-33.1728259067
-36.0053146972
-35.0991901790
-31.7979330685
-33.0547234352
-27.4971179570
-28.8893882244
-32.9189006713
-36.0981986267
-27.4786260824
-28.2074184608
-30.0826093846
-31.8763966194
-32.3788059571
-34.6462068715
-33.7787710079
-36.7671123132
-37.2748979837
-32.5078502574
-32.8060723423
-26.7751376769
-27.4023879169
-31.8909425796
-34.4000180976
-27.1093260002
-27.1089169237
-26.7186536059
-29.0004481626
-33.0825039496
-31.7161048869
-31.6448948963
-31.6874492267
-35.3333030388
-32.5262294927
-32.9112289565
-27.0096208733
-28.5367171129
-32.6675102351
-35.0392197875
-29.0835942433
-25.6138797381
-26.4386825406
-30.6115098473
-32.2774722519
-32.8838665950
-30.1361003782
-30.6798652890
-33.5861923080
-32.8764783848
-32.6092137443
-27.4714709120
-28.5934639958
-32.4630627722
-32.8123161309
-31.1332926872
-31.0502709035
-32.0188243638
-31.5878127261
-33.6273549625
-33.7196951765
