-32.1346600156
-30.9810934138
-34.6569868794
-29.9461794426
-30.9111870700
-26.4955070973
-28.6223047863
-33.6316943986
-35.1179953223
-25.8864328252
-27.3669732305
-28.7316183402
-32.0780892001
-32.8801550182
-31.3430868064
-31.7126975328
-33.6467659847
-36.3576322863
-30.9446262167
-30.3570538257
-28.1796055814
-30.7536489053
-35.9160944329
-34.5388507630
-26.5762672561
-28.5370601844
-31.1749964849
-35.1086186350
-34.5242853853
-32.1734768776
-32.2807695566
-29.3545536770
-32.6696242827
-29.7386806238
-31.1792336607
-25.5296423101
-28.2985107052
-33.9227457558
-33.6784069465
-26.7495916173
-28.8485285057
-31.5130322677
-35.9348452110
-31.0351449561
-32.2191304430
-33.6876943057
-31.5431754025
-34.2897931801
-33.7931331382
-30.6686451109
-25.5089949556
-28.2879417031
-34.0636238682
-35.6202945675
-27.1687436222
-29.5677331334
-31.4253667998
-34.8243017253
-32.9239676799
-31.9791711963
-34.0562745119
-34.5532193760
-37.8866414406
-33.6300088623
-33.5040935710
-27.4764421279
-29.9296488695
-35.0018593261
-38.3432534174
-29.7674437287
-31.3303933876
-30.4066131639
-34.1514576311
-33.7904637059
-36.4623228360
-34.5791149703
-34.1551394462
-37.2226122501
-31.4698875992
-32.0920254234
-26.5066314755
-28.7087028629
-34.3829878113
-36.6450432452
-29.1322059469
-30.4622389257
-30.3755275657
-33.7011968290
-33.4494866513
-33.7595955998
-33.1721889694
-32.1772117594
-34.5096837515
-32.4461865557
-34.1607152232
-29.0785984410
-31.2655682896
-36.3293779442
-37.0752664084
-27.4284634711
-29.1439426640
-29.7156991385
-33.3870604190
-31.7906885640
-32.3371034633
-33.1570021827
-33.1961439868
-36.5720286121
-34.3343515334
-34.1453497884
-30.0953273927
-32.7606492022
-38.0020394960
-35.5091569791
-28.9977140038
-30.0278962966
-31.9436555303
-35.5243968267
-35.2644880563
-33.8611416167
-34.1127469380
-35.4972157226
-38.2396658626
-34.1794828329
-33.6781454499
-29.5375058572
-32.3283378122
-36.5432137273
-40.1914425118
-27.2474182015
-28.8690515783
-30.5149143349
-34.0986657224
-32.5705988372
-32.5437568980
-34.4220635967
-33.9917937989
-36.8673870244
-33.9415457420
-33.2129891365
-29.3357446396
-31.6755092528
-36.2316639316
-39.4199576041
-27.7843348060
-29.2349598245
-30.6467640252
-32.0841090306
-32.6701693184
-33.5546108959
-32.6776843856
-32.6428095436
-36.2733936018
-33.8339604903
-34.9768725443
-26.2965123832
-28.7433835231
-34.1637704338
-38.9242892887
-27.7113771171
-29.7544473798
-31.7823242459
-34.6692867433
-34.8032621310
-36.0241547991
-36.1614727889
-37.1714670663
-39.5093008335
-33.4832300204
-33.0882855734
-26.7700849155
-29.2521985241
-34.8012140808
-35.8796311416
-26.6281050710
-29.0737553869
-31.9046198861
-35.1189973328
-34.2472686386
-32.3652516397
-33.6113422333
-35.9008040938
-37.4784366042
-32.8274135877
-34.7510527807
-26.7848224816
-29.6150075249
-34.7962635887
-37.8921848597
-27.8191358701
-30.1469114543
-30.9913309992
-34.7819389944
-34.7080104002
-35.7155929011
-33.3628555617
-34.9896216240
-36.8466542414
-36.2626718508
-35.9565204738
-27.5354234648
-29.8045569104
-35.0276125288
-37.4725734249
-28.9617374568
-30.3602527441
-31.2606592298
-34.5627526918
-36.0602918706
-35.4954045947
-37.1285839083
-32.7137308312
-34.6888116893
-26.7359945794
-29.5488024003
-35.1115832345
-38.1903266182
-27.7425067352
-30.1048400018
-30.9571293353
-34.7639377795
-34.7366336901
-35.7216761589
-35.7668507303
-35.7109064995
-36.7472443011
-36.1426896540
-35.9190629327
-27.5151256504
-29.7593603265
-35.5895662726
-37.9342666501
-28.9141899033
-30.3382667919
-31.2286738971
-34.5554033288
-36.0786516841
-35.4602216402
-36.8562419465
-33.7953701867
