-26.7860122112
-28.4279757881
-29.3458462973
-31.2682467878
-23.8558421126
-27.1126181408
-26.4386268761
-27.4330087730
-31.0492766586
-32.3910048386
-29.4242049929
-30.5031323101
-33.7739072481
-32.1302869071
-36.1569896378
-31.6428157907
-31.9801020062
-32.9405422585
-32.2063515818
-22.9485598545
-24.6920217902
-29.4014616953
-30.3910910792
-33.5300396563
-34.6185402839
-29.4903220860
-30.8641081632
-34.4147750796
-33.7045381674
-26.1078549512
-27.0474357416
-29.3517133519
-26.6811390901
-28.3328547865
-26.9574257606
-29.0959847323
-32.6332231319
-29.3106490928
-32.5642903196
-31.6564024732
-27.6723699588
-29.7624764098
-34.2340780972
-28.9787560947
-29.0370008102
-25.0470180220
-25.4721122033
-27.9935955842
-26.4178280564
-27.9771452806
-30.3513926027
-34.0350989799
-31.5124212227
-33.5883465063
-33.4495902183
-27.6931610091
-29.1543097152
-27.5146376013
-29.4880073637
-28.8817126339
-26.8279296176
-24.6002770599
-26.6888108072
-30.5121374412
-28.5243266433
-30.6995404035
-34.9964518478
-29.8442113874
-32.2618815513
-33.5889174130
-27.0672403164
-28.2591177536
-32.7598103154
-33.4397448733
-28.3996787268
-28.2305462495
-28.9824391919
-31.7523947140
-33.1749723279
-28.1890741841
-31.2195949614
-33.9685352680
-28.4446811249
-30.6038446150
-31.7810788557
-24.6494635624
-28.5444639162
-30.2292807876
-32.9481867879
-27.8358205040
-25.1459334646
-27.6502040543
-32.1141757807
-33.1201518008
-28.8431145550
-31.0579296711
-33.2789676982
-28.4428648211
-29.9113304897
-28.3805369823
-23.2223907326
-26.8463671015
-29.6531926458
-23.9652644200
-24.5878205526
-28.6757660076
-32.3977496286
-37.0770399833
-32.7103273682
-29.3098775212
-32.2899287520
-34.6133179245
-30.2945292109
-24.3751355793
-23.4252096706
-24.8832632349
-23.8917539374
-23.0945024462
-24.5003375998
-22.3064774495
-26.6778767226
-30.7337355954
-35.6814041812
-29.1005740369
-24.9058874210
-28.5264044458
-34.1133838648
-29.8932982007
-33.1870469246
-32.6508566892
-30.7136941142
-31.8159122761
-33.6031229106
-31.9638679014
-32.6644718482
-33.1124891475
-37.5827348865
-38.0018168392
-32.9127034855
-26.9189195950
-29.6276090361
-32.5686207129
-31.2111892194
-33.6383550575
-32.5591676495
-27.9968100411
-30.0463648591
-33.4063277469
-35.7882321053
-37.7978276989
-38.8432391832
-35.4356970128
-36.5278521811
-37.2919269593
-27.1344293308
-29.1805276654
-33.3976177745
-29.8160476710
-32.9481350053
-32.4038031143
-28.5777127812
-29.8810086986
-34.1944275261
-35.8816325780
-37.6029459636
-37.7905547199
-34.4334909079
-35.1464593855
-36.8011508555
-30.1886411477
-32.7297655724
-35.9446840714
-31.3594128260
-33.7442845351
-34.4929874796
-29.1359317728
-30.4228291474
-34.9692474240
-38.5127832830
-38.0911471281
-34.1692271287
-34.4030228344
-34.7901945834
-33.4338558250
-30.1819817974
-31.3996472628
-34.3940138122
-30.1164291451
-32.9755051399
-34.6114576087
-30.1795596265
-30.6796853443
-35.0083465045
-37.6729972851
-40.7170610354
-35.7243481857
-31.2963069451
-32.9652805008
-33.0705614002
-28.5044210906
-30.9744418298
-33.4966898295
-29.0804807728
-31.8003785369
-34.2486124171
-30.0200355736
-29.7132614352
-32.4817980219
-36.2487136273
-34.1308685545
-36.7093194242
-32.7520699962
-35.4719324620
-33.9290167450
-28.8162117637
-30.4616589494
-33.1735664079
-29.3911878721
-32.1908799932
-33.7801445658
-28.7381482295
-31.7532776187
-34.8337962268
-33.3417123863
-33.5118326036
-35.7971025956
-35.0930486640
-37.7003881216
-32.9591312185
-26.5001494873
-29.4533551788
-31.6114842267
-29.1151225994
-32.6774901890
-31.3228990336
-26.4423125611
-30.5190246331
-30.5283896814
-29.2833928813
-32.2495130765
