-33.8618005579
-32.3230106016
-34.5935547744
-34.5140400304
-35.1918100148
-37.7281971198
-34.0253339202
-30.6751996006
-29.5410582023
-31.9497297206
-34.6723342033
-34.2699679058
-36.4493912252
-28.6181271562
-28.6281524380
-31.2770862276
-30.3090428128
-32.7738280830
-35.0335805771
-35.4048470372
-37.3036455485
-33.2063686187
-31.0928588933
-30.1103458851
-32.0836442693
-34.2859301444
-31.9480998427
-33.9583468711
-29.1998985530
-30.2033735301
-31.3046143019
-30.5399270287
-33.7456192452
-36.0091919863
-38.0522241189
-37.6401445878
-32.6823073482
-31.1886517740
-31.1831899165
-33.4055471081
-35.3648559852
-33.2626520316
-35.6290705527
-32.5386031491
-32.2792626641
-32.7936054831
-31.2462207121
-33.8942441589
-36.3789890779
-36.9152284468
-35.8186458009
-32.6527390100
-30.9904014851
-30.3412922419
-32.2855698786
-34.9617478937
-32.1341952584
-33.9052468474
-31.0085528687
-30.4800019406
-32.1782280064
-32.2093343161
-34.7808153000
-35.6573598532
-35.8323334603
-36.1037096798
-31.9215543555
-30.0749532027
-30.0405249839
-32.7402633610
-36.7425138927
-35.2384487547
-36.5774542205
-33.0071784708
-32.2477524405
-32.1647047637
-29.9905125411
-32.2730343995
-34.0603667098
-35.3338532492
-35.4332864876
-32.0227262412
-30.9629018934
-30.0931990955
-32.7418893606
-36.5048991747
-34.9031135233
-36.9033622630
-32.7438234738
-32.3839299255
-32.6879491586
-30.0731847970
-32.5710545240
-35.3132641637
-36.5175356290
-36.6875056577
-31.3451943852
-30.1802315174
-30.7890092357
-33.4655874058
-35.9707673892
-35.3222330531
-37.8557280338
-33.6099466654
-32.4933211304
-32.3450146766
-30.6063444627
-33.2726242149
-35.5726512303
-37.8330313590
-38.1032087805
-32.2725735321
-30.7696577657
-31.0447948067
-34.2034999835
-38.0123508820
-37.1155060161
-38.0325192336
-31.3298250579
-30.4736960154
-32.2555523243
-30.4510226359
-32.8466446504
-35.8671927699
-35.0594243921
-34.9949592027
-36.3737343519
-35.0778062093
-34.4623718203
-36.0092178717
-39.4109744734
-37.8621414156
-39.6595517152
-36.6859560327
-36.5694174399
-37.4075243869
-33.0660976575
-34.3459069978
-34.8242059388
-34.3347632150
-36.2610095976
-34.9577994121
-34.7721907718
-34.7281010659
-36.1663637363
-38.9069146614
-37.1934452443
-38.4781298138
-35.2188862711
-36.3881754459
-38.8109211348
-32.8689633144
-33.9927025896
-34.9289871157
-33.8927308022
-35.4845935064
-33.9785178135
-34.0060808341
-34.2343913853
-36.0905540921
-39.9317163007
-36.6314254994
-37.6108532941
-34.7173378837
-35.4336334359
-37.5001830465
-30.3668887818
-30.9425380525
-33.5147001150
-36.2339579389
-38.3306389815
-35.1300932248
-34.5753761965
-33.7312130971
-35.5147832371
-39.2436570595
-39.4457586970
-39.6226858122
-32.6186823347
-33.1376118693
-33.2815439195
-29.3842864308
-30.8506095100
-34.0046917558
-36.7250822996
-38.5678989674
-34.7254937672
-32.4679006408
-33.3335590793
-35.7588268770
-39.3429776673
-34.5313046228
-35.7388591922
-31.9817629525
-33.5238554122
-34.4307839307
-34.2365132195
-36.2822731669
-34.0395536493
-35.1470833716
-37.9913643589
-34.4895632975
-34.4375338958
-33.9234616760
-35.8312744858
-34.0209375091
-31.5280559377
-33.9725057541
-31.2052703667
-30.8684540848
-31.9748136195
-30.6472028866
-33.1164622228
-34.3405047027
-35.3013384375
-36.9805972517
-34.3796400261
-33.5841572263
-33.4578936892
-33.0567662937
-35.2889233565
-33.0603471134
-33.7739952815
-30.7997672388
-31.6165551151
-33.1544466703
-31.3934707867
-33.5582383138
-34.9973826650
-35.6903640204
-36.4839320717
-34.9264510220
-34.0621053369
-33.4896796510
-35.0694198850
-36.4409828982
-34.6219644642
-35.0694988571
-33.8504431575
-32.5538443077
