-28.2785028877
-31.2343752422
-36.0377673609
-34.9801918517
-35.8888964765
-36.5911871506
-38.9251475820
-39.2712394909
-38.5785067926
-39.0351006372
-36.5307248598
-32.4842137021
-32.5588802314
-33.7799399978
-32.7319805958
-28.1454375717
-29.6751798856
-28.9415950013
-25.2162722106
-26.7404492538
-29.1353129622
-28.6254998337
-27.5405111870
-29.8396155857
-29.1819866680
-26.4859427025
-23.3299410689
-23.4074013431
-25.6440241757
-27.4489140463
-29.5410556058
-32.2363419616
-33.2717529755
-30.9741168919
-31.4039181028
-33.4976258223
-36.7063845994
-38.9834104315
-39.1592047890
-36.3354909999
-35.3817516295
-31.6578239242
-32.0965901343
-32.6705512123
-30.1235700778
-30.0725970532
-31.1654760986
-29.1527808083
-26.2446603356
-26.5327743467
-26.9011345733
-29.1106303797
-28.4639575048
-26.6797940141
-27.3563369160
-26.3092524159
-22.2972496350
-23.6615053022
-26.8742654364
-24.8119755517
-26.7834864690
-30.2333885077
-33.5966046646
-27.5480896919
-28.4493921192
-31.9164355646
-31.6463733127
-29.5051437973
-29.5984769696
-29.0218929931
-28.7937157453
-28.9558108461
-27.5187582649
-28.3778287057
-30.9840230603
-31.8881643977
-36.4118327022
-31.6659513270
-26.4895481179
-28.4180799626
-30.8286973554
-29.8808132167
-30.0064009903
-30.2872484572
-29.7096391826
-30.4052007574
-24.8635686853
-25.2550114059
-28.4717405575
-31.0754014020
-30.8256757928
-31.7549877709
-29.1833395081
-26.7732618359
-27.7342330456
-27.8367940352
-27.9977680347
-27.0116689112
-26.4915379005
-28.2492063988
-28.9227950245
-25.1086506761
-26.1648737027
-29.6830677996
-33.7158567261
-32.3694668118
-31.3744313181
-32.7411631051
-27.1898855042
-26.3074749465
-27.4387424921
-29.2251908807
-29.7972049631
-27.9492728398
-27.4420165032
-27.2303245021
-26.3474336427
-28.4711735231
-32.9618019419
-32.8203684539
-29.7424141340
-29.8665014595
-28.5302776973
-27.6960191768
-30.7120275765
-30.7401346598
-24.8678782914
-26.5083518780
-31.0099055542
-34.3665579886
-36.2220137549
-34.3666989178
-35.5297584799
-38.7068695728
-40.0053751628
-36.5169555973
-29.6911524878
-26.3758731099
-23.8216456207
-25.0531116373
-27.2706482630
-29.0227746025
-29.1331820716
-29.9233843756
-30.2252041381
-31.0493556320
-28.7507251320
-28.4628907731
-31.1281104640
-29.7949925266
-31.9706903629
-36.0346033967
-39.1117698793
-33.7943914718
-29.4043745244
-31.7158990346
-37.1103147158
-41.6184355444
-45.3569856150
-47.0068179323
-49.4788346613
-45.1720346936
-46.6235042087
-38.1071559605
-36.0071594870
-27.9753263813
-27.7674870767
-28.4973409991
-25.4643511502
-26.6559619759
-29.6187916121
-31.1010859902
-29.9040691547
-30.0143368028
-31.8633161239
-31.7475477853
-28.9013074870
-25.1854934250
-25.3013433514
-28.5143401993
-31.0098267253
-31.1246098967
-24.5703966634
-26.5534255218
-31.1730363974
-34.0310765528
-35.4986796800
-33.8073215008
-34.6792456300
-37.9144668702
-39.3781990988
-40.4829596900
-31.0950206989
-29.9830517347
-28.2636991643
-26.7747195101
-28.0230771837
-29.3240376979
-33.5067629966
-32.9560514003
-30.8574526970
-31.2155506810
-28.7204344095
-28.4054616445
-31.0750997623
-29.7503047151
-32.1834555398
-34.9174497664
-29.5347975790
-26.3210111412
-26.7329872649
-30.1802988221
-35.5995190473
-40.6743215824
-44.5909562233
-46.0093025089
-48.4678336255
-43.7447893894
-45.2279814901
-37.6273696085
-35.9345448837
-36.4260744526
-36.9831566490
-39.2349367373
-40.9040030595
-33.4031145754
-31.9257138663
-31.8061420382
-35.0785596505
-32.6272110754
-32.7105137908
-31.9549494963
-28.8415921205
-25.2217547822
-25.2700337862
-28.4673700312
-31.2380764757
-27.1390743073
-27.4729829989
-28.3156083138
