-26.9182994811
-25.1604160004
-24.2971510033
-21.2556514007
-20.4798977392
-22.8590223764
-20.1915933564
-22.3471093042
-26.2601202595
-28.3216993066
-32.0339826212
-29.4090142619
-30.9329386365
-35.3190949115
-30.8021517846
-27.6561591464
-27.8097087031
-29.1221107662
-21.5655740659
-21.7280614833
-24.3272423638
-24.8665928487
-27.6042527202
-28.7720922716
-23.6019582226
-25.4597696092
-24.6684564373
-26.5569468565
-30.8433455873
-23.8675581100
-24.1697870286
-26.1305296289
-27.6208156591
-21.2640053711
-21.3983135283
-22.2994530249
-23.7272003813
-27.1781798610
-26.4803953981
-24.3320802353
-27.2641662606
-25.5976520991
-27.4510695350
-23.4584572245
-24.9052944928
-24.1443069861
-26.6259832472
-27.5246201491
-20.1984831536
-22.0034238549
-23.4143480931
-25.1135092576
-29.0142005530
-27.0749055591
-24.3886329367
-27.2040275609
-25.8575946299
-21.0726901129
-22.4462500351
-25.6919588141
-25.5405492050
-27.4121775875
-28.1701227368
-26.1907447118
-28.9705988962
-25.4697133267
-24.4517064702
-27.3172572389
-26.7187196302
-23.2192241744
-25.6549880168
-19.9265552760
-21.6039650071
-25.3543424037
-25.8245218425
-23.4511311698
-25.0675203809
-28.5332100869
-28.2421211415
-30.3215187303
-24.4023827279
-24.1313714810
-27.4319692118
-26.6937833137
-23.8887712083
-19.6320343012
-18.2832047426
-20.8441930403
-25.4700486238
-24.4559138738
-24.5013978636
-26.7792415231
-28.4160759563
-30.2030667087
-33.7108194804
-24.5288767335
-23.5402077635
-26.8150212893
-24.9008204078
-22.0958159007
-22.5006446728
-20.3694682410
-21.8348350737
-24.7300567281
-23.8103840141
-25.2193934555
-28.1074764301
-28.9014589558
-27.3105849500
-29.8951429742
-25.3299536949
-24.5820078613
-28.0633698753
-21.8903313713
-22.4754571823
-24.8380368638
-22.5608468150
-23.8751676944
-27.5539891263
-26.9507741788
-26.5971877759
-25.4548398354
-27.7907080572
-24.2665495664
-24.1371064975
-24.4590830201
-22.2617559664
-24.8003799326
-25.0544709546
-22.4639612757
-25.0947468125
-25.2090328863
-26.8766604202
-29.8181410154
-28.6086546793
-26.7356256288
-27.7128814383
-30.2681960340
-25.4813904960
-26.3522236083
-22.8819559798
-23.9973610916
-27.7915482428
-25.9881225690
-22.9045620494
-25.5053209137
-26.4855439688
-26.3953902911
-28.3870383900
-28.3286046633
-23.3130726083
-25.2836916574
-28.2215048601
-28.0048287079
-29.1593844904
-28.8364668496
-27.4873774958
-29.5558850809
-28.9709924519
-24.3501021589
-25.8992194512
-29.0195264711
-28.3896702744
-25.3936266231
-25.0345278552
-27.1649711999
-31.0325493106
-33.1785570315
-23.8783225931
-25.4187273443
-22.7403023539
-22.9540747926
-26.5512933957
-25.6893851775
-22.2723469753
-24.6239291375
-25.7071093575
-27.2025478578
-27.0077579739
-23.7795534443
-24.5390250118
-24.4754698910
-22.2525061477
-24.8550114671
-25.0577812113
-22.4654746471
-25.0867669837
-25.2127133949
-26.8870507682
-29.7971661343
-28.5266258283
-30.7942626544
-29.1401042177
-26.0484010852
-28.0885819383
-29.8756025090
-23.3256520984
-24.1597410352
-28.6821198260
-26.3617012713
-22.9514972727
-25.5297834134
-26.5435375409
-26.3996701927
-28.3951567386
-28.3024553209
-30.6216982438
-27.8104802726
-28.0941538454
-30.4591047321
-31.1985967838
-29.2297685327
-27.5018652076
-30.4056176038
-29.4177061603
-24.4039724776
-25.9269922065
-29.0764532986
-28.3952810099
-25.3858047339
-25.0170884854
-27.6193191124
-23.4450310734
-25.3339889173
-28.2664645368
-30.9988693648
-23.4673173686
-23.1414570857
-27.0287975720
-26.1253862356
-22.3288181221
-24.6504021298
-25.7718529030
-27.2242153445
-27.0249448982
-23.7553912876
-26.0568081216
-29.0655140613
-32.1164801435
-33.7163266596
