-23.6884042213
-21.9088763498
-21.8322355488
-22.5179727091
-21.4755200671
-19.6168423429
-21.4089744463
-25.2326293023
-28.5904553896
-28.6260526229
-28.2941466697
-26.7976311243
-28.8785771462
-30.2059445842
-31.3256124877
-25.2988227862
-22.5740593619
-24.8098964455
-23.0305317610
-21.1439933457
-24.6125018278
-28.5857094317
-30.2791598851
-31.2659372523
-29.0255009952
-28.8908200417
-28.7320623654
-30.5929791418
-30.0245148265
-26.9754205090
-25.0399923035
-26.3214512982
-28.2816021318
-24.8505296200
-28.3659314472
-29.5984057715
-31.1105144583
-30.9111456473
-31.0886126558
-29.3138674353
-27.5788141134
-27.5490179214
-29.7882749187
-26.1233356143
-24.7509138094
-26.8138160270
-27.2153810910
-28.7539240548
-21.6407765904
-23.5356171557
-26.8323156715
-28.7260088992
-29.3352048010
-28.5180789745
-27.2203251193
-26.5759785743
-27.0674383910
-23.9762528689
-22.2904867202
-22.4535774012
-19.9304364679
-18.4468831906
-20.4866218321
-23.2718063818
-26.3361707420
-28.3300390655
-28.3330502732
-27.8835531866
-28.4638979629
-26.2865194855
-25.8287836233
-23.6680041315
-23.9540131748
-27.4088996876
-30.8822802608
-22.2205466898
-23.6043687446
-27.7670223102
-26.5816605109
-28.0054009134
-29.8254295368
-29.0188144690
-28.5838258174
-28.0743376208
-27.1950949321
-23.1372289656
-22.6025402611
-24.9307434733
-27.5532421522
-22.3716999948
-23.7753059070
-25.0847254335
-28.4852314374
-26.2440272842
-27.1717897923
-27.6473236061
-28.7514345686
-28.1465224395
-26.3301198486
-23.1123004151
-21.7334508480
-22.4010288501
-26.9017041761
-22.6443450358
-20.3993304662
-23.4549929125
-26.8493071141
-29.1679468841
-27.7686677391
-25.7160381180
-26.3698299835
-29.6529026550
-29.1253640701
-27.0599984060
-30.7755209371
-32.3083028002
-21.6141236449
-23.1538229729
-27.1757525138
-27.5879940123
-24.9766572648
-26.4030438807
-27.4279974310
-24.6281883361
-23.2593783553
-25.1826310961
-24.4830561678
-23.9111481324
-25.5909888684
-24.5553924641
-22.7250547238
-22.3180458718
-25.7655935704
-22.8888871983
-23.4125421452
-22.7896921201
-22.8268622801
-24.6581463549
-24.2609608513
-23.9028446561
-23.2624128661
-23.7989437573
-24.3245923503
-25.7729222307
-24.5226614420
-24.2307490944
-22.3252631901
-25.0285701652
-25.1893771872
-23.6419389346
-24.2154872175
-24.9415869299
-28.2604744823
-26.6251469513
-27.6723337114
-24.9752578181
-25.8939763878
-25.9817570929
-25.2406479747
-24.6311335219
-25.4113702253
-23.0688178538
-25.3665684793
-26.9683158220
-24.8919576741
-23.8084848598
-24.6776544750
-28.9153304314
-23.2834201129
-22.8316302408
-22.4528446652
-24.1634228443
-24.3370864014
-23.9498601431
-24.8744056758
-24.1753835276
-23.5446779688
-25.3581420194
-24.6869004088
-24.4178698722
-24.9130930876
-23.9727820859
-25.3166570100
-22.9221930173
-22.1800132021
-22.9126234391
-23.5846198373
-23.7587183759
-24.9151838457
-24.4423375510
-22.5212803775
-24.2735714089
-25.1222257091
-27.7608976319
-26.6311667765
-24.4722554355
-25.6832074155
-25.5075916315
-23.6122605439
-22.5338391576
-22.3964473099
-23.4713590791
-23.7927892967
-24.5411222416
-23.8342121707
-24.1235405275
-23.1389831332
-26.1095301424
-24.6566925338
-24.4148923224
-27.1494025133
-25.9051421926
-26.1587930344
-23.3352074475
-22.4750986024
-21.8735807509
-22.7027930196
-22.6987435532
-25.5069197353
-26.9419295689
-24.7804005952
-24.8473099885
-28.9968103779
-24.6913848509
-22.6358603212
-23.9845731724
-23.8712463970
-25.3514347707
-23.5492672746
-22.4417785421
-22.3531278660
-21.8312283608
-23.3542792924
-24.5717715660
-25.4139775193
-27.6901135528
-23.6743657272
-25.8054266936
-25.1236872976
-26.4308140477
