-31.3738810876
-31.4875108004
-28.8884509550
-25.7762609668
-26.7574950697
-28.1577477958
-28.4957616068
-31.0048775367
-30.1264790142
-29.0872877086
-27.5365652971
-26.8980003812
-28.5043524770
-27.6450205353
-29.9136840362
-31.5992853401
-29.6451014815
-29.9943069707
-25.3852985438
-24.7059942590
-27.3299933804
-27.1723956594
-29.3662800306
-28.6356921067
-28.7013198504
-26.4336504850
-25.3156291076
-26.8934576742
-27.3654391498
-29.1168586233
-34.9166406386
-29.5008820136
-30.5926127838
-27.0583309704
-25.7534814324
-27.0102358110
-27.6671929116
-30.2849932808
-29.8874868044
-30.1618458077
-27.5143851512
-25.9521732101
-27.7739367012
-28.8523799075
-32.4508975443
-33.7687172526
-28.5692008678
-29.9704477417
-28.4884005849
-26.1507588325
-26.4380365450
-27.5016593753
-30.8681187779
-30.6565394407
-28.9009708969
-26.1632891292
-25.6122576241
-27.3195628994
-29.5498756278
-32.7944702560
-34.9233970853
-27.8277914685
-26.7778796257
-25.0538715608
-23.6394326162
-25.1480255132
-26.2849905802
-28.0090917658
-28.0693223912
-27.1002923970
-24.3602323038
-23.7941317817
-26.4028082633
-27.3708065043
-30.1275742248
-32.2170772307
-31.2187832585
-30.8521319485
-26.2667446743
-24.4676454147
-25.9880643143
-27.0554039201
-30.5509309954
-29.9001180787
-28.7612980188
-25.7825798427
-24.4493270193
-27.0573677929
-29.4392545524
-30.6943089755
-33.9553887508
-30.4644125362
-29.2826148345
-26.2489933154
-24.9225966455
-26.2258474127
-26.6385420338
-29.3679668722
-28.7140883484
-27.5723618968
-25.0892461249
-24.0831157815
-26.9810752513
-26.3660044777
-28.3552783021
-32.7056344889
-28.2942230406
-28.2488944145
-27.6587768062
-26.4944934433
-27.1332292544
-26.9599372619
-29.5719638423
-28.9877897159
-27.7167328340
-24.9969939185
-25.2419218477
-27.6390201245
-28.5265831093
-30.7887580788
-28.6311869449
-23.5411812871
-24.3682859242
-25.9736685172
-24.0120662962
-21.8920040043
-20.6877914864
-22.9595133368
-23.6381004858
-23.9577208697
-23.0478248442
-21.8482262768
-23.7143192433
-25.3937133653
-28.2548999905
-30.6733612884
-26.4176830513
-26.3148618541
-24.2536736168
-19.0932947728
-18.7278628142
-20.9815214634
-25.4237386889
-25.5300695285
-24.1628713517
-21.9704857086
-21.4178695495
-23.4403912788
-23.6707836099
-25.8597928310
-31.0174000634
-25.3684766783
-26.1659158336
-24.3448008330
-20.0950534770
-21.1583839611
-23.2723125678
-26.3615536819
-26.8197944366
-25.5326341062
-23.4778579014
-22.4841943655
-24.0904444314
-23.4673225593
-24.8293605479
-26.1101916829
-23.9657097576
-25.8279667278
-22.3949611150
-21.8055593021
-23.7895864885
-24.4250043367
-27.3399370881
-25.4546922480
-25.1419772104
-23.6644932146
-23.5664166610
-24.4407296741
-21.3929785343
-22.9497223861
-25.3450576406
-25.3533183933
-26.5752587821
-25.4648741722
-22.7339899563
-24.0426017026
-25.2449977853
-26.7169266161
-26.5666433098
-25.9992340053
-24.2491568128
-23.4842997637
-24.9470733832
-21.8185660066
-23.7283072402
-25.8967739884
-22.0690762144
-22.7609367647
-22.6370565187
-21.9688648885
-23.4016158362
-23.5932417816
-26.6615882399
-25.2019851543
-24.9263703633
-23.1559965827
-22.2290068185
-24.4079753426
-24.7569284554
-24.0765328108
-26.2957097467
-24.8158670759
-24.5628803507
-23.3806409503
-22.1769230247
-22.8851108919
-24.2553967196
-27.5297674142
-25.8943725252
-24.3402879113
-19.6899592770
-19.6149574231
-22.9570665758
-23.3609904265
-24.9396955338
-27.8292504698
-25.3397679536
-25.2208252718
-23.9094897655
-21.3408377798
-22.3434987293
-23.8046800706
-26.8280163434
-24.7432757446
-22.4048621198
-21.3240987801
-21.3356684989
-23.5247413369
-23.9657175285
-26.4341204104
