-32.4090565419
-27.8965521220
-29.4951275861
-27.2078517789
-30.3084615309
-34.7131136453
-31.3044058722
-33.8317791070
-33.3593161641
-35.5523702464
-36.5595488098
-30.2370974905
-31.7203278211
-31.0575477724
-31.2725383498
-30.0490200562
-28.0140720518
-30.2795935662
-28.6485046225
-30.7172089066
-33.9870646721
-32.6100565229
-35.4949294779
-33.8363969042
-35.7717585009
-35.6104906726
-30.6559646375
-32.6564208107
-31.6809335788
-30.5054496182
-34.2304027684
-37.4878922650
-41.5760352851
-37.6832361599
-37.5780523812
-41.1199761457
-41.0892685932
-42.8405202583
-41.0609676607
-43.4048532989
-45.0915594055
-39.9954707561
-41.5069445598
-38.8230371768
-38.0528377565
-36.9768597847
-37.9869757164
-41.2848001777
-39.0350035449
-40.7295628453
-45.1985400333
-43.2724703052
-44.6789207121
-41.9609996787
-44.2386659172
-45.8822713460
-40.9188843151
-40.7727877582
-38.9189219481
-39.2868988173
-33.6262260842
-28.1490650028
-30.6653749820
-29.9256188322
-32.2450635839
-36.7108793879
-34.7352912017
-33.6666521082
-32.4382248544
-35.2349870303
-35.0899520159
-28.1513551243
-30.6330142169
-29.1517839780
-28.8940396842
-30.0916442965
-27.3626907410
-30.3527933303
-31.2058076277
-34.4023328111
-37.7440337815
-33.8822304168
-35.2014909286
-34.3946416898
-37.5428564766
-34.4468290255
-29.1683922136
-31.7022359743
-29.7654902054
-29.6591490356
-30.1984411617
-29.2779478502
-32.5440507609
-31.6889315272
-34.5966902561
-38.3275721005
-33.5842103024
-35.0621184211
-32.4729404661
-34.3500665080
-35.0055903383
-28.5079811941
-31.1581331947
-28.8062952323
-29.5880594387
-30.5397056540
-30.5169261205
-33.5080705336
-31.9913260613
-32.9467472067
-37.0403786142
-32.5921614580
-35.0984729695
-30.3629674929
-32.8230094051
-32.6784701974
-27.8706086153
-30.0005766427
-27.3613870922
-28.2580911520
-30.2680251524
-31.4593134233
-34.9260794638
-33.4043664492
-35.0144103496
-37.5410388867
-32.3785289106
-34.0704450496
-30.4145386145
-32.0514841712
-33.7149323975
-31.0371671061
-34.1362475467
-30.3219213439
-29.8629828814
-31.5861931950
-32.4726349407
-35.3822060102
-34.5575264592
-34.9514559455
-37.7018419482
-31.2365333261
-34.0588352049
-32.0480302171
-34.7731021598
-35.3209345835
-32.9737082559
-35.2203426784
-32.3851973184
-31.6838217952
-33.4179608930
-32.6129305034
-34.8769913703
-33.5910962070
-35.0686612584
-37.7931866065
-32.7300141307
-34.7283327980
-32.6096150666
-34.9168956765
-37.6656052020
-34.1222491938
-35.2078149755
-33.4582030939
-33.3262925741
-34.5213531483
-33.1946332020
-35.2863794961
-32.8613356197
-32.2978373775
-36.5300633264
-31.4003825810
-33.3464673954
-32.4445035962
-35.0345799903
-36.5435658610
-33.0963391827
-35.4628211590
-34.0274661031
-34.1729361119
-35.3175078126
-34.0061870028
-35.2556615710
-29.7202470179
-32.2500568040
-36.4566240749
-32.1012946541
-32.9894879549
-33.1872126384
-36.0964056216
-37.0538811531
-33.2760354580
-35.5848306798
-33.4089259844
-34.5002358653
-35.1243543373
-31.3760133004
-31.6752736391
-30.6585589932
-32.4774119639
-35.8258061585
-32.4534414152
-34.8144577030
-32.8018118611
-35.2585329554
-35.6161039993
-34.3410095920
-35.5815735092
-33.1087995765
-34.5547016733
-36.2037203065
-29.8277947428
-32.2787836631
-36.4426231316
-32.0653012846
-35.0811850667
-33.8914025567
-36.3716073415
-37.0531574795
-33.2135030818
-35.5309383736
-33.4128705872
-34.4742379951
-37.6266692457
-37.1755087642
-35.0953271311
-31.2722444743
-32.6731533366
-35.9291516364
-32.4943076051
-35.9072122803
-33.1290456006
-35.3576749151
-35.3678115312
-34.3097751223
-35.5705358718
-33.1218425280
-34.6033819795
-38.4805131467
-36.8259227521
