-24.4193159245
-25.6624603783
-29.1031722708
-31.5316807724
-30.1247002541
-29.8895879200
-26.9036641928
-27.5753381484
-30.3853379365
-30.5689749482
-33.1843049954
-32.7365841602
-30.4455581897
-30.7420675487
-26.8796483267
-25.0896888772
-26.2098036094
-28.5655954550
-31.2850194513
-31.0791647656
-28.0516707097
-29.1508738833
-30.0198051383
-30.4292606497
-30.8752830289
-32.0951660886
-31.5157120619
-32.0798912719
-31.1943414811
-26.2502063417
-25.1176791226
-27.5900718269
-31.1980375179
-34.5384054285
-35.8809451515
-33.0821621792
-31.3661446745
-29.9894483921
-30.0101462325
-29.5711055425
-31.5508212277
-34.6892609126
-35.0997080145
-31.9786857261
-27.6359415998
-26.7358366470
-28.4616570304
-31.2655890092
-31.9320288578
-32.8882798383
-31.9414094259
-31.2302222238
-30.3743999835
-28.7836477499
-29.1002594595
-31.7265146483
-33.9661131017
-33.9096122018
-30.8508619578
-26.7271396155
-24.7778204870
-25.5526950119
-29.7168344783
-32.9472352729
-33.2045782137
-28.7188239440
-27.5368526968
-25.4050345189
-25.2389339442
-26.0471997136
-27.5950042054
-29.8155311258
-30.0396964505
-25.8737743699
-23.0883907041
-23.6815390323
-26.0635335051
-29.2242691367
-31.9861528996
-32.5741744891
-27.9557043451
-26.2268248247
-25.3754804140
-25.3556111068
-26.3948672780
-27.2455941424
-29.7736577481
-28.7903045105
-25.6828824728
-24.2991420805
-24.8124674966
-28.7020655155
-31.9057604165
-33.3418055972
-31.9301491189
-27.7131105784
-27.2982333068
-26.5123859176
-26.2474022736
-27.1830229167
-29.0318198770
-31.6911258513
-30.3438153914
-27.5227041656
-25.9601038457
-25.8648391390
-29.4876099187
-32.7816875251
-32.4606121283
-32.8674900829
-28.2091402653
-27.6082400518
-25.9036560080
-25.0847086036
-25.9272433678
-27.3759304749
-30.3217129239
-32.3606778667
-29.6729959246
-26.9938308159
-23.5038997954
-25.3197808426
-26.9461007244
-27.9524212768
-28.5041090964
-23.3291824403
-22.0353703736
-20.4341936750
-21.0468449990
-22.2295272413
-24.4753805649
-25.7323576708
-26.2180255259
-27.9670565710
-21.1321750597
-21.2971584376
-24.8519924983
-25.0963909425
-24.6265765720
-26.6852714050
-24.4244204756
-23.2214275608
-21.7457066951
-21.3406681901
-21.6760709004
-24.5720162364
-25.5216832004
-26.3956880427
-28.7989031483
-23.4689226611
-22.8548447614
-25.1024729103
-25.2209197777
-25.8683513456
-26.9680685515
-23.1399592466
-22.0052142815
-20.7800488848
-20.9722845966
-21.3764647961
-24.5472029024
-25.6064280980
-25.3186221853
-27.1904318291
-24.5775881403
-22.2495726151
-24.9008812505
-26.8175211430
-26.4532401599
-27.2577710181
-23.6130308225
-21.3369436656
-20.4826099099
-20.4651239323
-20.5246166477
-23.0849911164
-25.3374959600
-26.9786828621
-29.5295169679
-24.6655604464
-23.4808937075
-25.8433295855
-27.1070177706
-25.7500468941
-27.7787642118
-23.5564535205
-21.1999544277
-20.1727506697
-20.9934083589
-21.8942177498
-24.6388440722
-26.9667778513
-27.7425365156
-28.0336280690
-24.4812515128
-23.7284121140
-26.7754134315
-24.9873867955
-25.9444432362
-26.7785541054
-23.0285277412
-21.2148162785
-20.4440881993
-21.2660365850
-22.1466348848
-25.1156297866
-27.5136718369
-27.6727881080
-29.9528569192
-25.4111812091
-25.9346315661
-25.5036470263
-27.6798992672
-23.5278716465
-21.1758207498
-24.9020385985
-23.1650742193
-22.4050330064
-24.8622326789
-27.0850149836
-27.7984432123
-28.0509988239
-24.5109985134
-27.0033149470
-24.5825567614
-23.7301598057
-25.5865704450
-26.6129338276
-23.0105834815
-21.1994741363
-25.0828159009
-23.4927793003
-22.6449379608
-25.2304531032
-27.5659847633
-27.7353243798
-29.9848927421
-25.4063498137
-28.1546718461
-25.5020171388
