-24.1774160260
-24.5909275581
-25.0068017057
-24.0204293280
-21.0456552730
-21.2497584556
-21.6819793918
-23.8106960073
-28.5092447041
-29.0117253052
-28.4834228830
-28.8546712912
-32.3432449369
-35.6542955471
-36.2526944491
-28.3791155188
-28.7311367532
-26.9250235707
-27.1750249646
-21.1072866387
-21.0708362740
-24.7166771731
-26.7600920141
-26.8152633873
-28.5982772779
-26.3575676627
-26.3885691170
-29.7488392338
-34.1111299975
-28.0106077351
-25.6460657397
-24.2119529983
-24.2466789777
-26.4704141386
-29.2981511603
-31.5376048001
-33.5024649826
-27.9937975341
-29.7626330474
-30.7627628038
-27.6940335604
-27.6234203692
-31.0202313262
-28.0872588833
-26.6258952225
-24.5722790469
-24.0486344801
-23.2218560711
-21.0917516098
-22.4446797057
-26.3851734102
-27.1174663734
-26.7458502728
-29.3251083172
-31.3787021597
-27.5103564006
-26.1786584585
-24.7569647054
-26.4595189042
-24.4872713398
-21.2370145489
-19.0009881807
-18.7544678604
-21.6592270282
-25.0168813519
-27.6961036022
-30.4400859756
-27.5808660291
-29.2387840337
-31.8770814569
-28.4863991571
-24.3203758820
-23.6269010224
-22.4583129979
-23.0605350937
-20.7541247944
-19.8999852104
-23.0144827632
-27.5740254339
-27.4734231588
-29.1343808556
-31.4385793413
-27.8987490328
-29.1963358558
-30.5113050312
-23.0341643602
-23.3176140194
-22.7650017716
-22.9504706674
-20.8435276298
-18.5384298671
-21.0381492519
-26.2315888924
-29.1986570507
-26.4602671735
-26.4815294561
-29.7697144375
-25.6763965915
-27.1947104328
-24.4728949622
-19.9301257643
-21.6007376220
-23.0037428909
-20.2639465083
-19.8549413725
-23.1456994340
-27.5170701229
-31.1108743463
-31.1815043681
-27.4206545370
-29.3616777800
-31.9695588992
-27.1828934520
-23.8235836175
-23.2907966685
-24.6374990000
-22.9675294280
-21.8515714893
-21.8183537007
-19.8242350774
-22.2837483892
-24.6791057057
-27.6327659779
-27.8510888521
-23.2778533901
-23.8655230302
-27.1755078393
-28.1158239137
-30.2102529563
-32.6775406891
-29.2407297973
-28.7864557072
-32.2183510982
-33.6266791918
-35.4488681235
-32.0178741287
-33.5291683909
-34.7787310256
-34.3116509762
-26.7034357388
-27.4408293638
-30.9645395330
-28.4594277521
-29.5810893858
-31.5184501115
-27.8790985148
-29.1563007869
-31.7239927968
-32.1530832681
-34.5214761237
-27.8545790449
-27.3666482920
-26.9283856104
-28.4666606051
-25.0944775460
-25.8286450928
-27.3620317993
-27.1723788312
-27.0294254612
-28.0569966378
-28.5196480113
-28.9723634275
-31.9171514685
-29.3607948738
-29.1264333969
-29.8115243883
-29.8488058729
-27.8478834586
-29.0168855306
-29.0036173081
-30.6664585523
-33.1128568078
-29.1164081196
-30.0359343808
-31.1038835908
-26.7250876964
-27.6897549528
-30.4073601364
-29.3405164852
-24.8804591560
-22.5422216027
-23.6105283888
-27.0309530674
-31.6458671164
-33.6131158172
-34.1340338142
-29.4838841049
-28.7010557549
-32.1771845642
-33.5983342370
-35.4065286996
-32.9330647366
-31.3712466397
-27.4334385713
-28.9503697021
-26.1768343806
-27.2571910416
-30.8225377041
-36.0891313394
-35.0972392358
-33.2398608528
-28.1704981704
-29.2590624304
-31.7889654706
-32.2558358385
-34.6222246671
-33.6884399942
-31.4881969281
-33.4540863010
-34.7038690186
-25.9464291201
-26.1192058778
-27.4927927549
-30.7486181425
-29.0117978051
-28.7132106207
-28.7459377549
-29.0246491652
-31.9512702779
-29.3621749022
-29.1185131202
-28.8212062786
-26.3525835045
-26.8997377139
-26.7806254429
-27.1486296437
-29.8715530380
-32.7222401455
-37.0659026626
-35.0134458841
-32.2897863520
-26.9111818512
-27.8381844169
-30.1044710523
-29.2727345548
-24.8873709516
-26.1705168014
-28.5442347863
-29.4316372105
-27.7576262170
