-29.6475909699
-27.0948810262
-28.8017512388
-23.6163928622
-23.9112387540
-25.6419541337
-22.3532573231
-26.2127138263
-27.5167736668
-27.8887082273
-32.1681755398
-30.6952397914
-30.6705028467
-33.4828338828
-33.1558758960
-29.9368001706
-26.6330154431
-25.8655058495
-20.8245476965
-21.9971567756
-25.6081965027
-27.5465569134
-29.9933968788
-28.3502035364
-27.3532078989
-31.5154777255
-28.8047598548
-32.7062740086
-36.7970004098
-31.2658621659
-30.8386656650
-31.4052385698
-28.0735051980
-22.9128059745
-23.0257689808
-25.9798993575
-27.4253305838
-31.4311354646
-29.6698617348
-27.8163279254
-32.4340264998
-30.0621601032
-33.6175678894
-28.2530111978
-26.9803826571
-24.0053888228
-25.5262841519
-27.7057702756
-20.5010875370
-24.4501063448
-26.8884165555
-26.6529701946
-30.3356465469
-27.9203530870
-25.2054145169
-29.4359792355
-26.7234487502
-26.1397561469
-23.1998804689
-24.9117609580
-24.0678564934
-24.9234018769
-21.9041757063
-24.6450865666
-29.4852110515
-29.1627232312
-28.1537475240
-31.1347542761
-28.7447998117
-26.6480883107
-30.8401285352
-23.6454446677
-23.5231477025
-27.1094554520
-26.7516487066
-24.8496583674
-25.1723779771
-27.6014745448
-28.5759793320
-32.9797371327
-29.1289487761
-28.5621194945
-31.6632547111
-29.2164835004
-26.7122583525
-26.6845529179
-20.7816632299
-23.6402391373
-27.6935985757
-25.9561644187
-24.3247994831
-27.8711937644
-30.9748327969
-28.9420701179
-32.9223520311
-28.6281291383
-26.5684427883
-30.0079234215
-29.9405635343
-27.6847034806
-24.2148062643
-22.8499771176
-26.3362238170
-26.8221751818
-25.4674801753
-29.1078030007
-33.9573694619
-33.9257880509
-30.4419087531
-33.9439601416
-29.7643794510
-29.1558450965
-32.2341321045
-24.8505852854
-26.2395583728
-25.7566000884
-22.8137921371
-23.6552446931
-25.2130901214
-24.2324579472
-27.5436544452
-32.0609229920
-32.7365815702
-29.9292579162
-31.9780203132
-33.3915435831
-29.3191273361
-31.8521969235
-29.6779917350
-28.4514556952
-32.9735373574
-29.0503933017
-29.2083314941
-30.5519964536
-32.6234425376
-30.9195177324
-35.0037403656
-34.3944423231
-26.7563817260
-29.9456667842
-30.6067250726
-28.5028908913
-30.7203780585
-28.4710712609
-26.4425365213
-30.3751572978
-29.4305627045
-30.4288166055
-32.6476150423
-29.5299545398
-29.6838562109
-33.8114825893
-36.8677961238
-29.9772961126
-33.4455873513
-28.0353835243
-27.6807718234
-31.7165631605
-28.1632640241
-27.1612751664
-31.6974641323
-29.4070336055
-30.9983515383
-30.0756833497
-30.1091199155
-29.5733128130
-32.2593273356
-36.1064800893
-31.1177693142
-34.1591151110
-27.3707314099
-27.7368338702
-31.8118252601
-28.7582143115
-26.7048921577
-30.8805791643
-30.3623292650
-29.2892547675
-33.1686547426
-32.3265409385
-30.1716458242
-33.3447184101
-33.7995258093
-29.9381452474
-34.0849974859
-28.0359039454
-26.0973222033
-29.1664412744
-28.1204637189
-26.5203955210
-30.9216887387
-28.9203586139
-30.4215798715
-35.2127939435
-30.5795931386
-28.3663198384
-30.3262815202
-29.3861156871
-27.4659702268
-31.6997387176
-24.4078510621
-25.0640068769
-29.2617655186
-26.2308742912
-26.0237651168
-26.9986169040
-26.0159613513
-29.4848912902
-34.2453875959
-29.2816684908
-29.4516359743
-31.2310429866
-35.7656338087
-28.5772946263
-31.8371965533
-26.4667517571
-26.6866216657
-30.2409229930
-28.6462870007
-27.1853557618
-28.9909964046
-28.1297950948
-31.0006779065
-31.1832960767
-27.8857617498
-29.5411319933
-34.0252911949
-38.3196518250
-26.3731415264
-29.7196463185
-26.3044197236
-27.1286632486
-30.9064437037
-27.8334721237
-28.7147990796
-31.0691731531
-29.7969525295
-30.1738375596
-33.1988108304
-31.7409868243
