-25.4172851884
-24.8909854411
-25.8384023965
-23.7834734489
-21.6600995894
-23.4195575017
-25.1801558502
-25.3071534541
-23.0106741022
-24.0730905027
-23.3858400089
-24.1639057243
-26.2341198173
-25.0298155612
-24.7462804867
-24.4497516447
-23.8210785935
-25.0555014444
-23.9377661169
-22.4425604720
-22.7097863741
-23.8316566569
-24.1029799122
-22.8950688496
-24.5973215162
-23.6685051361
-23.3794667623
-24.7706782546
-25.2509308734
-25.3338517036
-26.3098647558
-25.1387187363
-25.9621492901
-26.2304095349
-23.4303867188
-24.1548785746
-23.9972730667
-24.2266815038
-24.9662591522
-26.5212201714
-23.9802842087
-23.3586912433
-25.3484947633
-24.7684347352
-24.9722725037
-25.4571079521
-24.5177510771
-24.9382779668
-24.7026192733
-23.3038409197
-24.3372521067
-23.7784219782
-23.9888155358
-25.3670811385
-26.5976952553
-23.5738527600
-23.2051390786
-24.4124196643
-22.7708830748
-23.9179718922
-26.8609998105
-26.5166865304
-27.3210141348
-25.3096584732
-22.0419093267
-24.0710321028
-23.8875737160
-24.3905100857
-23.9192328221
-24.7817275477
-22.9828819250
-21.8251709906
-23.4808833454
-23.2112249273
-23.9005532381
-25.7440115306
-25.3955995738
-26.7982460474
-24.5424983803
-22.9887904189
-24.7450972304
-24.8958207196
-24.7005155720
-23.8762629187
-25.4392659634
-23.6186376743
-21.3944271806
-23.1216395562
-22.5356127404
-24.3088760600
-28.0691773982
-26.7503476625
-27.2600417221
-25.9073429851
-24.2398603902
-25.8265543405
-26.2934183350
-25.4443782877
-24.0996554142
-24.3251490225
-21.9628062224
-22.4561549203
-24.3112555228
-24.2682752631
-26.4362383587
-28.9730081318
-26.1062574316
-26.4023603396
-27.1298620352
-25.3148743636
-25.3493491938
-24.7068590436
-25.4202329613
-24.7184857204
-23.7475253854
-22.1692487168
-22.3283210035
-24.4534438020
-24.4520003410
-26.6103588871
-26.9911419606
-26.8623164113
-26.6233060473
-25.5264666957
-23.8956325166
-26.1531809938
-23.5331419019
-23.2968695712
-23.5848192034
-24.1294736177
-22.4849866507
-22.2169114988
-24.6633363451
-25.1669212954
-26.3107657861
-29.1191125044
-25.1418606856
-25.4959571789
-22.9983224482
-22.5572323303
-25.4595339958
-22.9764620619
-21.9564135571
-21.8983086412
-22.9050591698
-21.6113221650
-21.1806858037
-23.4640394815
-24.1510245924
-25.6574011322
-27.4159875567
-27.2320708972
-26.4020638791
-22.9363894463
-23.5055180287
-25.0366898154
-22.2331067698
-22.3143019276
-22.1558057332
-24.2805841776
-23.6993098136
-23.3548217232
-25.1200249089
-26.3678117208
-28.7413367924
-26.8404819160
-22.9730870849
-23.3069880575
-22.6059450179
-21.8988174130
-23.5544637424
-24.0196357484
-23.5182502868
-22.7163641667
-24.4184135942
-24.0765263369
-24.5889429580
-26.2432582994
-26.0952379098
-25.4457751444
-26.7671487966
-24.0264608010
-24.2953152827
-24.7502639280
-22.2065677532
-23.3128318172
-24.5539787766
-24.8434702457
-24.2216080205
-25.5058128683
-24.3932921518
-25.9500526711
-25.0971728720
-25.3844959028
-27.7979318518
-25.8793669812
-27.0593291003
-27.1086541259
-23.9050428592
-21.2717664233
-22.6037675252
-22.5413296342
-23.0879829094
-23.8748103935
-24.7886755932
-24.3715586419
-20.7556562844
-21.7726353785
-22.7684751468
-24.0385483532
-24.4195631901
-23.2389044761
-23.3284768952
-22.7309010748
-20.9652860623
-22.3142967455
-22.6048226165
-23.1734812666
-23.6134360316
-25.9049272832
-24.3674094872
-22.1502182979
-23.8379677582
-24.1750042116
-24.5958340390
-24.3235359670
-23.5894835977
-24.6322611046
-23.6946389480
-21.7204739142
-23.2676468740
-22.9929084971
-23.6969342505
-23.4987512291
-26.1994883350
-24.7068020763
-23.5528260942
-25.8655679802
-25.8389150506
-25.1519662374
