-25.1977363262
-27.6351208201
-28.4336331280
-26.3007133234
-25.6956703948
-28.3862085499
-28.7674524764
-25.6073356038
-24.2774448150
-26.1686267032
-26.4615397538
-26.9526280284
-25.5495828229
-27.6444832668
-29.4149732997
-25.4839343547
-27.3061807527
-25.0792687318
-24.7581557220
-24.3109176334
-26.6593926235
-24.5100353338
-24.1356487927
-23.4476085985
-25.5016559457
-26.9198516976
-26.5212680709
-22.8109505101
-25.0738159308
-26.0120620495
-26.3996132236
-29.8239769922
-28.2953661597
-27.3123960764
-27.4602235611
-29.1662587407
-26.0336816353
-24.8681994303
-25.0507943312
-27.6428197284
-27.0034469955
-26.2041022512
-25.5969776237
-28.2087544674
-26.2486295296
-24.7671246119
-27.2088537739
-28.0772426626
-27.7799707693
-25.9062205799
-26.9487209636
-26.2411856652
-25.7290318798
-25.6302575493
-27.9762753119
-26.7653273097
-25.2161505207
-25.2275648887
-28.3388202276
-28.9398175330
-26.9840346749
-28.8011803082
-28.7541285940
-27.1619004486
-23.8621040230
-25.6843828863
-26.1353312441
-27.6431912787
-24.3017894965
-25.5906846287
-26.4786593578
-26.0427670509
-24.1772671464
-26.6496676885
-26.4499376626
-25.8967688061
-29.0010604974
-28.0703813571
-26.4830764881
-25.0741991509
-26.9896635367
-28.8331604822
-28.3563463450
-24.0531422206
-25.8603158412
-27.0226068728
-27.4297593601
-27.0685167803
-29.3970419776
-27.4967140351
-27.0263184497
-30.4565945216
-27.4754660061
-26.9070754287
-26.0666405101
-28.0979262587
-26.3576103752
-26.5701852969
-25.6654353338
-27.7144672920
-26.3874803569
-26.7750923768
-27.6967353609
-30.4670262914
-28.0962368253
-27.5758831663
-31.0244490807
-29.2328289376
-28.9412610019
-29.4061675280
-30.7914870711
-27.9066175236
-27.1637063984
-27.2684215794
-29.4830866389
-29.6130332967
-28.7064632407
-28.0140875845
-30.3573386207
-30.5676078609
-31.5218522785
-34.1892258843
-33.2162281770
-32.4415208623
-32.0788245196
-32.3121179498
-33.1078739401
-33.0679709152
-32.7407876475
-35.1880854525
-34.1719392553
-33.8721623999
-34.6911587492
-37.7708459077
-36.7297259484
-36.6340379631
-39.1189444695
-35.4401141299
-32.9032594881
-32.1382032982
-33.3809344507
-35.6357545080
-37.9300230054
-39.3053570046
-42.0736104634
-38.6698540347
-39.4805959775
-40.4591394771
-42.3344849554
-41.7658059719
-33.4278605757
-31.7283529637
-28.0460081882
-27.1780413452
-26.0133734714
-28.0920449550
-26.9163731383
-26.9084593397
-27.4750193830
-29.8124513008
-28.2338073021
-29.0364816743
-29.9851348329
-31.8530241623
-31.0134748872
-30.4901113619
-30.1470124434
-27.2891621386
-25.8433891415
-26.2046563355
-28.9227820734
-28.9148035468
-28.7708727764
-26.5396654288
-28.2367809627
-27.9255922720
-29.3478917343
-27.5499034114
-28.6417158116
-30.6511630269
-28.3232554235
-28.8653400011
-29.4501860387
-29.6290654499
-27.7290754142
-29.7255328018
-29.3985242871
-30.2498375151
-29.9732919604
-32.1544231557
-32.0570353528
-31.2873069847
-27.3992058302
-28.8309622672
-31.3813586455
-24.6250476339
-25.2967138955
-26.1091171720
-26.6812478334
-25.9095852098
-27.8702914386
-25.1896360806
-25.6435399954
-26.2912240105
-28.7836127828
-27.6366367898
-25.5228690380
-24.9953031889
-27.3909398972
-27.3821302399
-25.5719364449
-28.1372493066
-23.9682238316
-24.4755799250
-25.5543365451
-28.0561680944
-25.4773552674
-26.6943373845
-27.2947728748
-28.5202331602
-24.7045430197
-25.2199048151
-26.9013831313
-29.1279480565
-23.6451857451
-24.7078726939
-29.8580686207
-28.7165454697
-27.3146486544
-26.5912093727
-28.6435800071
-28.1664940114
-28.1388144712
-26.6829100795
-26.9609806940
-27.8682511773
-28.6360714186
-30.0288322803
-33.5425984250
-28.1973310402
