-18.6562877111
-20.9315724217
-21.3683813435
-22.2520969907
-25.0199481471
-23.5030246051
-22.1368529742
-21.3245466780
-21.5860310799
-22.6644007130
-23.7106568119
-23.6153066578
-22.4752707202
-24.6349783683
-22.7342526949
-20.2619398927
-20.8235871160
-19.0500542949
-17.5946245718
-17.7412416662
-19.7574279470
-20.6826675146
-18.6859311594
-14.6728981299
-16.4025058922
-18.9047253259
-18.8185472984
-18.4249451292
-21.1428126760
-19.9050638505
-19.2627522469
-21.4733309119
-18.1977011884
-17.4396496263
-18.4180255644
-20.2985766932
-20.4469349953
-17.0489719019
-17.8521281704
-19.9225886864
-20.0895968003
-18.5776390065
-17.6267147809
-19.9562673399
-20.9513873833
-18.9065429216
-21.6903255730
-18.6714071890
-18.2039009692
-18.9309924842
-20.7715745223
-16.7379060688
-16.8419558740
-18.3380693161
-20.0975144899
-20.0184864663
-18.3039194196
-18.4616233471
-20.5137006844
-19.7819163420
-17.9858382357
-20.2755667039
-19.4224252424
-18.6943382058
-19.3343959606
-20.8849673384
-21.3218759772
-19.9031310521
-19.5710981337
-21.5594001935
-20.4778238231
-21.0168662581
-18.7318087079
-20.8628014198
-18.3019141006
-15.4633092574
-17.9868661269
-19.8170151705
-18.6002644939
-16.9115955667
-18.9959910714
-20.5750265453
-18.8059509704
-18.5496862974
-20.6331521730
-22.4990354940
-20.3077307103
-17.9336107342
-20.6793494735
-18.1578525181
-16.5617982955
-18.9881484638
-18.1039342968
-14.1499330420
-15.6156937427
-18.6525631926
-19.2094748476
-17.6764243101
-17.0562824384
-18.2282132963
-19.4421819268
-19.1322126361
-17.5508338874
-19.5485347768
-16.2928919578
-16.9955520869
-20.9093547469
-16.7419244659
-16.9970110888
-19.4272838252
-22.1116577511
-21.7330780073
-19.4136324114
-19.2636209215
-19.6692510806
-19.4420123369
-18.6970568369
-18.4764839086
-21.5225238927
-18.6933970337
-18.5077455768
-21.9087455797
-19.2753951797
-18.6135573082
-19.4814299026
-19.6633879015
-18.7665748307
-18.6885060832
-19.3727040592
-20.7693102887
-20.1296564783
-19.5728367616
-18.8797385139
-20.9040793123
-21.7096744761
-19.8835180622
-22.2155353379
-20.9222035189
-19.3707634812
-19.1210157595
-18.3569560388
-19.0220252034
-17.9565067922
-18.1455720821
-19.8539354769
-20.5780584658
-19.0342318635
-16.9425996199
-19.3455022083
-19.7962784824
-18.7564602202
-21.1534450988
-16.9182924560
-14.8901090490
-15.4939417657
-17.7315594485
-14.6433608408
-14.1100235291
-14.2502272584
-16.5850775420
-17.1896118972
-14.3502030010
-14.2494647474
-17.4629353381
-18.6941245924
-18.5843617918
-21.9417627114
-20.1767172789
-18.2981313259
-19.6426900519
-20.7697426831
-19.8159134768
-18.4040323782
-19.1466045519
-21.1939268328
-21.1052657959
-20.3935954459
-18.3545299820
-20.4290140295
-20.3544600917
-20.3989239608
-19.9438652152
-18.8611857940
-21.7260263782
-21.6296975234
-21.6334103981
-20.3749987140
-20.2527625770
-19.1181365988
-21.0355639710
-21.7056366614
-24.5235145615
-22.1884474170
-23.8329279202
-19.6196994865
-18.8923141267
-18.3018985726
-19.0186191462
-22.7429756509
-21.1047867953
-20.9937087044
-21.0163536086
-19.0527056114
-17.0264046761
-19.4162422920
-19.7704424224
-22.8000151325
-21.4926733124
-23.0695182066
-21.1242975023
-17.7665585954
-18.6803566681
-14.7898057694
-17.0103090674
-15.9463078431
-17.3636884616
-17.4145424127
-14.3536271825
-14.2971210697
-17.5343861541
-18.7068309578
-21.5992566023
-20.1640652703
-21.7890054024
-17.0215590302
-17.9010855442
-20.0411417261
-19.6146907400
-22.6850273989
-22.5583184880
-22.5360865604
-21.4417740844
-20.3724289595
-18.6514006551
-20.5663359797
-20.3428334114
-23.2219401846
-21.3389386161
-23.4149189915
-20.4732021458
