-24.4988540031
-27.4801096822
-29.4173540435
-28.5818451005
-30.6533767647
-30.5035388088
-28.2383759035
-30.1518710142
-28.4938753897
-28.4581072776
-32.0388218195
-33.3958040652
-31.9189172909
-34.1032705648
-28.6510665996
-24.2103541814
-26.6970935580
-27.3609016246
-27.6938005359
-30.9998817280
-28.7702164141
-25.7581574765
-27.6081235331
-26.7279940433
-26.8914627212
-30.1192785167
-30.2295863090
-28.7810093842
-31.5041319801
-27.7455140659
-26.6045319623
-28.8474384617
-30.8475309913
-30.4766166014
-33.6209493405
-32.1179210194
-27.9981162758
-29.8994552398
-29.3925717827
-28.9271836736
-32.0426304937
-31.5406380152
-30.4056331630
-32.6465418217
-27.1265427027
-24.5147075051
-27.8765468699
-30.0169945918
-29.5453393990
-32.2820887321
-32.3029367521
-28.9175221763
-31.0615674495
-29.7427702220
-28.8396631897
-31.7062763791
-32.3419581563
-31.0545663399
-34.2796267959
-28.3540329076
-24.0483755588
-26.1265655962
-27.3994077925
-27.4817641775
-31.0098694571
-30.7897782182
-27.3760314497
-28.6488217857
-26.5421380858
-25.9879400356
-29.4702805891
-29.3604660529
-27.5395027123
-29.9606412538
-25.2549388977
-22.9441737997
-26.0371627734
-28.8991325853
-28.6575900314
-31.4247557419
-31.4357882132
-27.3675868659
-29.3744449826
-26.3477132657
-26.4812938415
-29.9406903945
-28.4359530232
-27.8171137379
-31.1059057202
-25.2205262085
-24.0942699360
-27.2674816946
-29.3607689884
-29.1238649397
-32.2237546966
-31.1840754141
-26.2126775836
-27.7982062973
-26.8028185257
-27.6491554368
-32.4917287780
-32.5289779028
-29.6549248009
-29.0355495800
-25.5165760534
-24.4826652036
-27.6993245229
-29.8447952478
-28.7574375626
-31.3912635091
-29.8904539924
-25.9136812799
-28.1808444890
-27.5531463529
-26.3416015343
-29.1111287902
-30.7686777652
-29.5081964338
-31.1291914446
-26.1051790351
-25.3187620074
-28.0699890968
-31.8973702028
-32.0743711574
-33.5489509672
-30.1219880919
-28.8346647938
-31.4017910825
-29.0662442060
-29.3204866501
-33.4132201135
-32.3174568280
-32.1944012710
-34.7238289372
-31.0087871870
-29.1238740011
-32.4489854365
-32.2365270886
-33.6083620930
-32.5628869928
-28.0729640596
-27.5512899187
-31.0618833310
-30.2824520175
-30.2876277753
-33.4509948306
-32.9489738993
-32.2004521655
-34.4471617337
-31.6274192809
-29.5263788934
-31.1194522727
-31.2102402901
-32.1928995490
-31.9802871333
-30.5346956093
-28.9135659234
-31.4470446244
-31.3465770071
-30.5910916527
-34.4663202971
-33.4132201221
-33.0377591856
-33.3525247696
-28.9767132321
-27.8793276583
-30.9108232850
-31.1014083405
-32.0032660302
-35.2985395324
-32.1167597716
-29.7257244130
-32.6090014213
-30.3583199260
-30.9214583153
-35.0430284502
-32.0637594281
-33.1641910083
-35.0636084928
-30.2092587169
-27.0798987823
-28.2885799472
-27.8184018508
-29.4126158522
-34.0843851491
-32.6691750722
-29.7298515513
-30.7655901627
-29.4615745063
-30.0737867787
-34.3201939348
-29.8344087713
-29.5994919277
-31.2370744652
-28.5163183332
-24.3044006879
-26.1148664269
-28.8896316178
-30.0705412554
-32.7612369493
-30.5417135528
-27.1125896694
-30.1450847898
-28.3636542797
-28.4818694031
-31.5113311765
-32.9172992708
-32.2141825419
-34.0037415257
-29.1430688254
-25.1974010272
-27.1814706924
-29.4722716753
-30.1435442482
-33.4043936322
-30.4630363946
-27.6950549889
-29.9337164553
-28.1582979880
-28.5979484511
-30.3831656254
-30.2944657782
-31.1555000218
-30.9629834540
-26.1113891677
-24.9899319537
-28.6335663841
-31.1454372068
-31.7057585565
-34.4288782893
-32.8014195986
-28.5070659272
-30.6333080852
-28.0046694654
-26.9864840433
-30.0968329875
-32.1407238595
-30.5748303599
-32.6429493518
-27.1356798934
