-15.8932751023
-16.3501152663
-17.3761682785
-18.4181161813
-19.7099153319
-16.2288824165
-18.3516171410
-21.1666498733
-22.2386268548
-23.7136719137
-27.6855241930
-30.4039786412
-28.8347709024
-26.4993144313
-20.7916638649
-17.4269781934
-15.8263579153
-17.8065716545
-20.0281337165
-23.2337869618
-21.3386097752
-19.9522411682
-19.9981795446
-19.5198894330
-21.9093695393
-25.3767904696
-27.2856874492
-26.2338505304
-22.8256764106
-15.2675107901
-14.4756691467
-17.4319338641
-19.0569544380
-20.7779322324
-23.7949952664
-24.3329786698
-21.0273057889
-18.0294139843
-18.3173869790
-20.1016700877
-23.8421388734
-25.9080096800
-25.2496388464
-18.0273310144
-16.3194063808
-14.2881133232
-16.4628154858
-15.9402090435
-18.3049602538
-23.1635155195
-24.3547212309
-21.0399474137
-19.0593519713
-17.1988811127
-18.8338699952
-22.4924693146
-24.7821521387
-16.4774378453
-14.8575217139
-14.5792360721
-15.0995537307
-17.0892270513
-19.5130631049
-23.0863374728
-28.1377373556
-28.5815007044
-23.9182955156
-21.0443386558
-20.8701714833
-22.9921032354
-26.4686741731
-18.7649578802
-18.3863897534
-21.1489244188
-16.2894975434
-14.3694470318
-16.7525996206
-21.1401432291
-25.7754790234
-29.2439041051
-25.9938303774
-22.2163224475
-20.7238172066
-21.0219474967
-22.7396149119
-18.3298694021
-18.9201205448
-18.7880494311
-21.4731302475
-18.3671017003
-15.8805778045
-17.8589312123
-21.6553186656
-25.8961033639
-27.2769644654
-22.1121095177
-18.8187557007
-17.4570669573
-17.0888658574
-15.1128685532
-17.5436049013
-21.9798248463
-19.0237068667
-18.4155412296
-15.7415780411
-17.2226704491
-21.1533285912
-23.3192529569
-26.5577197083
-28.5269183734
-25.9823033812
-23.3672290260
-21.0847970617
-20.6622583347
-21.1001599246
-23.2995597023
-27.2682196131
-26.0004949280
-24.9473193384
-17.6685117806
-16.8259470162
-17.6407118326
-19.9783853420
-23.0204080836
-22.7336378200
-19.5646860431
-20.8748514298
-20.5951146178
-18.8258034319
-19.4320841284
-22.9455239999
-26.4129927440
-26.7250812200
-20.4814965365
-18.9307361353
-18.7439752234
-21.7397230898
-24.0944498672
-26.7706648814
-27.7931030478
-22.5382459073
-20.6224096842
-18.7604734106
-17.6162752118
-18.9541331985
-22.1854840948
-26.0013778112
-24.8888415884
-22.6332672474
-20.0090994081
-20.1499685379
-19.2271783079
-20.2573221084
-21.7073196232
-23.7970859843
-22.4546622193
-17.8919988027
-15.1303661540
-15.4843203667
-18.1233582397
-22.1165499491
-24.9480313214
-22.3010116767
-20.0424310965
-18.7356924498
-17.7359662189
-18.8314193490
-18.6491597232
-21.4557581960
-26.1329815630
-25.8336667793
-19.7135362740
-17.2124250711
-17.0932920590
-18.7929455443
-19.5464776528
-22.2406916979
-23.7034654260
-25.9820936552
-22.8741172596
-21.5600526671
-19.2670580475
-20.6630765283
-24.9542958482
-20.5340735695
-19.8832694840
-23.2161883151
-26.3548787744
-26.5935448040
-20.3375475984
-18.7866732664
-21.7613038401
-18.8334725731
-17.7821764712
-19.8946566737
-22.8140122041
-21.6164823691
-20.3184913022
-23.3539064173
-19.6572696643
-19.5640322665
-22.5482685884
-26.2112845884
-24.7785493227
-22.5321069841
-19.9383334340
-22.5520837400
-21.2303771871
-23.0180635709
-24.7076500174
-25.6855466566
-22.8532808439
-17.9116791044
-20.1471786559
-18.5255124518
-19.4541425828
-23.0242982852
-25.3070705427
-22.2226361305
-19.9554491338
-18.6810440736
-21.5638108217
-22.2954359207
-19.7886779590
-20.4841802397
-24.3340777693
-25.1504696827
-19.5878578305
-21.7835784993
-20.3119691747
-19.7940375477
-19.9225290981
-22.4627935024
-23.9043696657
-26.0488968853
-22.7902863283
-25.2016847951
-20.3649669458
-19.6614136337
-18.8833374579
