-21.5507924717
-19.1785976656
-20.5988637541
-18.7039517951
-18.5361034892
-20.1137097586
-17.0529462840
-19.2802252721
-23.1718992767
-26.7662464571
-31.1798304504
-29.6562788910
-28.2780380918
-30.5800552612
-24.6203133251
-19.5485127725
-21.5126423178
-23.0760416467
-25.2586608425
-25.3075068747
-22.2914084636
-23.0678171384
-26.7143012022
-26.6899578108
-27.4832568330
-30.5124675603
-29.4861703454
-29.0035422321
-30.9408123712
-18.7133893097
-16.8337300735
-19.0411812001
-21.7003521593
-23.4614063001
-24.0387360734
-25.7768292903
-25.6854612894
-25.2575850451
-25.1271710292
-26.1963955807
-29.3044143623
-28.7413471530
-27.7380870298
-16.4816983122
-15.7261646969
-17.1289734682
-20.3933546482
-22.0502257503
-21.8423773378
-24.8689761680
-27.7193737883
-25.8552255401
-27.5219053999
-25.7228903601
-26.5807750131
-30.1905739551
-28.4530040163
-18.3846847609
-19.8666521788
-18.1794255138
-18.4480612623
-20.9385049535
-24.5058292249
-26.9427645750
-30.3750382046
-31.4959968101
-26.8396961031
-27.4952757659
-27.8688699917
-28.0550728857
-31.2454646680
-16.6149086692
-17.2498671146
-20.6995074860
-19.3856654623
-19.7761865004
-22.8307745164
-25.8232518507
-28.8771595748
-30.3532658665
-28.7001365961
-25.4765086168
-27.2483062949
-28.0648029938
-28.1113420651
-17.4238789483
-18.5666829058
-22.0879745854
-24.9557898295
-22.3798791940
-23.5110718043
-25.9756168681
-27.2756596099
-29.8223380583
-33.1382617557
-28.2352637157
-25.4534559222
-26.8289031421
-24.8062094646
-19.5307329200
-20.9219704874
-23.4055837366
-23.9519651400
-23.7311592268
-23.9121009466
-25.0774084311
-27.1271977765
-24.9672741037
-26.5535330354
-30.0242843986
-28.3425344066
-26.6557354299
-28.0366120870
-16.3894642050
-17.0159314610
-21.5084556245
-23.9609832267
-25.5907208857
-27.3581817014
-24.6688163326
-25.4538624232
-23.5201093110
-25.7050755562
-25.9293716655
-26.6006261974
-25.3133817067
-25.3003193334
-27.7576805788
-26.9499547052
-26.8731145538
-30.2794032598
-29.7318749894
-29.1738799724
-29.0342549945
-27.6224662581
-27.5322905756
-30.6660067398
-29.1684440026
-29.8371054058
-31.7825831641
-26.5356314971
-25.0435265175
-27.5560604537
-26.3468963883
-26.7236973155
-29.5866263264
-31.3073821295
-28.1043228171
-28.1594540594
-27.5625825935
-22.9458489896
-24.6146573136
-28.3405873490
-32.0268533757
-30.3654440352
-30.4231514964
-27.4724586848
-25.4388983013
-24.6938523351
-26.1712301183
-28.4912784519
-31.1599935231
-25.3749586857
-23.6219932461
-24.9152848215
-25.4846321478
-28.3892158799
-29.3590937933
-28.5393218310
-30.7750030953
-30.0569468060
-27.0439287069
-28.2396471850
-26.5168716552
-26.1089644163
-28.7832321812
-30.7544619183
-29.4386629287
-30.0507470362
-24.7821210957
-25.2176988450
-24.9319163708
-25.1715572088
-28.5707038769
-27.4095379241
-26.9983074973
-30.3305652945
-29.6875962678
-29.0920051789
-29.0082545302
-27.4920574301
-29.6251286048
-29.3197823930
-24.0677050230
-25.9341396191
-29.2516806986
-26.1617149101
-24.9788101570
-28.3917985531
-26.7402032826
-26.8457560667
-29.6623596032
-31.2643099637
-28.0376464599
-28.1544194144
-27.5440855485
-29.8453143688
-29.3290102042
-31.5508043921
-29.3865610194
-28.5745268061
-29.7602238300
-27.2724231368
-29.6175151353
-26.7285066929
-26.8507039705
-28.7844918175
-31.2665146367
-25.3779478844
-23.6029615345
-24.8820023066
-28.2041988270
-23.3695450456
-24.7652798221
-28.4874658957
-31.7303026031
-30.2719801128
-27.0365262638
-29.6251596699
-27.2587251238
-26.3132617504
-28.8827961983
-30.8063437418
-29.4768363843
-30.0678407486
-24.7470378115
-26.2563284367
-26.4981066334
-28.9041814651
-29.5727173015
