-29.5277135926
-21.7196634884
-22.7908287554
-23.7019663045
-27.7036756216
-24.0194674380
-25.7573910642
-23.1078742185
-25.0885962289
-24.7592263428
-27.0435532629
-25.5473859123
-27.4288738585
-24.1360501066
-25.9609530789
-27.8636942291
-21.2119176863
-22.0371465339
-25.1766863566
-28.6919263151
-24.5268960189
-26.0416731070
-22.4324963480
-24.1671085157
-24.7446454211
-26.7838178745
-25.8209060558
-26.4770113483
-23.3103850470
-24.1930921567
-28.1391031658
-23.0707001719
-24.3070765888
-26.3833066225
-29.4880345373
-26.4704244900
-28.3463443609
-23.4895984924
-25.2222622466
-25.2448566727
-27.5797526746
-26.1565365596
-27.2338664797
-21.8354538683
-22.8641942487
-27.1451420216
-22.4890749446
-23.4427927322
-23.6382299420
-26.1793497457
-25.3635016020
-27.5075173597
-22.9393514537
-24.4272374801
-24.4545247803
-26.4658054029
-26.3568271497
-26.2964062288
-20.9182459628
-22.0687810445
-26.9137412370
-25.1483375046
-26.1810430788
-26.3263034081
-29.2279185609
-26.6119499314
-28.5704307174
-24.7457924065
-26.0436745401
-24.9336782959
-27.1629749397
-23.5594724986
-26.2261956511
-22.5349447260
-24.4397509506
-28.3689711418
-25.0956633843
-26.3919829294
-26.2162441718
-28.4921885322
-26.4199485802
-27.8858458812
-23.8749463130
-25.5683724335
-25.3917365274
-26.3875632076
-26.0439231065
-27.2512113441
-22.1451914103
-23.5184444562
-28.0991820151
-26.0799863973
-27.8566892230
-27.6007055593
-30.0575759590
-26.4594839391
-28.1534847061
-23.4982333829
-25.2275972372
-22.9766238875
-24.7090805360
-26.1790209346
-27.7310690725
-24.3257691221
-26.0785390413
-30.9345659853
-26.6257605750
-27.6176840494
-27.9797914128
-29.9499376128
-25.9563288201
-27.5517818459
-24.2675735877
-25.0953643257
-23.4637145403
-25.4740864314
-24.1354429442
-24.9176552014
-24.4467546763
-25.9493199381
-27.8004239358
-25.8164979977
-28.2275324385
-27.9323137679
-30.1356226747
-30.0361816498
-31.5979920511
-22.8277969529
-24.1783222216
-25.9095826234
-28.4813243715
-27.2668732518
-28.7131225902
-25.7073372019
-27.5794173791
-28.3441979520
-25.3007180628
-26.7447200838
-27.9133105394
-28.2069575978
-30.9966724559
-30.9517736239
-22.5747040519
-23.7929135621
-24.8126267299
-26.2146777157
-27.7571847600
-28.2622506588
-25.2788796886
-25.9926018350
-29.0039577952
-26.1199101335
-25.2045057195
-25.3650214534
-27.2847657242
-25.3904963171
-27.5170092717
-23.1135470940
-24.7575602017
-26.3806242420
-29.2471561171
-29.6762505139
-29.9360027077
-26.9622377365
-26.8965193745
-27.6013347300
-28.3645229533
-28.2893541122
-27.5847925106
-27.7888788073
-26.5902863332
-28.3368213894
-22.8380798573
-24.3041443450
-26.7877469605
-29.4078919055
-30.6724304804
-31.7335571927
-26.3126235084
-26.6466992164
-27.5828441561
-27.2112319447
-27.9898658820
-24.9151773634
-29.2382053503
-28.0118168800
-29.5537166573
-23.8998010644
-25.1687285226
-27.4997407993
-30.2925510739
-31.2649015879
-34.0106636731
-26.9424875228
-27.0732976852
-28.2675934021
-28.1938667426
-25.8285622466
-26.9612499665
-29.7048012962
-26.2990627222
-25.9311413576
-22.3338294581
-23.8651191057
-26.8526057210
-28.6880283292
-29.3880989908
-26.5291974066
-27.1077168445
-27.3311934617
-30.9131392950
-24.9375387496
-24.3283764241
-26.5581352861
-29.5237405188
-26.5116687131
-28.1569723294
-22.1856834771
-23.6847651254
-27.4964810275
-28.4259782420
-27.8173260506
-27.7726084604
-27.2093703320
-30.1721066851
-27.4791620513
-24.2483671110
-24.6090543521
-27.7343288390
-28.7868764360
-28.4650449629
-30.2455472508
-22.6879143233
-23.6088130471
-29.1041703901
-30.5613731369
-29.9861717957
-28.1432730278
-27.4063441849
-29.4215355496
