-34.7731824252
-37.2870049344
-40.1415193889
-38.1972953415
-33.7587243246
-35.2630290304
-37.2754287336
-40.0984303959
-43.4696912915
-42.7943501268
-37.6055674719
-38.4968223059
-40.3906571786
-42.2460738234
-44.9504016946
-38.7842876393
-34.1174281603
-34.9510999276
-32.9674929450
-28.3615233939
-28.0369538608
-31.2095554433
-35.8646437220
-38.8955598458
-32.1381838700
-31.2744478655
-33.2405275643
-34.5780611802
-35.2396669641
-28.7519187161
-30.9085434914
-34.9666245794
-35.9430490131
-32.8141971653
-32.6610878019
-34.5044575098
-38.4866041669
-42.6222415132
-45.5437942712
-39.7010095113
-38.4433132371
-40.3119166409
-43.4577345209
-31.6281092506
-32.5021165083
-33.6615203706
-33.6069069824
-30.7529368949
-31.0594300994
-31.1987599036
-29.0506871727
-30.7365254242
-33.9790304715
-36.9096202954
-32.0293894703
-32.3672245890
-35.2465127300
-29.7246485888
-30.4283634848
-31.5287588966
-32.4756927540
-31.7163935782
-32.6907545282
-33.5876694401
-33.8228516538
-33.2252216728
-35.6160923300
-37.5305566232
-40.4604858489
-31.8187551735
-32.2547354400
-28.3189768189
-29.6922930162
-30.5160652226
-32.2555743318
-32.8447856401
-32.7228796755
-34.5964145182
-35.4189152856
-31.3645458499
-29.3310375266
-31.6854361376
-35.7807079692
-39.1218883478
-33.3407608561
-26.3525847898
-27.4958414950
-30.0329283511
-33.0658853489
-33.6493279692
-35.7645217706
-33.2198012446
-34.8914493045
-31.8330991895
-30.7412157151
-29.5061548734
-32.6584507205
-36.3768128756
-38.1204772585
-30.6841451268
-28.8783311535
-29.3353834480
-31.6769760266
-34.1323197750
-36.8520060634
-35.9191677949
-32.1397788052
-32.5429943853
-33.6037650224
-32.3611063783
-30.9255272003
-33.6328957832
-37.1743591695
-31.1082217225
-29.8728553868
-30.6311590861
-33.8904626820
-35.9312307427
-33.3202494480
-32.4668468516
-29.8775534295
-28.8866488067
-30.7092315867
-32.4248193741
-32.0463368689
-26.0737036581
-24.9385756649
-28.0632196603
-33.3202183199
-34.2621729868
-35.8136406652
-37.2744783172
-40.7831714650
-36.7369701775
-36.3513351610
-35.6214777777
-35.9818477378
-36.9094843540
-39.6951567011
-38.3691723148
-26.1622987556
-27.5012437991
-32.5854192523
-36.8648431673
-30.9691184863
-31.8859493642
-34.9499697545
-38.5299533529
-32.8165908436
-31.0624892046
-29.6115742993
-32.3122499954
-35.8312188229
-33.6012017432
-30.2373227549
-32.4304055478
-37.5411036059
-41.4274634919
-44.5731517946
-42.1636139323
-41.7216541328
-42.8398211699
-45.5983493761
-33.1335183776
-31.7143999180
-32.3572666386
-31.9198701063
-33.3938246376
-30.1269916689
-30.4634985620
-30.4816810224
-32.4398146032
-35.2504430971
-37.5713412438
-31.1469104351
-31.1261116276
-33.5381398820
-31.0173819480
-30.9703664738
-27.3577298850
-28.0247562669
-24.8739952496
-24.2931688372
-27.6730457038
-32.9676249716
-33.2623697184
-34.7108518886
-35.2844893292
-39.3058579511
-35.6151795093
-35.3670009776
-36.9745333575
-30.3314934973
-28.4754715029
-30.2535050201
-32.4144432923
-25.6283752097
-27.2689419882
-32.8482499368
-37.4805610194
-31.0395077081
-31.9086525157
-34.8952825713
-38.4388261826
-32.8008939911
-31.0442225982
-34.1869383443
-36.5877164020
-36.3866335882
-37.0624137484
-31.7029117532
-32.8762945555
-37.7180579191
-42.1386116068
-44.4265646019
-40.2081996236
-39.1641604550
-39.8740308719
-42.5035526298
-32.2978800856
-31.4105748617
-31.4481010230
-29.7573718613
-32.4578455883
-35.8570496908
-33.7223218893
-31.1044182522
-32.6665172894
-36.9304747707
-38.1480299188
-31.1839200550
-31.1379324910
-33.5042036113
-31.0519486849
-30.9677721236
-27.3458002748
-27.9757095839
-30.4872619790
-31.3740960216
-33.1725812255
