-32.2837445191
-34.4108926194
-34.7511990738
-30.9992914057
-32.3845487353
-33.3201355272
-30.7260392834
-27.8132416310
-29.9257405218
-32.2425650403
-36.3400531099
-33.4991391915
-30.1414483121
-30.7526572649
-34.0183599840
-29.6810857934
-32.7930759883
-35.3158442707
-31.4878965863
-33.5800637433
-35.5720298291
-33.5804145813
-30.8061780327
-31.7223525577
-34.5740453749
-36.7402224737
-33.8047145042
-32.1646076731
-33.1270001600
-31.6192141991
-35.0689538300
-37.4898315499
-36.2267082619
-32.9125817996
-31.2214397526
-33.4862218121
-34.3081840774
-31.3755084139
-31.6704461404
-34.1342021062
-36.4926070905
-34.1568003997
-35.4329460171
-37.2074125243
-33.7293463095
-32.0220854247
-35.9813946281
-37.9475232108
-36.1226455783
-36.5258080307
-36.6080672972
-35.7637450207
-32.5896784457
-31.4010933157
-34.1093952562
-35.2887291748
-34.3233902804
-35.1284115656
-38.9848577684
-38.7470657178
-30.4832888885
-31.9488856552
-31.5751037739
-32.8309413375
-34.8736604046
-37.0325476728
-35.3271071590
-29.7160706843
-29.5075711494
-32.5602991099
-35.3496782612
-31.0604139798
-32.7431502944
-35.8488523720
-33.7851054168
-32.2670314168
-34.3298657931
-34.5311919987
-34.3229371708
-36.1948912211
-38.1602728093
-34.2518851251
-29.5115170433
-29.2207452780
-32.9303784628
-34.2344185802
-31.2221388251
-33.3032683625
-37.4027810215
-29.8345757788
-30.0306252848
-31.9013963648
-33.1660992403
-32.6013827965
-36.2295589214
-37.6715836000
-33.1513072956
-28.5643241691
-29.4117963867
-31.0356330200
-34.7188875029
-29.3303552761
-31.2242282850
-33.4304381133
-33.4881390988
-34.5995771892
-34.8786613837
-33.5898831811
-33.6039397942
-34.9881910879
-36.9025479517
-33.8901338584
-28.7501503332
-28.1030942577
-31.5651225135
-32.1603601365
-31.1408103560
-30.1813189706
-32.1889148114
-31.7654855667
-29.2281308867
-28.1163029142
-27.6949773162
-28.2678173800
-30.0756988831
-33.6601662305
-28.8302360045
-21.9837642787
-23.4637391427
-27.0440866411
-29.0472422805
-29.9123687478
-27.8473798627
-26.8763212424
-29.6133362239
-28.3179100850
-28.2018595081
-28.8826706245
-32.2994698287
-33.7417859830
-35.4378110565
-27.1327010555
-23.7423949373
-24.6749177173
-27.7333915611
-29.0796457652
-30.0854484073
-27.2331026798
-26.5519652925
-26.2632195255
-28.4821956331
-28.7459351531
-27.0115653433
-29.0814840626
-30.0723873332
-28.4460365591
-26.9938191660
-23.9834054583
-25.8540267527
-29.0474973028
-31.6487682945
-29.2471807181
-27.5105583510
-27.9323513025
-28.6542357584
-28.5350574608
-30.2601942019
-27.5085129009
-28.0007856996
-30.6797332317
-32.3504286351
-26.9000419382
-25.0563545765
-26.4850209481
-29.9621352142
-34.1670198499
-29.6402001697
-27.8020784089
-29.2314553738
-29.3548113023
-29.6525880731
-29.6851469079
-28.2653524753
-27.7153864618
-30.2993813161
-32.5542650527
-28.2823555764
-24.1351322537
-26.1740626711
-30.1035596556
-32.3880194827
-32.7371667177
-31.1154765859
-31.5635689869
-31.1981708648
-31.5287498277
-29.9498457128
-24.6412455300
-25.5829274792
-27.8788952642
-31.1646592129
-26.6586547175
-24.0562569981
-24.9533780152
-27.9886890993
-30.4495869396
-32.1007832906
-28.2908415832
-29.7584605923
-29.1108867137
-28.1096021380
-27.7129888896
-30.3319725158
-32.5565409347
-28.2775073519
-31.5044918687
-30.2223702788
-31.8850975227
-33.0818164778
-32.9603455387
-31.2338263298
-31.6607043513
-31.2390914293
-30.6186598599
-30.7148449920
-25.0578990141
-25.8921044146
-28.2135884652
-31.4535758213
-26.8969478777
-30.3362316877
-28.1858234737
-29.3949512315
-30.9872763538
-32.5155478692
-28.5683736306
-30.0434377898
-29.3487694700
-30.2032246581
-32.9355697551
