-16.9335983466
-16.8569238685
-19.1275469244
-21.7668900014
-23.8948207846
-20.7241939284
-16.0614082241
-16.3067504904
-18.1100408440
-21.4565556430
-25.8184877319
-28.0074735339
-23.7263187635
-19.9543513512
-18.6268539823
-15.6845243171
-16.8138128475
-19.6478437845
-23.6912755959
-26.6064893417
-21.9854433240
-19.6599067434
-20.2088916086
-20.1825131317
-22.9250139011
-26.3916230038
-27.6575650592
-26.6614264261
-22.3739150188
-17.0287452725
-16.6081859122
-19.3037427298
-23.7503346148
-27.8400563815
-27.7684838706
-25.6538371144
-23.4254931771
-22.9151167930
-22.7975398922
-23.9301707719
-26.7695139760
-30.3956091526
-29.2740006490
-23.8968973027
-19.4490160417
-19.0920040740
-21.7633531906
-25.7829293692
-29.6232126190
-31.4422818345
-28.1211640565
-23.9754838759
-22.7120622349
-22.0619197429
-23.5625199435
-26.0584884709
-29.0337203066
-26.7189176849
-23.4901525681
-18.4490865624
-18.9099709849
-20.7399594233
-24.6839785109
-29.6396163042
-32.0099279035
-27.6914948285
-22.5092225838
-21.3986009057
-20.7665981181
-23.0736414655
-27.7302832299
-26.0508413797
-23.5604654387
-20.7172627183
-17.2483964630
-18.2054712897
-19.0707534263
-21.7624366156
-26.0514148715
-30.8476500688
-31.4723654027
-23.7864781698
-21.9376925124
-21.0563757264
-22.5598163073
-24.8076101716
-27.3234479382
-26.9573144154
-23.7717807263
-20.8655200565
-18.6235463186
-19.7106299251
-21.9887574899
-25.6802440951
-29.8598680933
-27.1962807511
-22.4419766016
-21.4312542447
-19.8863933269
-19.9813331120
-23.7564696355
-26.1683276524
-26.1418753738
-24.5446279694
-20.7011270078
-19.0481382986
-20.3781393628
-23.3070657154
-27.0166802485
-29.4643707856
-25.5719972470
-21.4815372873
-20.4224232640
-17.4032639583
-18.6842184020
-22.5259990989
-26.2810394801
-28.6324685840
-22.0413668747
-18.8069011716
-20.3492299544
-22.5289844407
-25.3193704506
-28.5263397172
-28.2759628773
-25.8153807493
-21.7598267392
-17.6562287460
-17.8847854037
-19.2132860991
-23.0290533137
-28.0060559342
-25.7294655585
-20.9994307665
-17.7202382843
-19.7040896853
-23.0002332575
-25.9029219720
-29.9781142809
-31.9497167543
-28.2934605052
-21.8415565554
-20.0858230626
-19.0340493206
-20.5172491438
-23.8378136801
-27.8479274543
-24.6910249546
-21.0511456059
-21.1511083854
-22.6816925519
-23.4605169145
-25.5612496304
-29.6585056169
-31.4733907329
-26.5423205986
-21.9745144579
-19.3419356116
-18.9933073896
-21.3984598056
-25.9033491655
-29.1528817797
-26.6931774421
-24.7714446421
-23.8398811580
-22.6248097306
-22.8283821181
-25.1726873761
-29.3398096292
-29.8371519780
-26.6584125931
-20.6563071378
-18.5857819358
-19.3564453446
-23.0164194602
-27.2018591232
-29.2338620162
-28.3437810936
-26.6062175043
-23.8429363790
-21.1744795488
-20.7710256066
-22.4601642479
-25.4702428154
-26.6223959213
-21.2766948887
-17.8790788665
-17.8425767065
-18.5987174566
-20.8307086289
-23.6980825268
-27.2128708637
-26.8243940971
-23.9796835117
-21.0942268522
-20.2915470837
-19.8685992477
-21.0351484112
-23.6690941708
-23.9077964197
-20.9074011955
-19.7954395886
-18.2838921561
-18.3665333831
-19.4906577051
-22.4325778960
-27.0188240720
-27.5546972676
-23.2148834174
-20.8208645958
-22.0121079484
-25.3392048094
-26.5201792916
-21.1906100787
-17.8603008900
-21.4334498736
-20.7870720118
-21.6756605105
-24.0870383570
-27.4212642612
-26.8350097029
-23.9661732107
-21.1175384676
-24.4084245517
-21.1155098469
-21.3249519121
-23.8766629419
-23.9997042706
-20.9812547554
-19.8875416404
-23.7160280822
-20.7650640419
-20.2461873673
-22.9603069141
-27.4707990102
-27.7711533433
-23.3111592044
-20.9464744220
-24.1829167042
-21.4411487866
