-30.1862694620
-29.7158376606
-31.4809653772
-32.7731626777
-33.7889697588
-32.0444584577
-30.9221819922
-32.3275882551
-30.4910887718
-29.8473352252
-31.5488521642
-32.8084336675
-33.7969677095
-32.0402031542
-30.9137425869
-30.4263568949
-31.7797273080
-32.9284068162
-33.8248090704
-32.0338545053
-30.8991849688
-32.2219293401
-34.5572817881
-32.6852227603
-32.3980033702
-33.1149294402
-33.8761005573
-32.0431910582
-30.9048539603
-32.1637377077
-30.2831433238
-29.7688975584
-31.0398663202
-31.6932904027
-32.1999628130
-31.2377515351
-29.1784136115
-30.5084841223
-29.8945358239
-29.6806003254
-31.0125220775
-31.6811653118
-32.1992702095
-31.0677387530
-29.1344132247
-29.4142858751
-30.9102860425
-31.6392453279
-32.1785840229
-31.2400960301
-29.1841408598
-30.5539901100
-33.6104787476
-32.6930498296
-31.8358812645
-31.9074356123
-32.2555393818
-31.0817021561
-29.1574607382
-30.5432100935
-30.6958987355
-30.5518579342
-31.1541756625
-32.5361084831
-34.0589685595
-33.1915210220
-30.7220105319
-31.3016548768
-30.8192844202
-30.6095977592
-31.1851615750
-31.3104412279
-33.5849197425
-33.0931130848
-30.7021088633
-30.2662347430
-31.1037127057
-32.5307773787
-34.0334561586
-33.1827527926
-30.7099281620
-31.3530667662
-34.0412702764
-33.1901966594
-31.8255219883
-31.4665372114
-33.6415669311
-33.0958420717
-30.6941432764
-31.3507921789
-30.4357167472
-29.9381814972
-31.7924712100
-33.1974100928
-32.8148561123
-31.9050095585
-29.9970191299
-30.6513494453
-30.1223751783
-29.7295356738
-31.7267696844
-33.1764028495
-32.8107742833
-31.8986479638
-29.9958462351
-29.7235909355
-31.7065702616
-33.1476332699
-32.7998984681
-31.9048399678
-29.9983512588
-30.5383657577
-32.7728455084
-31.7319428511
-32.3937674849
-33.3968047813
-32.8592733505
-31.9186298960
-29.9969207413
-30.5319562631
-29.7653646325
-29.7128148022
-31.5246226956
-32.7910978695
-33.7818469481
-32.0360061070
-30.9076217850
-32.1995407735
-30.4026491374
-29.8300809841
-31.5461115261
-32.8082964417
-33.7857423565
-32.0252196179
-30.9065977675
-30.6566365376
-31.8635815158
-32.9246525173
-33.8167748713
-32.0267200428
-30.8972262604
-32.1579806850
-30.3992573229
-29.8273714159
-31.5458487251
-32.8049059216
-33.7771553694
-32.0240985065
-30.8951018450
-32.2054777436
-30.2880744014
-29.7746429308
-31.0323965597
-31.6797309107
-32.1961865062
-31.0947943028
-29.1531005728
-30.5335628396
-29.8978499639
-29.6806326903
-30.9991632460
-31.6644211386
-32.1901239608
-31.2306792125
-29.1848994871
-29.4317355991
-30.9090820776
-31.6294323672
-32.1674298715
-31.0721299881
-29.1583501187
-30.5450367540
-29.8903750252
-29.7520083905
-31.0168472890
-31.6651577580
-32.1845274663
-31.2267540283
-29.1804008009
-30.5567864154
-30.6963479566
-30.5694164024
-31.1647796153
-31.3491325164
-33.5899492082
-33.0812249037
-30.7008000370
-31.2584454869
-30.7290854443
-30.5859430859
-31.1726183326
-32.5544721828
-34.0481445282
-33.1872100514
-30.7120901203
-30.2708512365
-31.1089894377
-31.3260500508
-33.5662751186
-33.0754510512
-30.6976995037
-31.3526848638
-30.7622695642
-30.5998016278
-31.1809580547
-32.5432092863
-34.0382331799
-33.1837677478
-30.7098867352
-31.3586619667
-30.4240512338
-29.8115127383
-31.7378694633
-33.1772339736
-32.8029511014
-31.9012474921
-29.9954643322
-30.5200603133
-30.0113022973
-29.8343815985
-31.7494262311
-33.1681718732
-32.8069267743
-31.9080492461
-29.9904620522
-29.6101541385
-31.6561668566
-33.1170266732
-32.7848786839
-31.9023517738
-29.9978877971
-30.5198039852
-30.0091804711
-29.6817771047
-31.6795781470
-33.1283335853
-32.7876659270
-31.8979281741
-30.0011656884
-30.5285877504
