-35.1478135239
-32.6329823416
-29.7812492009
-30.1277036933
-27.8533375473
-26.7586614919
-29.4209154437
-31.0835003344
-31.2692798757
-31.2520748312
-28.8494929759
-29.5638273774
-31.9931915608
-31.3446545496
-32.6333279952
-31.4887341880
-32.6730989681
-28.7909039025
-29.7651367854
-28.2107843924
-28.9653364119
-30.9914967022
-33.6637949643
-34.2599283906
-33.2288788784
-28.7641422206
-29.9883687049
-30.0870459302
-31.1198419497
-31.8572069717
-36.5785274313
-38.2725716448
-37.9044601278
-38.4668086701
-38.3543506129
-36.7486787153
-37.9033895055
-39.8012945943
-40.6735526150
-37.0905114529
-36.9687621519
-38.2988115989
-39.0056410571
-37.5694174997
-40.2857194078
-41.4344684989
-41.9485030479
-37.9138031489
-37.3496939632
-36.9170434573
-37.7035495106
-38.3892332222
-40.7402121123
-39.4834414934
-37.7562598568
-37.7212335499
-39.0912390500
-38.7432415146
-39.0771643172
-41.3158262159
-34.3129170776
-32.0748980520
-31.0595996899
-33.4712784088
-28.8115098247
-29.8094401034
-32.1050036468
-30.0779177902
-32.8701051490
-30.4820020772
-28.2755175771
-29.7067923851
-30.1870319781
-33.0906106424
-31.7401298099
-31.4680648294
-32.5305922571
-32.9474747690
-35.8751363411
-30.3576765180
-32.2429508213
-32.1110182934
-33.2646974789
-33.1950914886
-30.8037739864
-27.4495328686
-30.1126502466
-29.7767893543
-33.1396120038
-32.7911729590
-34.2123420096
-33.4354080227
-33.5070581739
-34.0297316332
-31.0204501155
-30.7697082530
-31.5868133063
-33.1008016236
-32.7661874523
-28.2065135535
-28.7590467314
-29.9019563942
-29.5197493196
-29.7684884674
-31.3154771741
-34.2844763186
-32.8316792496
-32.1922548467
-30.9950645796
-28.2975061107
-30.6976891295
-32.1302869062
-34.6243607361
-32.7241781410
-30.6654669026
-26.7005035081
-28.7500726583
-29.1280723400
-31.4026390470
-32.8631648685
-33.4102166887
-34.8390172922
-31.0892288703
-30.4729011368
-28.6110237641
-29.2260608386
-28.6955201055
-29.3090321481
-32.3314992012
-30.2490970120
-27.0454835048
-29.4648213245
-31.7592637879
-32.0329961878
-34.7280725720
-35.8530791943
-36.7026652553
-31.7358136606
-31.9025666741
-30.7921032930
-29.0139144569
-29.4277301499
-32.6619305709
-33.3830239144
-31.6036597476
-27.2451979991
-30.2169653839
-31.5746675015
-31.9067378293
-31.2308656325
-34.2051013874
-34.2494849632
-34.8732280122
-34.5470014795
-30.8033493596
-29.5046557348
-32.2739807524
-35.3215378539
-34.4521018763
-30.0362955721
-28.8660118981
-30.7806966985
-31.8048888762
-32.4799040397
-36.0642274012
-37.5688155046
-37.8156709638
-35.4356050955
-33.3940136515
-28.3219271889
-30.3919196092
-31.7628886293
-34.6497475645
-32.8299250884
-32.7699352778
-30.1854836482
-30.3812470468
-29.1349491827
-31.0189056754
-34.8878076304
-36.4642893197
-37.3139543244
-37.2127488113
-33.4246500254
-30.0787657549
-29.5712078143
-31.6381488103
-30.0127612827
-31.4648892107
-31.9206947587
-29.9280176905
-30.3954784207
-31.4717582834
-34.4289507901
-36.8727129477
-37.1137841987
-35.8787054996
-32.0374379073
-33.6128323054
-31.0094940378
-29.7370585129
-31.3730629382
-33.8130464614
-33.0781994541
-33.5330068488
-30.9052643285
-31.8124544321
-32.1447655571
-34.2803038702
-35.8520228078
-37.1745779575
-33.4409035495
-30.1177638605
-29.6107017471
-31.6763507437
-36.2230277424
-33.2373545306
-32.3185080332
-29.9874378884
-30.4070377779
-31.5012722514
-34.4888952866
-36.9041053541
-36.1112312260
-37.5225586757
-32.9235741241
-33.9022887312
-31.0272751740
-29.7479291508
-31.3099013895
-36.2654085917
-34.1393429100
-33.7713685638
-30.1158155024
-31.5565212863
-32.0731322401
-34.2444088920
-35.8407430827
-36.6115820992
-38.4319143985
