-16.3705308932
-17.2188967335
-18.6843064540
-20.6385751916
-21.5541467648
-19.7492073231
-18.9318404365
-15.9959888979
-15.6447688686
-16.8413513038
-19.5238055928
-22.5347712547
-18.3794870008
-15.6955736197
-14.3968508435
-14.6192659987
-15.2260594407
-17.0602658767
-20.4307772495
-22.0400140551
-19.6010496744
-16.2271178998
-12.2962493628
-12.5672542603
-14.6108434149
-17.2471950986
-20.9697938045
-17.4028872364
-15.3425269172
-15.4491503622
-14.6159207869
-16.5257570027
-18.8687953685
-22.2387874019
-24.5912796865
-20.6295998175
-17.1377507577
-14.5048219535
-15.3144978275
-17.0512050674
-18.0375815632
-20.8846838149
-20.6014373926
-20.9394435276
-16.3311068532
-15.7120045140
-17.4941439432
-19.5440697524
-22.6160013576
-21.8748740390
-17.2586107578
-16.0922595311
-14.4454444445
-15.1869150268
-16.0016876655
-17.6732137289
-21.1690850096
-21.0592536071
-17.8261432267
-15.3413177764
-16.1862258014
-18.1866208262
-19.6974873054
-21.5929532775
-21.2710285089
-18.3243389299
-17.3196828858
-17.0812122845
-15.4449261316
-15.5132065099
-17.9481670631
-21.0679661714
-19.4004988276
-18.3458925022
-16.6223836485
-17.0895313024
-18.5241259827
-18.9694727703
-21.0784846855
-21.8501086065
-19.1175669744
-18.2058557924
-14.5343851308
-14.1781123130
-16.0495614797
-18.5871516267
-21.6288262632
-19.9202338293
-19.0475842284
-18.4076416841
-17.7115749226
-17.9646134953
-17.7307076157
-20.0000360135
-21.9026403282
-20.1227640938
-16.7715148344
-14.7228122132
-15.4253144387
-17.3673547392
-18.6822040455
-21.8094948381
-20.9712644577
-20.6115338784
-18.9415291207
-17.2694516360
-17.4783279854
-18.5895233101
-21.3750096752
-22.8876185064
-18.6266067267
-16.2941386502
-15.3099551260
-16.8814511208
-17.3679916750
-19.6208464904
-23.3002018343
-22.0868081656
-20.8226433652
-19.0862315156
-17.6038342529
-18.5822244145
-21.1035362152
-23.5894356844
-23.0397375563
-21.2096883902
-19.4090909747
-18.0289725560
-17.6779726264
-19.4144169119
-21.7402124573
-24.0811505883
-24.5876069432
-23.5850107939
-21.9409160471
-18.0125144695
-18.0495655325
-19.6683759242
-22.6900607519
-21.6070383754
-20.5653805564
-20.2816085324
-15.9186334531
-16.2746719388
-18.4673829458
-20.6135249342
-24.0351901883
-23.6411777120
-22.8327733452
-18.3266510451
-17.5213729701
-19.1557015919
-21.2942714915
-23.7835239260
-22.8728589209
-22.2179186836
-19.5493710694
-17.2574715205
-17.9356315762
-20.0547012057
-22.7084089133
-25.5671335196
-25.1006177694
-22.0022587264
-18.1814515189
-17.3624094075
-18.3701582115
-20.3081540228
-23.3797424938
-24.6193022975
-22.7759060487
-20.7553080269
-18.1683891514
-18.6254687838
-21.3090673132
-23.6630341964
-26.1451234930
-24.0382531873
-21.3347467323
-18.6176158106
-17.6428284837
-18.2894329786
-20.3376900140
-22.9368891478
-24.0824205864
-22.8060129541
-21.4177206541
-20.1539105463
-20.1586707392
-21.8248861626
-23.7228790394
-25.2423386999
-23.6030676836
-21.5752925211
-19.7423291647
-16.9376788798
-17.0022554418
-18.2253496653
-21.5354904634
-22.8465257466
-21.9154049257
-20.3010247383
-17.7745267621
-18.1138443459
-20.2247062820
-20.9417103405
-22.4459354534
-22.6849380802
-21.0798854058
-18.2718058933
-16.7871896721
-17.9279054826
-18.6116633112
-21.3766447205
-23.7267925825
-22.4984335116
-20.7403076586
-18.5804560161
-18.6762968390
-18.9249907619
-19.8619204720
-22.2462312774
-22.4393783749
-21.0843996437
-17.6262202168
-17.1829111071
-17.7860576427
-19.5666460343
-22.7720119444
-24.2030384762
-24.0500546321
-22.1873923332
-19.5926232076
-18.4984465591
-18.6221870034
-19.7492992283
-22.3572381673
-22.4291213697
-19.8043709251
-17.0615384375
