-19.2842139060
-22.2104657486
-23.2630109658
-24.9371477858
-26.6350168755
-25.9289729344
-28.3044023705
-20.0141767699
-20.9944815615
-24.1572282501
-25.0712863357
-26.0254001770
-23.8720140833
-23.7290904773
-20.9824859326
-19.6638604248
-21.0483816727
-21.7080691887
-23.9139547930
-24.7620873833
-24.8755190207
-25.3867225960
-17.7710896351
-18.9974461793
-22.6885706933
-23.3570535904
-24.1252467943
-22.3799037912
-22.7875198040
-21.6465879920
-20.4052661440
-21.4650507442
-22.8770986988
-24.9009524558
-26.3821686832
-24.9280093089
-26.4568857128
-19.3647514067
-20.5858156151
-23.2663095697
-24.4401574674
-25.1064913104
-24.1970367750
-23.5471907612
-20.6594555763
-19.6015209129
-21.3366860404
-22.9652846176
-25.2167434390
-25.1419098919
-23.9073174497
-25.4954276929
-19.2378379256
-20.3336586773
-22.8633463090
-23.4919326438
-24.8058288586
-22.8706503641
-22.9167842387
-20.9063551983
-19.8865771773
-21.0528958934
-23.0214178759
-24.4711382070
-24.6237271936
-24.0588940738
-25.6017404046
-21.1832464656
-21.3508009088
-22.6881214739
-23.5618312357
-24.6540528746
-23.4854752473
-23.0776935389
-20.9021892184
-19.3275217044
-21.1763618793
-23.1348210393
-24.7485757862
-25.9131569762
-25.3562532203
-25.6484555405
-18.2354189539
-19.4253691210
-22.5746509899
-22.5911491969
-24.0417278613
-24.8323859998
-23.4258802653
-20.5567922888
-20.1508164938
-22.5570096575
-23.2587465989
-24.7172765746
-26.0033261921
-24.7476100264
-25.7094655052
-18.5687451844
-19.7493989132
-22.4450577254
-23.5455427523
-25.7869620118
-25.5506845181
-24.2499141475
-20.4231482601
-19.5721079108
-21.5075196480
-23.0843451228
-25.1206372491
-25.7831158019
-24.0182427703
-25.1592845268
-18.9417906150
-19.7524593120
-23.2834408297
-24.2861509085
-26.7434332755
-25.0760646528
-24.9543178892
-23.0699299036
-21.4978037793
-22.7606131202
-23.1012834885
-24.5620725210
-25.7497465519
-23.5972666484
-24.9028839784
-19.7685561947
-20.6735393744
-24.0981692285
-24.4492817105
-25.5503388631
-25.3195284016
-25.4407871035
-23.4368285802
-21.1601407184
-21.7751662993
-21.8817923109
-23.6247442394
-24.5595364347
-23.6623429080
-24.2490610057
-17.7529304717
-19.0746514275
-22.9292705217
-23.4382357970
-25.3697130315
-24.7268254449
-24.4599193248
-21.2142013451
-20.2041560368
-21.8947342816
-23.1448307796
-24.2138249677
-25.4142131362
-24.3393817019
-27.0819312767
-19.8433561036
-21.0674237324
-23.9184495969
-25.4309197696
-27.0904276491
-26.4998659747
-25.3304883689
-22.6032069667
-21.7479670416
-22.7127613329
-22.6613390735
-24.4363462021
-24.1728306034
-24.5513883100
-26.7357291930
-19.6902091253
-20.6856256303
-24.5289466569
-25.6601611934
-27.3431722693
-24.2959340927
-22.7296854592
-21.0064914496
-20.6094237009
-22.5775806317
-23.0823178002
-24.7138977009
-24.8817071400
-24.7476320338
-27.3181996997
-22.7514810693
-22.9083525870
-25.7240037077
-26.3334223387
-27.5088249066
-24.5173808200
-24.0013730209
-23.1938192151
-19.2511644012
-19.5659896923
-20.5160037643
-22.7964848118
-24.2325446844
-23.6899344229
-24.7822052446
-18.9933280995
-20.1767897676
-23.4997131064
-24.3176365382
-26.0648630460
-24.7301111028
-23.4917022074
-21.4204224716
-18.9117730504
-19.9253344984
-21.3723907336
-23.4209168179
-24.1777461454
-23.2717287090
-25.9880202927
-19.4390464240
-20.6960289264
-23.0395381992
-23.5110472073
-24.4883562035
-23.9441315973
-23.9965390342
-19.4124802215
-18.6797792858
-20.7744135480
-22.7323781974
-24.9203207596
-25.0000737412
-24.7440227275
-25.9332929660
-20.0713573614
-20.8681156982
-23.3123826003
-24.2616443916
-25.6331548331
-23.6967866680
-22.6190682425
-19.1846757457
