-33.7873579876
-31.6031250822
-34.3110968845
-30.0466276576
-27.5620673470
-28.7536379519
-32.1507996148
-27.5601345259
-30.5936367933
-30.5403322333
-29.1840541221
-29.7247845405
-30.3249701059
-27.3463025769
-30.1164278404
-32.5447847955
-31.5242252577
-33.1946137830
-30.6555736784
-29.3281428333
-30.2729743572
-33.7522811871
-30.6483848427
-33.2126603028
-32.9737470959
-29.0621805059
-29.4454090155
-29.9956934759
-30.1100830852
-31.5335346190
-34.9719841889
-36.6116312927
-40.3742819958
-41.4875969869
-42.4177850632
-39.4854752852
-39.4426089743
-37.8748568389
-40.3018848971
-36.8522585062
-34.9551727022
-36.4727520297
-39.6762622304
-41.1960408083
-39.0157621232
-41.0759757810
-39.9278299667
-39.6788798870
-35.0631061904
-35.7532498109
-36.8969307751
-39.2781318832
-38.9974955241
-38.0083752161
-40.6128054832
-36.6064943740
-36.2023351021
-37.5170333874
-41.4760622239
-38.5447012895
-31.9457462809
-31.1401695372
-34.3429242773
-34.0737112956
-28.8029461391
-29.4539312741
-32.2309072915
-29.4729836933
-31.6587767346
-31.5469996117
-27.1930507752
-27.1759959014
-30.8153682911
-31.6847474298
-31.4958777134
-31.0673607332
-29.3378315112
-31.3070066926
-33.0846982740
-29.7668689399
-30.5440839431
-32.9111085603
-29.3461971240
-30.3055616724
-31.4107664609
-28.8236867046
-29.6606093300
-31.8380328626
-34.1688141555
-31.9707939326
-29.9740777730
-28.9235860195
-31.8099455225
-34.3228892603
-32.5196128564
-32.7574813497
-34.6994363580
-29.8954394403
-31.0509725687
-31.5293790024
-29.9452136867
-28.9554470739
-31.7354874210
-32.0363362267
-32.3515652812
-32.7454714901
-31.2159571730
-31.1619250516
-31.6707361265
-30.2157251750
-32.2257703768
-33.7704196302
-29.1624293531
-30.4086857934
-30.3873238353
-29.6116921060
-27.7376533423
-30.9560457519
-32.2656578566
-29.4813324751
-30.2593320108
-31.8674484422
-29.5803670053
-28.6403875677
-26.6397446993
-29.6893957284
-29.8293171776
-27.7034749769
-31.3368326481
-32.3422248463
-28.0704189054
-29.7718958154
-32.4714698182
-30.1649100911
-31.6809387512
-32.4340174516
-34.1547044554
-33.3507291717
-31.9420722523
-30.0481578615
-30.4898071353
-33.4561667041
-31.2376065385
-33.7284142066
-34.2634121260
-28.4420039202
-30.3876630118
-33.3703848692
-31.1885715025
-29.7729716189
-32.2864540841
-32.0395584413
-33.1395964628
-31.1138104686
-28.1656395890
-28.7725259605
-33.0948827719
-30.8741606188
-33.2725361915
-32.0155788359
-29.1608137151
-31.0976643948
-31.4346852292
-31.2792287703
-33.9456340425
-36.7031558996
-34.7953249989
-36.1572084139
-31.0237823769
-29.2300740622
-31.2713615710
-34.6276930023
-31.3466028984
-32.6541993010
-32.6899078696
-31.5501234433
-31.0261281692
-30.2283681039
-30.9846366886
-33.6884814150
-36.0067102574
-34.9072082675
-32.3277811424
-30.8779679996
-30.4504957420
-30.2754884441
-33.2044591057
-30.2280043238
-32.5245905508
-34.0988638020
-31.2293975665
-29.1856348059
-30.6146880689
-31.7499608901
-33.1195226250
-33.2991800495
-34.8928733427
-32.7559925896
-32.1976027820
-29.5309591381
-30.7159648177
-33.1106404771
-29.1649149585
-31.3421676444
-33.4626953101
-28.0433957137
-28.4820855992
-32.2924065846
-29.8240637383
-32.0906052463
-32.0902207646
-30.8290197075
-30.4635128029
-30.2922119048
-33.2030117594
-38.0025249709
-37.8154133507
-35.4035679809
-31.4575760884
-29.2060711394
-30.6460416441
-31.7850946548
-33.1101847777
-34.2038210480
-35.9162756795
-32.9790458352
-32.2122031208
-29.5127779733
-30.7105133166
-33.0877043012
-37.4958669008
-37.0006995679
-34.9152929880
-28.1780365401
-28.5050942759
-32.3024603383
-29.8172076112
-32.0641620366
-34.6333270426
-33.9613231174
