-28.2627814399
-31.9111678928
-28.9941098814
-24.6494467346
-24.0194855767
-24.7766683059
-27.8641110900
-27.9225137519
-30.0609885027
-27.7315597244
-26.1502371124
-26.1910877770
-29.3010911616
-30.3216559649
-32.5862646188
-29.7899384559
-29.1167589551
-30.1641618193
-23.2741456956
-22.1261674763
-21.7405697781
-25.1125642044
-26.2997372094
-29.7305273181
-29.0545243257
-24.4537557981
-26.2234627830
-30.0358424575
-30.0595036137
-25.7360084022
-24.2155804268
-24.5673635009
-25.0460949846
-21.8563756975
-22.6376209552
-24.1553290900
-27.7794762321
-26.9897658156
-29.7566688916
-28.6506122124
-23.7632856721
-25.0081959711
-28.7610248522
-27.7232925013
-27.0921222613
-27.4726528690
-22.8049488157
-24.6791587812
-26.4913501862
-25.2499418085
-24.6137252213
-27.9943386699
-26.5372678591
-29.9752027555
-28.3461838463
-23.2786534477
-24.7046103439
-23.9552236125
-26.2263238190
-26.9122822526
-23.7543116042
-24.2436056284
-27.3247088781
-30.1671147655
-24.9424905444
-25.1711377616
-28.8155333954
-25.8703165336
-29.4949877664
-27.4561948057
-23.6809836514
-23.3756477307
-27.2952220884
-29.8205450580
-28.9783482885
-27.1446371450
-28.8154919752
-30.5873295830
-31.4326579048
-26.9727575415
-27.3554229379
-29.2904729695
-27.2106765674
-30.0272684195
-27.5634434895
-23.0160673478
-24.5717055415
-27.4052709682
-28.6070480988
-28.5928710862
-26.6550609512
-27.8931214679
-29.7906090559
-30.4850974328
-25.4918831201
-24.8689282823
-28.4312226043
-26.6307084913
-29.1628604512
-28.8547813625
-24.3701074052
-24.8225380817
-28.2856075726
-25.5731222834
-25.3883498953
-28.5458206471
-29.3807742220
-31.0853826590
-30.0629562743
-26.6402638317
-26.2952605283
-29.9029493316
-28.1029868061
-26.7282516699
-23.4139338229
-22.0313442094
-24.6427110007
-25.7546387903
-28.8874554154
-24.5386935944
-26.2958288507
-30.1672934173
-30.2230253477
-30.3522755056
-29.6878331746
-27.9065269067
-28.8803093056
-28.0349783218
-29.9247527560
-27.2876720718
-25.8818914268
-28.4250383644
-31.5946882682
-31.1660923211
-32.5505987794
-29.3683203068
-26.2531437562
-25.1884399053
-25.0418474466
-27.4291573757
-25.5422153367
-28.0632326537
-27.8074871971
-29.9705590875
-27.0088260069
-24.7243955068
-27.9703965966
-30.6204619209
-31.1537147855
-30.9051814873
-33.7730502285
-34.2335123654
-35.9796404757
-27.2285651533
-27.4991815355
-27.1410394897
-30.6187232869
-27.8005339725
-30.3185903802
-27.7753141446
-26.7930793603
-29.1259906461
-31.6579158407
-32.0982342531
-33.0878946070
-29.7523631025
-29.7524071211
-31.7042723721
-27.4292039828
-25.8622383156
-27.6228248570
-31.0274279324
-27.5599934189
-29.9269457809
-29.2045694271
-26.1429731909
-28.3026080799
-29.7542441399
-28.6702523687
-31.1538649524
-26.4705824289
-28.1625364602
-32.7547666032
-29.3664794025
-25.6937220326
-27.2312993123
-31.8946101274
-27.3881578379
-29.9980573827
-27.5134180937
-26.7453479658
-28.9695942957
-27.0375671062
-30.6458098965
-29.0414839545
-27.7989040897
-29.2123628317
-30.7346702840
-30.1140509896
-24.5411584834
-25.7276660888
-29.3402070675
-28.5095347052
-31.2263216295
-28.5976209221
-26.8501796650
-25.5336218740
-29.1754593560
-30.6496405938
-24.9882878235
-26.8450220331
-28.3672454640
-31.7622024931
-28.5063306011
-23.7007299736
-24.8016162724
-29.3819988909
-27.7634091301
-30.7064729072
-29.7507461661
-29.2332043700
-25.5328645384
-28.6404704163
-28.7232345994
-27.4286253021
-29.3600763725
-30.9979916430
-32.4639573359
-29.0188144638
-24.5235456418
-25.9261973377
-29.6970998143
-28.7358438685
-28.6227915604
-24.3147120651
-27.3848838218
-24.7609843930
-27.4467339641
-31.8243154275
-30.0593133105
