-28.6977687788
-25.8893378836
-27.8309204877
-21.5038831426
-22.9831214093
-22.6648991799
-24.8075881871
-27.7357904292
-30.8395912859
-25.2697062412
-26.9123754475
-23.6964189959
-24.2008363812
-23.9715315129
-25.7507485540
-26.6070318044
-24.5712666754
-25.8121753713
-20.2864399331
-21.4844449297
-21.0602543202
-23.1541776735
-27.5315448876
-31.1873209278
-25.6864127916
-26.4547108015
-22.6682573330
-24.2082051567
-24.6108771272
-24.9243974129
-26.0039307632
-24.5137106738
-27.5908666940
-21.8943057659
-22.9567623427
-23.9269407870
-26.9235995084
-29.2143124789
-32.1356736659
-26.0112192708
-27.6853688809
-24.5645141088
-24.8849772631
-23.6726788814
-24.7909592397
-25.3671135010
-25.3777653551
-26.4109796906
-23.0910018764
-25.0915673020
-24.1921846587
-26.1646070035
-28.3909648698
-30.4919004726
-25.2535951147
-25.7628930631
-23.8697097166
-25.3321415412
-25.4805878543
-25.5657975167
-28.1865885742
-25.0860174216
-24.8694370522
-23.0406127028
-25.5944311574
-26.3327879886
-28.7743500176
-27.4929623464
-30.9173130391
-26.8699596357
-28.5425841741
-21.9265215479
-22.9064029428
-24.8160988101
-25.3985499372
-27.8807659307
-26.1329673274
-26.2313843554
-23.3795379588
-25.5222165540
-26.9466289149
-29.1205365450
-31.0274628915
-32.7799152345
-27.2036870870
-27.7255165907
-21.5547008297
-22.9308045885
-25.5387432555
-27.5911994070
-27.3658132830
-27.0574390074
-29.5341476970
-24.2896475736
-26.0211526261
-26.4897306600
-29.4656589129
-30.8852578112
-32.9744409838
-24.0173702154
-25.2538048468
-21.7077390610
-23.2763128248
-23.3832029353
-25.5912141160
-28.9701652184
-28.7414986171
-29.5298380221
-24.5398897836
-25.9230113516
-26.2624803141
-28.5631836286
-30.0848179471
-30.8836861808
-22.6690237209
-23.4733436696
-22.7657811085
-23.5213585844
-23.6627998953
-24.2501484665
-27.0704767813
-27.0721260873
-28.6783292937
-25.9845041986
-26.9185389834
-24.9087626932
-27.0097386785
-27.8442301338
-31.6045322837
-26.9155924963
-28.1685511018
-24.7140970683
-24.8928379912
-25.0140487941
-26.9168819082
-29.0890496328
-29.9479983375
-28.7965094591
-27.9722983484
-28.4445892111
-23.8994722525
-25.6109992696
-28.9616934507
-31.3572003756
-26.3590162944
-27.4256969365
-24.8744691032
-25.8402096321
-27.0510916509
-28.5138883929
-29.7162881765
-28.3048684311
-28.3511511734
-28.4593008816
-28.3169029008
-24.4844387843
-26.6366687565
-28.6946980417
-31.9306332780
-25.6779267805
-26.9030842058
-24.9561406593
-25.3023013420
-26.4410115026
-28.2544960853
-29.3523593537
-26.2078138230
-25.3032994704
-26.0358202995
-28.6324569215
-26.0195395756
-27.8466613490
-29.1418389678
-31.6903840395
-26.0187395161
-27.0956681201
-24.8128312651
-26.1895135482
-29.1663260609
-29.4403601320
-30.4732895112
-26.4167962625
-26.4523080596
-22.8440608476
-24.4712365826
-24.2208480891
-26.3230475088
-26.6571905406
-30.2918416381
-24.8858536837
-26.4976185542
-24.8553441793
-25.4772219325
-27.4951540806
-28.4092754935
-29.5270210014
-25.0272367353
-25.3483963711
-20.8615456722
-22.4767802529
-24.6101003777
-26.7911426411
-30.3905292238
-32.6663502853
-25.4315864645
-26.3463021634
-26.7334092956
-27.3209765882
-26.0383266164
-27.4459753309
-32.6655774131
-26.3030383974
-28.1770138065
-22.4513429298
-23.8711751792
-24.0812709931
-26.1752938177
-29.0069366358
-32.0583545291
-26.6140769341
-27.4907110538
-27.8222247603
-27.0773367956
-25.2431465234
-27.2615201298
-27.9676300714
-25.6780264767
-27.1791676304
-21.9272025004
-23.1029250072
-23.9758813209
-26.4951730817
-29.9821236196
-32.9167257511
-25.2080308598
-25.2883586478
-25.4824533554
-26.4644137285
-23.8976870178
-25.7656893640
