-25.9762020049
-30.2992142836
-25.3184046732
-25.8735698233
-27.1373576828
-30.7616740416
-25.0025101333
-22.2235216548
-20.4173523939
-23.6570299039
-21.3109509446
-21.3410811598
-20.0452934502
-22.8385782663
-19.8318057998
-22.1823576679
-27.6694855825
-28.8522349006
-30.1066925624
-28.1437313085
-30.7230371318
-22.5106000196
-22.4604503574
-22.5619860501
-25.9152114698
-22.3309425242
-22.6915016345
-22.5471099563
-25.5354433441
-26.9260721723
-27.0431817084
-30.9105345608
-30.3048082068
-31.6808002339
-28.9779508517
-29.9818802368
-24.0451468377
-24.5098061996
-24.5606834286
-27.0742466067
-23.5426985273
-23.9676684647
-23.2775672807
-27.0062147953
-29.7190456208
-29.5343755307
-32.4005756882
-30.7190588589
-30.2701016696
-23.7898712745
-26.5204032571
-25.0060352829
-25.2228422343
-24.4698656219
-26.2122438973
-24.6339026248
-24.5959906831
-25.6120375382
-29.8590926264
-28.7438314388
-30.6142711865
-33.6515287389
-31.2720748427
-27.7218192376
-26.0105357203
-29.2772267336
-26.7933459966
-25.6002826762
-25.1963497982
-26.8994956008
-25.0654852556
-26.9912623295
-29.7991830767
-34.1924053540
-30.8456240155
-29.7516044609
-32.3686783947
-26.2257917199
-25.4523477543
-24.5487227531
-26.9113074240
-25.9101794174
-24.6912191413
-22.7564471405
-25.3210275201
-27.4034365339
-29.7906595427
-28.1957050448
-30.2975779482
-31.3345852509
-28.1161177821
-29.1924171455
-25.0913226324
-26.9408925995
-25.4254229487
-26.9097370920
-23.6868740119
-23.8537060456
-22.0610937976
-25.4528370900
-27.3891093554
-29.1142396889
-28.4810084957
-30.9465150101
-30.5172355176
-22.7793522335
-25.2937169157
-24.9918945240
-26.1091482378
-23.7420479665
-25.9223925275
-23.7237684029
-24.0199762210
-24.3610750770
-27.9351877289
-26.8634582114
-27.2632289863
-27.9304599086
-31.1765590259
-28.3119290857
-24.8185080118
-27.3446286564
-24.5986406735
-24.2673327979
-22.7544780657
-25.3890010568
-22.2795979367
-24.1210147805
-25.8825982630
-29.5062791327
-26.9838094023
-27.9445372419
-29.5844811970
-32.8157428922
-27.8539550479
-26.5015799843
-30.0696350076
-25.1940803915
-23.7291953339
-23.0667711005
-25.8874866119
-26.5549234065
-27.9132535734
-26.6197407392
-30.0014957708
-30.3168400875
-30.9939447644
-29.9764119038
-32.8437616064
-24.8657966413
-25.0884033185
-28.4098554426
-26.0287945587
-25.5185994932
-23.9968678500
-27.3491402863
-29.1522720252
-29.0927819292
-28.0250604886
-31.2238826111
-31.3320336234
-33.3285891677
-30.8468215484
-31.5210625791
-27.9907371220
-25.4343400486
-27.0346439299
-25.8193318296
-24.7437223806
-25.3850784705
-29.3238991597
-28.8761497765
-28.6810194449
-28.7509128405
-31.6715193358
-30.7765747271
-31.5195673361
-25.1353074700
-27.6668472180
-27.6334934964
-25.4126997466
-28.4648481633
-27.5503979272
-28.4874879001
-29.0560855889
-31.8191344896
-31.2629143809
-30.8868229657
-32.0980387718
-34.6833796072
-31.4615051401
-27.9502761393
-25.8935530496
-28.9039121788
-28.1431047154
-25.2753117947
-27.7959938344
-28.8790017500
-30.6431119895
-29.2340587808
-31.1239561293
-31.6321820552
-32.1569877370
-30.9417470618
-33.5071837403
-26.8870507374
-25.7545145038
-26.3461118593
-28.9376969963
-26.2535450706
-25.8797902973
-27.9030418763
-28.8761925135
-31.7447903092
-31.3293240461
-34.9279837758
-34.6940120261
-35.7536821967
-31.7269120646
-28.0122194898
-25.9209723828
-28.9310091577
-28.2293137858
-30.4587771916
-26.0599656102
-26.8030644839
-29.8293106947
-29.1411554098
-31.1142596815
-31.6062851597
-35.6293074465
-32.4276467758
-34.1130887011
-26.9759253629
-25.7966403352
-26.4347586402
-29.0172402411
-26.2204929932
-28.6517255397
-25.5905888189
