-27.6543687348
-25.6955784738
-24.6313846664
-23.3144837024
-25.6013805002
-27.2791433412
-27.4982403709
-30.3593491096
-32.3691340830
-34.2473553497
-34.5543236311
-31.1153315576
-32.5091098469
-32.0336732257
-32.2925049401
-26.5653642523
-28.1058814914
-30.4812822741
-25.6302704793
-27.1454799079
-30.7733667499
-30.1940486297
-32.6415317747
-29.9897319008
-31.9333583868
-30.2923944380
-27.0904004558
-28.9608726688
-27.9189834127
-27.9994522896
-26.5425536524
-27.4325103543
-31.3406296705
-24.0927410127
-24.6585839204
-28.8029992062
-30.8980172468
-27.7598774963
-28.5697937956
-32.1817285577
-32.2519598465
-28.3586429369
-29.4521913433
-28.6682625828
-26.2090734553
-25.1181102193
-27.7069845940
-31.4373093476
-27.8915420645
-28.3112222511
-32.0785164109
-31.3845769851
-33.6128180533
-31.5399544724
-32.9683538476
-32.5662490305
-27.8274160440
-26.1521013058
-28.6385311191
-26.8019278495
-25.5440510598
-24.4872066115
-25.4257815569
-26.2588774823
-29.1566412561
-30.9343808700
-30.7139698608
-30.3395898506
-30.7476459216
-33.0140125887
-32.5937408556
-25.4405165068
-27.2101884773
-29.6493166481
-26.7524164076
-24.7123558551
-23.7658864992
-26.1738995478
-27.6641648704
-30.0023735279
-34.2825473831
-29.9838726055
-32.0788206359
-32.1858065107
-34.2832904779
-32.9818486120
-26.1892132030
-27.8541751293
-30.6533262770
-27.7098728198
-30.0266185345
-30.1014585536
-30.3667127306
-27.9906620513
-29.3939725234
-33.0974266321
-30.8333021923
-32.4215933015
-30.3104810931
-29.4699025817
-31.4230883239
-24.0632205648
-25.6450766618
-25.7098409330
-24.5236945217
-26.6655613316
-29.3718791229
-31.7218852097
-29.5635956468
-29.9698056356
-33.9336409977
-31.0897234037
-32.9678515440
-30.9283441950
-33.1232989181
-30.9500362957
-26.7177020789
-26.4199188092
-24.3394114742
-26.6399854861
-26.4821392014
-28.6728078768
-28.9363855902
-24.5397849194
-23.4089315367
-23.2802030675
-23.7628481046
-26.7039496817
-28.1771600942
-30.6667148560
-31.8935200655
-30.4185479112
-32.8652983140
-30.8163508673
-32.2219319057
-26.5348534511
-27.8410816977
-28.1072977801
-25.0116343926
-23.7470580403
-23.4908982705
-25.2228836606
-29.1776562697
-28.7029471429
-30.6640635684
-31.6225335181
-30.7960168276
-31.0575710730
-31.5289246045
-27.2346885457
-25.0316745885
-26.0960793973
-27.2867231417
-24.3522447070
-25.1284798539
-29.0250582412
-29.7078862119
-27.1472182096
-28.0812360661
-29.7795997468
-32.8231893112
-30.0842301685
-31.8521153309
-33.8613228563
-27.4369468942
-24.8645758838
-24.7464125347
-25.2534151842
-25.8561369325
-28.3481995071
-32.5489650104
-28.3967257724
-29.6009755192
-29.7158441337
-32.1369850885
-31.5313040522
-30.0581676022
-29.0634103655
-31.3812434256
-26.7420985541
-24.0192473715
-23.2945315509
-23.6575335205
-27.0388798089
-28.0044053757
-30.3271760683
-31.4797497547
-28.4244415446
-31.7149332608
-30.3901913289
-31.9535979340
-31.4020875552
-26.8815358289
-28.7984616859
-28.9091928124
-24.9868482476
-23.7449323294
-25.3200656515
-29.7613695237
-29.0284215870
-30.7901186903
-31.6617309882
-30.7590693468
-31.0102604328
-31.5441709420
-27.2399665729
-27.8589198027
-25.7360381771
-27.5151981497
-28.0001772619
-27.5982833906
-30.3969684869
-28.5070309703
-30.8390138929
-28.9771753988
-29.7245994134
-32.9472650438
-29.9575717942
-31.6515257577
-33.7418520113
-27.3265549557
-27.8912909235
-25.8798174972
-26.4696762244
-27.4538231272
-29.5101512508
-33.3199141456
-28.5325666786
-30.6451056469
-30.1452129691
-32.3064541393
-31.5990380777
-30.0915239028
-28.8041306904
-31.2584390118
-26.7117676975
-27.9531954349
-25.8925549303
-24.9921185104
-25.3316923338
