-25.0226707355
-25.0225024467
-26.2212581074
-25.6631931124
-24.5173756479
-23.3147478092
-24.3408678875
-28.8613850344
-30.0482925014
-30.8405324610
-34.5390721386
-33.9000542755
-31.1955532135
-33.8765316481
-34.4318674999
-26.5675106820
-25.0691502685
-24.5979649295
-22.8624271527
-22.9809788871
-23.3763442204
-27.0327357099
-31.1333509489
-30.3702184713
-30.6288611970
-33.9492912488
-33.2723005825
-36.4105704876
-38.0189545628
-27.6063603067
-26.1963696892
-28.9191287488
-25.0322675041
-24.7013220988
-23.2986082027
-26.3130416645
-28.9202045584
-33.0712514031
-32.1554795450
-29.5300594028
-33.1785738624
-31.4945546452
-34.6630442537
-28.1233545264
-23.7833025674
-22.4184928147
-25.2781210537
-24.2561928905
-22.5540877828
-26.9327781252
-29.3862244291
-29.6238638024
-33.0451370235
-30.3461870725
-28.1355560025
-31.6679773567
-29.2095484032
-25.6947059284
-22.9863229377
-23.1645136689
-22.2762889931
-22.5174484031
-20.7357494373
-24.3117280382
-29.1175240495
-29.3507773737
-29.8560866241
-32.0437762062
-29.8731117196
-27.6506014951
-31.1735141749
-27.5804776483
-23.9161633552
-27.5663666576
-24.5037617627
-22.5317263939
-23.1623983152
-26.0065341733
-29.7948501188
-33.3370182167
-30.5370647000
-30.1857788190
-33.5820923615
-30.7815627753
-28.3251960192
-26.8829754156
-23.1138668657
-23.7666774923
-28.3901505628
-25.2469577848
-22.0967169331
-25.7574506237
-29.4656731679
-30.9004899111
-34.3572294528
-29.3600673224
-28.5114351594
-32.1906689720
-32.3835531951
-25.4641155437
-23.1860089776
-24.8044773107
-26.2746287121
-24.9841011374
-22.7780822713
-26.7250048355
-31.8786724939
-32.4221732872
-32.7079789926
-35.6809057746
-30.5723784116
-30.0901555249
-33.5906405072
-28.4420246345
-24.2227498433
-23.9710214482
-24.5151929760
-23.8712748789
-24.1845181278
-21.9374232723
-25.3268868240
-30.7224584458
-32.5771365018
-32.2865485945
-33.1160194857
-34.0536050903
-30.1948927019
-32.9057696855
-31.7854519663
-31.3207746193
-35.7975790010
-30.7427834586
-30.8844603489
-31.8707004444
-35.4513291288
-33.3931475737
-37.3495554283
-31.6137575168
-29.0647981608
-32.1433609252
-32.9303176266
-29.6469760457
-31.9365689681
-29.6199386161
-29.5063555316
-32.8904107181
-31.8225470278
-32.8534269994
-35.2906904706
-29.5793494640
-30.6099926074
-34.3590211547
-35.4764272682
-32.0892187608
-35.8012646900
-31.7729915775
-29.8703115356
-33.2836126669
-30.1309246234
-29.7207726215
-33.9160346328
-31.7907765977
-33.4165821659
-33.1332025221
-31.1713716447
-28.8537055647
-32.6691038670
-35.6500337932
-34.0798075042
-37.4196934866
-31.8557143124
-30.3895841809
-33.9595832041
-30.4295273329
-29.8341019676
-34.0507621668
-32.7619580396
-28.9648004575
-33.0860808806
-33.7114085361
-28.3746673246
-30.7901005680
-30.8324348260
-30.5640840032
-34.9732425180
-30.4659427388
-27.8354683786
-29.6687457992
-29.2106565703
-28.5104629252
-32.6704346994
-35.1556121016
-31.5894141264
-34.7410236236
-29.5495597469
-28.2581053970
-30.9191423012
-30.1351540378
-30.1223013888
-33.8366338072
-27.8249951747
-26.9479364482
-30.8006371995
-28.1415331049
-28.7514436300
-29.0535352640
-30.2063588497
-31.9951567451
-36.8368076145
-28.5403756229
-31.2395522981
-32.8314060947
-37.2358183185
-29.8083138128
-32.3213405838
-27.8696609843
-28.0268366688
-31.4907459658
-29.7629528187
-26.8750654951
-29.4540154210
-30.8497796865
-32.2408652494
-29.7697869397
-27.5902207109
-30.4725502999
-34.0712904193
-37.6448141499
-27.8019178830
-31.0799453922
-28.8668352532
-29.5912104584
-32.7533568072
-32.3910009499
-30.0170256609
-32.2365724015
-33.5553591693
-30.1381833667
-33.3165132703
-33.9162844964
