-25.6624539053
-29.4204467999
-30.3553864020
-30.8091180360
-30.7672640757
-25.2767164378
-24.5567478971
-27.8348430867
-31.1750612118
-29.4265080622
-32.1340878082
-29.4831669108
-32.5132758745
-30.9286588038
-30.0072217632
-24.8984901507
-27.3205571414
-27.4737066739
-30.2713082213
-32.2842558797
-23.7330739155
-26.7360606044
-29.1906241455
-31.7013453118
-30.0651881415
-31.5078720480
-29.7608750092
-32.3178503806
-29.3669558131
-25.4442643622
-24.0309685561
-26.5118149987
-27.4696818065
-30.8470131500
-32.8317310348
-28.7288349791
-30.6063522301
-31.2295153800
-33.0913110192
-29.7969007461
-31.2288745590
-30.7552554997
-34.4841855841
-32.5931311070
-24.7076073089
-23.6631986297
-28.0025036186
-27.4261215764
-31.5865038876
-34.4169435132
-29.4467722117
-30.4582153564
-30.4597028380
-32.8429913379
-29.7825670899
-29.4672693950
-30.9658833256
-28.9254308059
-29.9484410888
-24.9346362928
-22.7733026584
-25.5332503242
-26.4984626448
-27.7582294937
-30.4365310428
-29.9235306662
-31.2168219633
-29.5664074911
-33.1057831892
-29.4171702089
-30.2245205962
-29.5130731369
-27.7750862967
-28.6780664899
-24.3018361128
-22.0766521412
-25.6486238342
-29.9688230417
-31.0573251044
-32.1673923273
-31.3180779967
-32.2313616931
-32.0455109554
-33.6767162265
-30.3698870560
-28.1103102812
-31.1555440343
-27.5260674995
-30.4882924669
-23.3960478180
-22.1856951423
-25.1624523804
-30.3770707011
-31.4733337956
-32.8584383420
-31.3446416062
-34.2149260027
-32.7671519184
-33.5309057404
-24.8222312588
-27.4969716742
-29.9021622320
-26.6846940264
-26.3344903708
-22.3692040361
-25.2169686955
-29.4403368237
-34.5359573583
-31.9486435703
-32.7977636936
-30.7417193078
-32.1653365231
-32.5376140921
-26.0962140327
-22.7897296629
-26.2755375037
-31.5102644335
-27.4689451857
-30.2945149655
-23.9275298234
-27.1698090691
-31.1196335167
-32.2761517753
-30.0512247380
-33.5787626832
-30.8036432291
-28.1472681205
-28.4588581385
-31.8015449586
-28.6054233925
-31.9395024936
-30.4811411787
-30.5821797232
-30.3571496276
-30.8486728165
-27.5436544515
-30.8455489729
-31.6163441029
-32.8061953287
-35.2454615255
-28.1291206099
-29.2346685468
-28.7856465903
-31.8928210264
-29.0570409984
-31.3000638279
-31.6374898649
-33.6701086588
-35.2867756455
-29.4945463188
-28.7253059403
-31.5693765223
-31.1219948455
-30.8088034539
-34.7316223389
-29.9200080994
-31.0861749486
-30.0589327024
-32.5043587674
-29.7315629942
-32.1905887132
-32.2187731415
-34.9722405143
-35.6170658657
-28.7353881724
-28.1424444952
-31.3395124523
-31.3282197818
-30.9073589813
-31.8128829453
-30.0330940615
-30.4150046697
-29.7071276856
-32.0582354362
-30.4702252298
-32.7914305791
-31.9208138559
-29.4023536753
-32.6243901711
-29.5958748546
-27.8816022468
-30.2806072331
-32.3329426637
-29.4904631973
-32.4115758041
-30.4171718069
-32.2868968367
-30.3869678248
-33.6465381349
-31.2404183802
-33.6102379511
-29.0244627445
-30.6419339231
-33.8928602586
-30.7872408317
-27.4625110946
-29.9504994785
-31.5056867825
-29.8537537818
-32.3572290924
-31.0076647901
-32.2004340379
-30.7008401705
-33.7412720332
-31.1476600071
-31.3669965125
-33.1207486039
-32.4118153034
-33.6633845826
-29.0348466192
-27.4287482904
-29.1741790186
-32.4990665000
-32.3856815015
-31.6358276188
-29.5363057768
-31.7162861284
-30.5779373667
-31.1775778890
-29.7661659748
-33.3065863841
-30.7308745619
-32.2945944426
-31.7382008786
-27.5834474356
-29.1805043634
-29.9670119246
-33.7093100030
-33.7179034713
-32.1749773056
-30.5267390812
-31.4716443604
-30.7536631595
-27.5329624644
-27.0742181379
-30.9581183879
-30.0218039765
-31.7424755971
-33.1508774965
-28.5030138744
