-28.3552291068
-31.7222192085
-32.6966901950
-31.1417657594
-30.2103720654
-32.6982903006
-32.8358219197
-26.4380585406
-27.1115293962
-29.4295917624
-29.8658296751
-28.8869815990
-28.9378821299
-31.7454531375
-32.7203565219
-30.1756913967
-33.4541846893
-31.8438157734
-30.1633242231
-28.9598150034
-29.1114407927
-30.9679442931
-22.9314933085
-24.1756967987
-27.9623041425
-27.6932425653
-26.8082894488
-27.8071247086
-30.3137162638
-29.5166448929
-31.7393012725
-32.7233250048
-32.9028749969
-31.4318086562
-31.0712276566
-31.0282008000
-31.6273985685
-26.2076507020
-27.3185686540
-31.1831873195
-31.3174099863
-29.7036530123
-31.2646827952
-30.4651413889
-32.8398895029
-31.7555237240
-32.7076255629
-30.6949886380
-29.3779118896
-28.8928318324
-29.0915999675
-31.0238911213
-24.6207716392
-25.6790440132
-28.2927588684
-27.2741229278
-27.7159314791
-28.9546159459
-30.3575185798
-31.3941439729
-29.9735042631
-30.6613371683
-30.6663640530
-30.8248951562
-29.4634179976
-31.5808879717
-33.6095000345
-26.0060629337
-27.0715422171
-27.5993048124
-27.8249874046
-29.5448798164
-31.4884972744
-34.4526455896
-35.2458835559
-32.3341025961
-32.4187594492
-32.1904877337
-31.4448541982
-31.0517739177
-32.2390308172
-32.1667722057
-25.1411098174
-25.8559750944
-29.6151046228
-31.8833304168
-30.8172596870
-32.2426854316
-34.0317537720
-30.6944280799
-31.8997095143
-33.5054710026
-32.0313158149
-31.3221196919
-29.6836555454
-28.7758867055
-30.9997470922
-25.0305702902
-26.3645415839
-30.7168295912
-31.0675057229
-29.9614206060
-30.6505286773
-29.8048495012
-32.8079701902
-33.6690289638
-31.2342975680
-29.3191985375
-29.9927897185
-29.7742920947
-29.3656029676
-30.5266471614
-25.8974303311
-26.4111570429
-29.2860325386
-29.2458201089
-30.2967325904
-30.3216468999
-30.3372272413
-31.0275263209
-31.4179993053
-30.0019748030
-28.8997967069
-29.1342060895
-31.9548718111
-27.7808950957
-26.1477955255
-24.9811986741
-27.6973308576
-31.2516489056
-31.4327627431
-30.1938842146
-30.1468933402
-32.5805878587
-34.0849353371
-34.3472701855
-33.0062321123
-29.9012495424
-27.3169530169
-28.4156060157
-27.7219461280
-27.5879111626
-22.4423067197
-23.8354614299
-28.2506602211
-29.9343171498
-29.6820502581
-28.3950324562
-30.3524981599
-32.6682494297
-31.1933316835
-31.7051539692
-32.0348008325
-27.6733227696
-28.8016049452
-30.9867403888
-34.3825463598
-26.6723371825
-27.6047304136
-31.2959392710
-32.7919121604
-30.7276445681
-28.9154663731
-29.0685964703
-32.0472016697
-29.9419564986
-31.9400034847
-31.8614946133
-27.0432296260
-27.7207538107
-30.6468779431
-32.9906686103
-24.9929301932
-25.7665282550
-30.3268083967
-31.7230930276
-29.7293492466
-28.7907136002
-31.2585335114
-31.1536280373
-27.9624504286
-28.7906877023
-28.6870962279
-28.2606764410
-28.5089378958
-31.4070380357
-33.0410202337
-24.1948799712
-25.4118090716
-27.8764989751
-28.4706362553
-27.4665825591
-28.0790719098
-30.9335808034
-30.0827841433
-26.0788898844
-25.3371244147
-25.5475011321
-25.8679202545
-27.5026704437
-29.9937541756
-29.1887845297
-22.7602726324
-24.2648122257
-28.2965947183
-30.8507531965
-25.9590539227
-26.0149023760
-30.1495511073
-27.3903845245
-26.9861370937
-29.1643440436
-27.9961277908
-28.0001021717
-27.2083540749
-26.2062771425
-28.7716546769
-22.0790587566
-23.1612370516
-26.1220656200
-28.6709126065
-26.6193329612
-27.5872561030
-27.1359181052
-27.5007725797
-27.9019971478
-31.2415563104
-30.5904262287
-28.7640839633
-28.7914864643
-30.5954531031
-31.9576564497
-23.1558243824
-23.5174087944
-25.6850275989
-28.3310993156
-28.2497604910
-27.1372152840
-28.3712017163
-29.0339766569
