-18.2226569318
-15.6909830114
-14.7412846648
-15.8611318189
-15.7897159483
-15.5313656669
-16.8129843162
-19.1145661094
-22.5185746567
-25.1706988501
-23.7469298056
-24.5888626269
-25.2809509595
-24.0760084375
-24.2831059838
-23.0611681378
-15.7400452499
-16.8746985485
-19.7733681904
-14.4205534242
-16.0025874010
-19.2628208653
-18.9103891412
-20.2821393305
-21.8052641385
-19.8548326243
-20.9983148411
-20.4512459658
-19.5487716967
-17.6835406489
-20.7303924174
-22.3383579253
-25.5543197124
-21.8348519011
-21.9140637559
-23.8156180270
-23.1917685921
-19.7805570259
-20.2888504674
-21.3724774717
-19.1899848464
-20.2527483365
-21.2651239016
-13.4950689646
-14.7406308896
-15.6189237411
-18.1727001300
-22.5862802511
-19.5504468855
-19.0208328964
-21.0721735803
-23.1819142010
-20.3856790496
-20.5009503148
-21.9808242769
-19.9145972045
-20.8854036135
-13.5886559270
-11.3805376955
-14.5762442857
-18.6094210941
-15.1934759890
-16.9820301262
-21.3329485631
-20.9413439826
-22.0395894282
-23.3650864996
-21.2543412899
-21.4582800610
-22.1167351211
-20.2282547643
-14.2038020746
-15.8170187692
-20.4750741105
-16.0498631131
-16.7539071556
-21.4527469901
-23.8044496326
-26.0452397075
-21.6308121579
-22.0054796696
-22.6984522727
-20.5603213367
-21.1386518826
-22.7424241880
-14.3593129861
-14.1685958022
-18.0319708151
-22.2558629993
-22.5285080421
-18.3223556195
-18.3179902808
-21.0426091111
-22.9675346082
-20.0397461596
-20.7293748919
-22.4546557918
-18.6554048087
-18.9103891411
-14.2395210131
-11.5871938698
-13.3825758796
-17.5739707284
-15.8686106425
-17.6108133660
-21.8862301429
-22.5277533087
-23.2075483021
-25.3273334597
-21.4657433439
-21.4538189155
-22.6037157463
-20.5936038566
-16.5533770059
-18.5403613804
-19.9775529399
-19.0883870032
-20.4478153030
-24.8169156885
-18.4126646714
-17.7059654801
-20.8409047898
-24.8106278834
-22.0819702972
-19.1177482183
-20.8955026708
-23.2955283818
-21.9415180302
-21.1704818730
-22.1653597794
-19.6717561042
-20.7641254686
-22.6999060921
-20.3429408727
-22.0074746239
-23.7196011607
-23.6716781687
-23.8922717690
-25.6263025867
-22.3429355840
-23.9050622764
-24.3407643048
-18.9181255811
-19.0993599164
-20.5022617311
-19.3713097960
-21.4649549423
-22.8231934214
-21.7336036085
-21.7416287500
-20.9500630225
-21.5089553416
-20.1847139405
-21.1574233805
-20.8882089829
-22.0383479158
-23.2547411478
-19.8407345772
-20.9618295144
-23.1359693360
-21.1092000423
-21.6150920022
-23.1576316469
-25.4533756521
-25.8396697960
-21.7322429923
-18.0117247860
-16.8299278726
-19.1872946892
-20.0894673287
-19.8894951692
-20.2393092375
-18.1893536992
-19.2044130121
-21.4858689880
-18.9075604656
-20.8771959289
-24.4556187019
-25.5341034545
-19.4681513221
-18.0241657660
-20.4273051715
-23.1026674007
-26.8885693065
-23.7484989071
-23.0055941491
-19.8293448070
-20.4239068866
-22.5696305845
-20.2980912236
-21.9669618415
-23.9299338728
-20.4242395973
-22.2332129206
-25.7977497984
-22.1867489313
-23.7893314503
-24.1751168277
-27.4654562397
-23.6771218969
-21.9582583436
-19.7689096347
-21.6350221536
-22.9121444408
-21.8408186545
-21.8365724127
-22.9157459812
-23.8379379896
-23.7306621047
-23.9408355803
-21.9793536202
-22.4297725414
-23.3375907810
-26.6209032843
-26.2143657265
-24.9498787531
-21.4891934832
-21.7356296362
-23.2631520743
-25.5692915976
-25.9257222280
-24.7551432237
-21.8462507364
-21.8295220909
-20.3187010374
-19.5319563022
-19.7777542417
-20.1724749229
-23.6887615145
-23.2917559575
-23.1124674190
-19.2125714915
-20.9942860825
-23.7643446400
-25.3714607186
-19.4769091991
-20.3959645378
-20.4751945187
-17.7831681392
-16.8038536063
