-16.9301262778
-20.5266284210
-19.8629859274
-19.0601870276
-19.6753654121
-22.2912453411
-21.0226064576
-16.9648367276
-16.6629055019
-19.2005266588
-18.9159713945
-17.4610478413
-15.5638636816
-18.0054266154
-17.7144967998
-17.5852336404
-20.3651533792
-20.3863612959
-18.6428110760
-18.4806576535
-21.2397176368
-19.2285518638
-16.1449893355
-16.1681727928
-18.6479557583
-19.1909389554
-15.9077317562
-14.2448171828
-16.8761808476
-18.8574625645
-18.5803615219
-21.1192499059
-20.4149095143
-18.5035485314
-18.9807136617
-20.7106551727
-18.5395716889
-16.1210239509
-17.0601946760
-19.5151927108
-18.1966486912
-15.7998499778
-15.5787112952
-18.5927416372
-19.2353147878
-18.6756171901
-21.4844319869
-20.5493781966
-19.0029896108
-18.1308772301
-19.4301267367
-18.6085938615
-16.4749431906
-16.9442709298
-18.7387839446
-17.6654746967
-16.0863963498
-16.9350884290
-19.9183864506
-19.9737753350
-19.1078226274
-21.4551950492
-21.6836053910
-17.9399153691
-17.0163664531
-19.5036204002
-19.2984284646
-17.8494198897
-17.0536867922
-18.7967710579
-17.9915227675
-18.1526107485
-18.0002081499
-20.7713052404
-19.5371450114
-18.3463417239
-20.8467925666
-20.2099428354
-17.0736169491
-16.7322927496
-19.6196839508
-20.1559404626
-16.1382031115
-15.8460317649
-18.5159105316
-20.4397267375
-18.4999728831
-18.5359818056
-21.5325698861
-20.6320375287
-19.3282168994
-21.8196197955
-19.0996744932
-16.5281416360
-16.9339996818
-19.5824477637
-18.4322504756
-15.4294804171
-15.8206746977
-18.7939294303
-19.2451898936
-17.7412222459
-17.8827749186
-20.8349807598
-19.8464126320
-17.9617731724
-20.4135035871
-19.8010024268
-17.3608339058
-17.7556517077
-20.1481470512
-18.5213931069
-15.5688167677
-16.7754866265
-20.3591943955
-20.2044654439
-18.1696242016
-18.8830876075
-21.8449755648
-21.1283922844
-18.6005764853
-20.9754161833
-19.5858007444
-18.3171824591
-18.7742206579
-20.2591901997
-18.7312805195
-17.3930108514
-17.5704870057
-20.0562806143
-21.5607193777
-20.8886905655
-19.9969872711
-22.6631437162
-22.4805772867
-17.9837099316
-19.6025332679
-19.3095955604
-17.0513371169
-17.2434356252
-19.0896880605
-19.8301759323
-17.6223015316
-17.5791206020
-19.6376062101
-21.3194447433
-20.2324246243
-18.9887077344
-21.7030720743
-19.0516932349
-17.2560837340
-19.7514081067
-18.2494160322
-16.5684822463
-17.4039009123
-19.8895482472
-19.4913296020
-17.5662239312
-17.9586312094
-20.3688662538
-21.6776386433
-20.0998123772
-19.5002441261
-22.3093889591
-19.0876710828
-17.7557254968
-20.4332434378
-18.4612854579
-16.7375876074
-18.2585312189
-20.6667156181
-20.8996104050
-18.4434564132
-18.6056888082
-21.5035879850
-22.4414186453
-21.0579693761
-18.5952492636
-20.2177155303
-18.7422754397
-17.0044653159
-19.2807793553
-18.8680807587
-18.8053230973
-19.3279049033
-21.7692137897
-21.2109532320
-19.9176990279
-19.3832937822
-22.1786758872
-22.8679291434
-19.3382900688
-18.2377945364
-20.9764272629
-19.4839724637
-15.9856347915
-17.6357600445
-19.0250907868
-17.3085908697
-17.9667482672
-20.1132281772
-20.6539199293
-18.0415261673
-17.9099845363
-20.7648996293
-20.4001693548
-17.2714685988
-16.8335177626
-19.6740345705
-17.9904844967
-15.4488150683
-17.6767246421
-17.5403839848
-16.9337304085
-18.0056518838
-20.2353607448
-19.7316980434
-17.4427229720
-17.7193100759
-19.9438406122
-18.8087446856
-16.8497505805
-16.8768475723
-19.7988780007
-16.5271318486
-16.3968123077
-19.5050198453
-19.9745132506
-18.3861153015
-19.2163426257
-21.6830267076
-20.8716965327
-18.1665883948
-17.7219173733
-19.5982572559
-19.2249179655
-17.1792940414
-17.0944947467
-19.4840850917
-16.7456088600
