-27.7969298457
-26.9365855196
-27.2980041654
-28.8720925685
-25.9501355326
-25.7552705519
-24.1136900239
-28.3355345690
-32.1417168029
-36.5933128959
-35.5986050830
-35.0572145362
-38.0031696838
-33.7549169677
-36.2779855031
-29.5651957553
-27.8575747272
-27.6922405591
-29.0914096700
-25.1385607965
-25.2799723246
-28.0954251291
-31.5621151930
-33.4453854026
-36.8220260470
-36.8322584550
-34.7205860071
-36.0016238343
-31.2021271197
-26.8460952477
-26.8193309766
-25.9140334108
-25.8739776240
-26.6685350050
-26.4207848923
-30.8976443974
-32.4060751120
-33.2367085319
-33.4009008461
-36.1966609296
-36.7705313181
-36.0924700913
-39.0194892324
-29.3345898688
-28.3995971692
-27.9493582882
-23.0426698017
-24.1772127775
-24.6565061160
-29.1766723803
-35.1221651775
-32.8301283379
-32.6716684486
-32.4409370120
-36.0960314886
-37.3725835279
-36.0229275395
-27.8587540932
-27.4553067226
-26.8179638929
-24.3741050920
-25.5895246915
-24.9348939199
-28.7904469073
-34.4709911631
-39.4074040036
-32.4254369339
-31.8848334363
-31.0726931312
-34.6133994801
-36.1849345753
-29.9723197266
-27.3079634128
-25.3761445363
-26.2533508960
-22.2111039855
-20.2058312357
-24.6400376660
-30.0085487027
-34.5459192014
-39.5237406332
-33.4769448138
-33.4488652497
-31.9566013904
-35.5478469632
-24.5178106232
-25.5878054814
-24.4181236114
-21.6671654417
-22.2067852470
-21.0936753669
-24.9585731843
-30.4347432104
-32.6838259027
-36.1836503423
-40.1053150372
-35.9977763281
-33.9534080364
-33.6394140323
-25.1509784661
-23.0528374838
-24.2144321299
-24.2260704598
-25.1975809790
-22.3670343105
-26.5223477420
-30.8207757818
-35.8406084405
-36.1789121594
-37.2874658224
-41.1314086354
-33.0043109682
-33.0337356090
-23.3045891869
-23.1124790713
-23.6597783343
-23.5276684021
-23.5981120158
-20.6806130051
-20.1291723061
-24.9919864453
-29.7733897665
-34.8696730718
-37.0006063615
-41.1673359603
-41.0258390844
-33.9997775068
-36.1619815666
-34.2683949821
-37.3744283088
-40.8170120900
-35.7873996842
-38.4966022559
-33.3015284426
-35.4426541148
-35.3063368345
-32.1561773299
-35.4430411922
-35.1569623619
-38.4025765076
-38.6090900890
-35.7021162703
-36.5984627549
-34.8714065310
-37.5342772639
-40.9769866037
-35.2609952614
-37.6594015489
-34.2306888785
-36.8377552610
-38.1843909505
-32.3664167659
-35.4016869441
-34.8235495854
-38.3472938217
-41.1865657404
-36.3436507712
-37.1321090705
-34.0324127169
-37.4209854855
-40.8070386110
-35.3498103148
-38.4346757560
-34.0486079842
-34.5951665436
-36.0951149297
-34.3083433089
-37.8909045143
-36.2715902544
-37.2045747996
-39.1862680871
-35.2387944143
-35.4768725946
-33.8340058039
-37.5809056420
-40.9030269421
-37.8254308563
-39.7414187190
-32.7080009967
-35.1856050656
-34.2625434579
-32.7119611357
-36.6724250233
-35.2114941945
-36.6367773180
-37.9995396646
-35.5720414800
-35.7656338168
-35.2672468208
-38.6877866455
-39.5338397043
-39.1470874618
-40.1922891812
-32.9521508131
-35.4580726286
-38.7059561568
-35.0442699612
-36.3423225242
-36.7099680150
-37.3824871066
-38.2136511677
-34.9529408343
-37.3685560626
-36.0921995224
-39.5255181045
-42.6468464038
-36.9410541291
-38.3855967240
-34.5411098157
-33.4985164981
-36.5385648747
-34.8924396686
-37.3109353358
-38.2858670296
-38.7976153977
-39.0713231436
-35.1591437377
-36.3619005438
-36.4360673584
-39.3218189634
-42.4184906098
-37.1727603574
-40.4800444487
-35.3733717711
-38.1224489071
-39.4537941889
-31.9613447485
-35.4112422785
-38.1577160150
-39.4492851503
-39.8176931062
-36.9945490012
-38.6628878823
-35.0158732346
-37.3675993727
-41.4857379539
-38.7508938117
-41.5716181606
-35.5329475738
-37.0965921211
