-24.0038262589
-24.4264477996
-25.0657778706
-24.3408549414
-25.2104841195
-22.5681340423
-22.2177063763
-23.8758020451
-26.4980988624
-29.7554235031
-34.3279407386
-31.6696020679
-32.8878979312
-34.1600575724
-28.4939258802
-25.4228557918
-25.5602062012
-27.9853607207
-24.7203214428
-23.8376751892
-24.8654471405
-28.7268659050
-31.8484309734
-33.6673278786
-36.8075059610
-39.8498661252
-37.6593251585
-40.1098163005
-40.6077319987
-28.1439086627
-21.9856750882
-25.1886353736
-29.4099477160
-23.5523587458
-24.1716227548
-27.5213901544
-28.9159764419
-25.9537642547
-26.6558118088
-29.0161100727
-33.7625770242
-32.9342881207
-31.0068181303
-27.5121714133
-23.7485429277
-24.9310904187
-28.1796224116
-30.5198246994
-25.3422328491
-28.8037202884
-30.5462938031
-27.6793477750
-24.0655896710
-24.3451011818
-27.9500521747
-32.6196869355
-32.3927149852
-27.4010700382
-26.2685700497
-21.6700704912
-21.2787067021
-22.3586453907
-22.6572676006
-25.7423583427
-30.2694116493
-30.7482297807
-26.9829627651
-24.0272854577
-24.9827767753
-28.2381765332
-32.3896688180
-25.1802529344
-27.2649236008
-30.7138986550
-30.1777135448
-22.7994765971
-24.4233382011
-28.2148157270
-30.2157704904
-32.7572056148
-32.6879918818
-28.7294939234
-25.2460347473
-25.9849197663
-29.4866739371
-29.5614828858
-27.1376178996
-30.3081611925
-32.8584668151
-25.2564820517
-23.9992498993
-28.0213553764
-31.4971787689
-30.1841217484
-33.6432835409
-33.0539984688
-28.9478180765
-25.5709033647
-26.2163826957
-26.0254377220
-29.7777628730
-27.0091030481
-30.2262928737
-29.0402243287
-23.1379319256
-25.6304025341
-30.2702906707
-29.6293813279
-30.5634134071
-33.8153534048
-35.8796233808
-30.2011144777
-26.4125280188
-24.8794144297
-28.3143888063
-28.1900399484
-27.0774934410
-26.9432707613
-27.9002960680
-23.6003607082
-26.1154360446
-28.8088028477
-28.8148317335
-24.1088702751
-25.5585089967
-30.0872634086
-23.3520655457
-21.2077180622
-21.8935083147
-24.3153049842
-29.0812691617
-27.2078103536
-26.4049961187
-29.1432267616
-27.3440059805
-26.3775301709
-29.7837101938
-26.9385869415
-29.7025189488
-28.7076283658
-26.0498238391
-23.2677931657
-21.3031225985
-21.9126293538
-23.8520243784
-27.3432732397
-27.1774095916
-26.2821502572
-28.0670633384
-27.5964968594
-28.3500624072
-28.5180116405
-26.2603170621
-29.0237105843
-30.1635792589
-28.4577279637
-23.5369945920
-20.3794896330
-20.6270585553
-23.1100892564
-27.3361348919
-26.2905314060
-24.6803510972
-27.6742898222
-30.5748355300
-25.3546738159
-24.2662427629
-25.2717750030
-22.9615769213
-26.4471646560
-28.0561059609
-22.7786751846
-18.6689384162
-19.1732652637
-22.9338300462
-27.9796722993
-27.1883501365
-26.1181999906
-29.5463582283
-26.5299560218
-27.4642807835
-29.6798960714
-25.9017426070
-26.5492945643
-30.5572071530
-29.1560457529
-23.3411275845
-20.3287586805
-21.9693270542
-25.3899059816
-30.1593097034
-30.4802427333
-26.0727341256
-27.2183741746
-25.8828649498
-22.4800167338
-25.4011572283
-28.3671988548
-25.6146228284
-29.2171786768
-28.6260668576
-23.1899095624
-20.6792511003
-21.5969315462
-25.6176767522
-28.9759856767
-29.0404457040
-27.2467359630
-28.7154800297
-28.0431665778
-28.5859139785
-29.5731703996
-30.7508189497
-28.2324635287
-30.8527624071
-28.8069321738
-24.6421620981
-21.4377505112
-23.0184377364
-27.5377407649
-30.7248638000
-34.4411431994
-30.7850076652
-27.9596295335
-21.4197169209
-21.7202771373
-25.8800802895
-26.4206515450
-26.8514263524
-28.8311823530
-30.0166437586
-24.0683212469
-21.7443797453
-22.2138795784
-25.3806768781
-27.1840326941
-25.0255032954
-27.5328446505
-30.9340611092
-26.8336257867
