-29.7316251201
-31.4568951241
-29.3444701373
-28.7468154825
-27.6759184185
-29.1240034540
-27.6085352118
-25.9516799738
-25.3720057443
-27.8153336706
-28.5912929831
-29.8383883341
-27.4324274959
-28.7856401050
-31.7822828133
-28.4756890324
-30.4383434326
-25.8838034977
-26.2175167434
-25.4028738509
-27.2163649674
-25.3320664550
-24.3044058652
-23.3793036433
-25.7797861166
-27.2401542905
-27.5458617172
-22.5465506901
-24.4604358432
-26.5519639973
-28.3071468883
-32.0387687378
-28.4262125510
-28.5944440077
-28.1697926211
-29.6739448522
-26.5726294662
-25.8697469146
-25.6843427671
-28.1475969332
-26.3399677575
-26.5165544804
-26.9009507417
-29.7701481104
-27.8214855379
-26.5377390726
-29.4998165443
-29.2337765724
-29.1181817033
-27.3873603681
-28.1240069906
-27.0047415820
-26.5951539814
-26.4541774425
-29.2071922437
-27.0670862539
-26.9681695322
-28.2346733875
-31.5899202917
-33.6867673681
-29.8447654517
-31.3856488843
-30.1649644542
-29.7806718156
-26.4278390796
-27.6737344408
-27.1195493556
-28.4580813789
-25.1376014962
-26.9172689802
-28.4743310257
-28.5204234677
-24.9596709943
-26.9509321016
-28.2404420441
-28.6998440048
-31.8510473188
-31.2964415747
-29.7463173891
-28.1928996856
-29.7526246056
-30.0036758882
-30.6073710655
-26.0019111927
-27.5311513199
-28.5453636630
-29.4440082710
-27.8646509321
-30.1783258693
-29.4213141705
-28.4566495651
-31.3937465200
-30.4743329355
-31.5602134436
-29.7367801712
-31.1804673947
-28.5888319702
-28.6915107669
-28.8922363235
-30.5072775671
-26.6847652153
-27.2625868737
-28.3216967533
-31.1268715341
-31.0565897684
-29.6120843575
-32.0587545515
-30.8767769665
-30.9416888090
-31.0362764308
-30.9685281640
-28.2102794955
-27.9889765014
-28.7360276989
-31.0659289130
-29.9631527573
-30.3270259029
-29.8976764881
-31.7118185049
-30.4084436987
-30.2583041042
-32.0510207088
-32.5351155326
-33.9289895500
-32.1525706009
-31.3728894644
-29.9388973980
-30.1733378452
-29.2179295471
-31.2664007036
-31.1356319991
-31.7902199203
-32.2216924299
-35.2239105437
-34.8002988057
-34.5188131617
-37.8280342571
-38.7621062130
-36.3599068795
-37.2049554022
-37.1269799287
-37.7475084525
-39.1968280184
-39.4631203665
-41.2291964241
-38.1932497714
-38.8465300066
-39.8526999784
-42.6407773626
-39.3272704480
-33.4909133824
-32.4850150692
-32.1435939509
-30.9103442953
-31.3798828163
-33.0236378356
-27.7884205149
-27.5235003328
-28.4762573730
-30.9202543408
-29.2081334136
-30.3881433005
-30.3922743285
-31.4339641400
-28.9424753133
-27.9895409392
-29.4912438285
-30.8860009010
-33.3962558656
-31.2638956846
-31.6923544105
-29.4698546747
-29.2269139791
-28.9440624848
-31.2010047053
-29.5542215448
-30.7014460322
-31.3799125941
-31.4451506594
-30.7223976139
-28.3931384721
-29.7220413044
-32.7660476326
-32.7832060772
-29.4483956185
-30.8360143445
-29.7249903703
-30.9843143366
-31.8713257266
-33.8583362409
-31.3340117462
-32.1587302455
-31.1628778569
-31.7550926285
-30.6522051656
-27.9268065842
-30.3074128892
-30.3456510988
-28.8078526230
-27.9195297280
-30.0867158015
-27.1513702701
-28.1030631754
-28.5833921261
-29.9622983303
-27.9565264003
-26.7918650369
-28.8135902207
-32.3811931651
-30.7488045674
-30.7177707517
-32.5316318002
-25.6761247048
-26.1325414030
-27.7388262327
-30.4884296810
-27.1713522047
-27.9701208485
-28.9207508722
-31.0597744442
-28.0492640560
-28.8084002177
-29.1207825228
-30.6289841735
-29.2027776931
-30.1857062927
-33.9137936948
-33.2126188646
-32.0132162114
-30.9281552051
-32.3736470261
-30.7752801425
-30.7591276026
-31.0346776157
-31.5732965319
-30.8934072254
-31.9170349593
-30.5119963315
-31.4266432553
-33.6419268110
