-27.1557382189
-23.5465577078
-25.4322700219
-25.3093503667
-25.4155789243
-23.3199947663
-23.4047034265
-27.3773894631
-30.8362654978
-33.9946328126
-36.7890141013
-34.8092780722
-36.9002254927
-31.4197715915
-32.9313519832
-27.9873000095
-24.7774139874
-25.9594863286
-27.4567954964
-25.2488841306
-26.8201375027
-29.6399671535
-31.9069242373
-32.1831733177
-33.6447011141
-37.2065839850
-34.0981556614
-36.9532284032
-29.7700238425
-26.0407254873
-26.4518575449
-29.9071696810
-26.8845379799
-26.2545703964
-26.9957066748
-30.8902095946
-31.6483721536
-32.8287547730
-32.4085335252
-34.8431237164
-37.8155182126
-35.4097845794
-38.4543094329
-25.1850260767
-25.7741326677
-27.8698318689
-25.4622578146
-24.6183067632
-23.9933854255
-28.3788928435
-33.6855724792
-33.8644324520
-33.0581993915
-31.3917088582
-35.0200909873
-38.5221793812
-35.8637970692
-28.5273753929
-25.0388129358
-25.8083951857
-24.0741663079
-22.7664788954
-23.1619944050
-27.0923073818
-32.9614135631
-37.4738006969
-33.3855509443
-32.3284892887
-32.0500018723
-33.2836191446
-37.5561402188
-27.5383634744
-26.6296883608
-29.8819278488
-29.1013650341
-22.1710896175
-20.0297506628
-24.5356448276
-29.5534240819
-34.8159529423
-37.7969745696
-33.7762297372
-34.7747618126
-33.0335595349
-33.7734981585
-25.4153005847
-25.6565803687
-24.3817819886
-23.5785780033
-22.7225419334
-22.3431129466
-26.2384113630
-32.1644031091
-32.8983581876
-37.1708404771
-37.9529462381
-34.7108753120
-34.0182693526
-34.1553841092
-23.5424655165
-23.1835376131
-24.1277764159
-23.8068497976
-22.4417202865
-21.3430851847
-25.7560524653
-29.3239975665
-33.6898187170
-35.3296225442
-37.8964142743
-36.4663723060
-33.8016010207
-33.4312627517
-23.6734608091
-24.3846080691
-24.8145634324
-23.2045603987
-22.5886571198
-20.1747300929
-20.9246399370
-25.9267967189
-30.5348108215
-35.4624871582
-37.6997783824
-38.7735982530
-42.3550261394
-38.1567605972
-36.1392836019
-35.0968469782
-38.0010167841
-40.6202868884
-37.9374487523
-39.6160937818
-34.6265524765
-36.8218577529
-37.4138264351
-33.4778057151
-35.7227584364
-36.3800998321
-37.7250888234
-40.0910241129
-35.7267548216
-35.3721419176
-35.3619949553
-38.2879836779
-40.8599198320
-38.2355918067
-39.0938605849
-35.7961161316
-36.9430542683
-36.8990189407
-33.0573320277
-36.3549007155
-36.0493254318
-38.8862699095
-39.4456214728
-34.5329849988
-35.8519062992
-36.4646090866
-38.3005191557
-41.7859548994
-37.8553720233
-39.0058766636
-35.5409999046
-36.7858320230
-37.1564602321
-33.8326710874
-35.4729292966
-36.4484125212
-39.0061213368
-38.0079648296
-35.1589922710
-35.3492381081
-36.0770800557
-38.6842627884
-42.0105408634
-38.5796214259
-39.4613662179
-33.5429505639
-34.7536134757
-34.9402551920
-31.3834985987
-34.6979695867
-35.0405040217
-38.5573467936
-39.3967081493
-35.1551046292
-34.4048430241
-36.2697998423
-38.8206564333
-42.2449553233
-39.3639408935
-39.0325541944
-33.7471403968
-35.6690447835
-35.0248265903
-36.0875856160
-36.9524037658
-38.1925054123
-41.2828984321
-40.8850386718
-35.5712336565
-36.0734578060
-36.0407928211
-36.9556091595
-37.9895118088
-37.3507477536
-39.6001043497
-34.4975314770
-34.3690490254
-34.4351311508
-34.0967070272
-36.2548680900
-37.7031093488
-41.4464019687
-39.4565451799
-35.5829600134
-34.1245237862
-34.7230444184
-38.3778771025
-39.9045921566
-36.6311096236
-36.9991641966
-32.2288553760
-33.7933661693
-36.5807618928
-31.4145168668
-34.6251814986
-37.9730627999
-40.5416718927
-37.2746701335
-35.7469762498
-35.6638470226
-37.1247014543
-39.5689372040
-40.5705113786
-38.8950329571
-39.0506447273
-37.4090753000
-35.0819708931
