-30.7471021907
-34.2598947280
-35.9178382551
-34.3533379329
-35.2283665273
-34.4086283931
-31.1278256574
-30.3159766172
-31.1485493907
-34.2183618252
-35.4654362345
-33.2451181658
-31.3629276282
-33.1333979963
-31.1571596755
-30.0416693937
-34.0805920158
-30.9879495313
-30.5259817504
-32.1994825178
-33.3618859182
-33.0892319157
-28.7293023198
-30.1373833046
-33.7380757053
-33.5864641813
-31.3301474180
-30.6328601724
-32.3378167785
-32.2049417811
-33.2739149308
-34.7639326064
-33.3850292216
-30.4017610556
-32.5705198639
-35.5536570668
-33.8739606015
-31.0493349185
-32.0782354942
-34.2028151503
-34.3122607253
-32.1083449711
-31.8477150712
-32.8325582655
-33.3603725452
-31.8778918656
-33.9654735743
-33.4909936586
-30.7443045930
-32.1634749005
-34.9239110446
-36.0414957801
-31.9515499099
-32.6127647894
-35.1315224564
-32.4189924823
-31.1768762222
-32.4754765527
-36.2886774842
-34.1773351140
-31.1863409416
-33.3643016098
-35.6492298562
-32.5355815858
-33.3452220056
-34.5409713013
-34.5293692250
-28.5573994302
-30.1172343712
-32.2150253175
-32.7221650634
-32.1042916256
-31.3562889933
-34.0297808143
-35.2895046282
-31.6693794001
-34.6230544929
-36.3429012087
-31.9722102053
-33.0311477288
-35.4315232688
-33.5655126069
-28.2331509481
-29.4574162919
-33.0142637461
-34.7137389401
-32.4531203557
-31.4040941656
-33.3861451556
-30.4949608824
-32.3481902904
-35.7213745182
-34.6293190049
-31.3674664449
-33.3811014442
-34.4183869799
-33.8948409785
-28.4015856476
-28.9722844558
-32.1649584947
-35.0185918642
-33.5958499260
-32.3216603498
-32.4299938749
-32.2522291225
-33.1787602811
-37.0462210810
-37.6928186872
-33.5973632922
-33.9205488552
-36.3646631927
-34.1199551935
-29.2583646466
-29.1002283839
-33.0266153836
-35.8995315176
-34.1748287975
-33.8394443553
-37.9837884340
-39.0158760388
-27.2833442481
-25.6207035041
-26.8497278567
-28.3376900658
-28.0578484771
-26.3260406088
-22.9002989739
-23.3584724519
-26.7099358621
-30.0471092440
-32.7191926922
-29.6552212557
-29.7393887652
-32.6300565722
-32.7123197359
-26.0266067233
-27.4941365249
-29.2939800052
-25.4583831118
-24.4067001827
-26.0427735224
-26.6674773244
-24.7957259057
-25.4620338504
-28.5207548788
-30.9951163656
-28.5231291488
-28.6004392366
-32.1108422178
-26.9420344198
-26.0232213908
-27.6290984202
-29.1752418754
-25.2451298263
-24.3533904196
-26.7253207152
-29.8572077367
-27.3597792173
-28.3594171019
-30.0264722541
-32.5592479114
-29.3603547140
-29.7834344612
-29.1055918583
-25.5938990940
-25.0957345934
-28.4234045974
-27.9157857860
-24.6372633839
-26.4861524126
-30.0638327088
-29.9217544958
-27.6026810989
-27.4526722394
-30.2995923330
-33.4424803507
-31.2991666825
-27.7315946774
-27.7252525040
-25.3355450179
-24.0305452266
-24.5606458948
-25.2167304966
-27.0414676967
-30.2587287307
-32.4174687608
-32.4103563053
-25.5395135290
-26.4805209709
-30.0513166481
-32.9435016866
-34.7893220247
-28.2505695977
-27.4088738057
-28.0320564413
-27.4927047159
-29.7558274155
-28.2670496900
-27.4424566623
-28.8994122119
-31.4792008542
-29.7782923687
-24.4903576251
-25.2561247474
-29.4703569729
-28.0552916667
-23.4386539439
-24.3148687089
-28.6108023838
-25.4047781858
-26.2328537096
-29.5893889681
-29.9341126120
-28.3788138863
-28.4505300662
-28.0158093856
-29.6478731926
-24.9960255622
-25.7772927504
-29.0670481450
-27.6843241628
-25.8266760360
-27.2784701529
-26.0191033109
-28.3973562288
-26.8825041849
-28.6204030420
-30.3513563540
-29.2083832756
-29.4150962858
-30.3683866318
-28.6670340334
-25.6521593543
-25.6337348051
-28.8171632784
-27.2269533958
-27.7876398965
-27.0995441239
-29.4123763501
-31.4892002352
