-32.3646988538
-29.7805954371
-30.8525371552
-32.4541184865
-30.2702324242
-27.1015041283
-27.9157430682
-31.1618137149
-34.8808427650
-33.0316370888
-35.2196733841
-37.9091025104
-41.1059570848
-37.8663863450
-39.0894525110
-31.3331534434
-27.9972126537
-29.1387591505
-28.2140661660
-26.4021790992
-25.7094072487
-29.9441158631
-32.9205137222
-35.4728749124
-31.1035353412
-32.5319489808
-37.1751385030
-38.5465072298
-31.5863459513
-33.2222078710
-31.5641425156
-31.4577858176
-30.3111478082
-26.6076570937
-28.0243536543
-30.4385441234
-34.1596873127
-33.7425342576
-36.5597196965
-34.9730328061
-33.5955702977
-37.2973603263
-35.9702301285
-30.5330644283
-29.6610818531
-31.5367024706
-28.0865093141
-27.6219510140
-28.2390529743
-30.8561658761
-31.8369855457
-34.9336320832
-32.9627793619
-35.5825703392
-31.3999592552
-32.4791285874
-35.7095989694
-31.1781526836
-26.7460651691
-27.3775305817
-29.6022662239
-30.7156541182
-30.5333466512
-34.3997060978
-32.9698270898
-31.9554505048
-35.4964920435
-34.3461219089
-37.7168630200
-35.2947425179
-34.4045336185
-31.8874420240
-28.9142222761
-31.1820985698
-31.8796965197
-28.9829842121
-29.7168849814
-33.7452541755
-37.3961592195
-37.2329883620
-31.8984058706
-33.7474718074
-33.8632012964
-37.0993987688
-33.5490299350
-33.2076088382
-29.5331961791
-30.3024792609
-30.2022744316
-32.3728948730
-29.7446421963
-31.5915644347
-36.2636479598
-41.0506834635
-39.6225162164
-32.5668911463
-34.8140201356
-35.5788380555
-38.1966959791
-30.0782039035
-28.6768534706
-28.0147698352
-31.5081853344
-34.7772526058
-29.9588741559
-28.4861790805
-30.8298456513
-35.7059236323
-37.3816093794
-37.7430874455
-32.1278621429
-34.5576144891
-34.3167477605
-31.5371102719
-28.1312618585
-29.3948800331
-31.2588921224
-33.9304161911
-29.9883208082
-26.8149423296
-29.3329056126
-31.9486681690
-36.7112263407
-36.3540540646
-37.2103188775
-31.6256987775
-35.1524054095
-36.7076222265
-40.5342979328
-36.7065334782
-34.6960419558
-36.1339706197
-36.5974918287
-37.3414694582
-32.6123272231
-34.1469291821
-36.8967301097
-36.0066300022
-34.0667295991
-36.7806200204
-35.0536116917
-37.9396339958
-40.8595340148
-43.5894701940
-38.7272507876
-33.0816948336
-35.0207460497
-38.5809134325
-38.1662084948
-33.1698975510
-35.5965907042
-37.4070479838
-38.3850594731
-34.0708437896
-30.3573476982
-32.0337923637
-36.9918394217
-39.1757444062
-41.9911906935
-35.9543041435
-34.3874269629
-37.3442372768
-40.0804991317
-34.3207221371
-33.3065436721
-34.9230863919
-36.0678600169
-37.5226518855
-34.5417402836
-33.6727677409
-34.6822494391
-39.1672182584
-39.3423109539
-42.6243322554
-37.4728206919
-35.3729277310
-38.5280140780
-36.4989855129
-36.1305865737
-36.2633838760
-33.9878919155
-32.4415674769
-35.6907756929
-36.2529171515
-36.0239657969
-35.3752670503
-39.6172226511
-38.5513036695
-41.6003048750
-35.1820773197
-35.2168563673
-33.8849904766
-37.7510815029
-36.2079652530
-36.8603250713
-34.6900713245
-33.5022461937
-36.8455266441
-38.4422451983
-37.1050677723
-32.8130540458
-35.5307195913
-37.7350286388
-41.1461190015
-35.8305508062
-37.5414026536
-37.0735562636
-40.9111349184
-36.1809847896
-34.4503541856
-34.5188338872
-34.4238889685
-38.1415440401
-41.5205597168
-41.1253823429
-34.6466418555
-38.1433124440
-37.2379064955
-40.9329732841
-31.1794524434
-33.7055026314
-37.7202910840
-41.9522236742
-36.2493311424
-34.6159795969
-35.8044325512
-35.2533235478
-37.5299921826
-42.1006427029
-42.1866161305
-35.1725452848
-38.0754942866
-39.4759833817
-34.0011303490
-30.0422040620
-32.6625183143
-35.8887359673
-39.7468184252
-32.1358419666
-33.0800157578
