-30.7952879754
-25.0321704109
-27.1240105035
-29.1423891564
-27.6048055148
-22.4772398470
-23.3040610005
-27.9266615911
-32.8463831498
-31.0387283730
-33.7745118154
-28.6682431757
-30.7204168921
-35.0977648259
-38.4493019760
-26.1255610002
-24.6547856088
-22.6464655717
-24.5957887268
-26.6796088922
-20.8041281891
-24.8146630996
-30.3661651105
-34.7565547640
-31.1150403266
-34.1719353938
-26.8659283019
-28.6902886811
-32.5509004187
-29.3639484918
-28.0470529189
-28.3722736369
-22.6552312136
-26.1595024581
-26.3442101226
-27.1255329404
-31.9295768981
-36.3955597670
-36.0413365448
-31.2395678381
-33.6683208334
-28.4738429655
-30.9807231545
-25.0311476856
-24.3555433154
-24.1625852478
-23.9253937581
-22.1698791811
-26.5413911029
-31.4002155757
-30.7242126193
-34.5722899039
-37.7334350057
-38.3939739717
-30.6684276148
-31.8993340855
-29.1329878804
-28.0460677441
-26.0032601642
-26.2009615837
-21.9350360528
-22.8930363497
-23.5565829845
-24.9138038150
-29.7485091093
-30.0805872346
-33.9923905858
-34.9041750829
-38.5913529642
-28.9619549497
-32.2409830444
-29.0578682388
-22.5214784470
-24.4561197109
-23.2265463561
-20.3660052244
-20.8362572355
-24.7470170966
-27.3206529455
-31.6459240828
-31.1473933231
-34.5836097653
-38.5057381471
-41.6708584895
-31.7658467499
-24.8153699577
-26.6675252211
-21.2163050515
-21.2415080599
-20.3179812507
-19.7278466516
-24.1533716631
-29.0443644083
-29.8913964550
-33.5687684778
-31.1721807592
-34.8747620885
-36.9235992177
-38.7785008354
-22.1586201547
-23.7173550524
-26.5711148118
-21.3671101144
-21.9715356203
-20.2424123620
-24.4486292243
-30.2532668613
-32.8456737208
-30.0538825200
-33.8142400560
-32.0048156454
-34.3119422541
-36.8751933787
-24.6991950868
-20.5783122041
-21.9881878831
-26.3228585069
-24.5436751655
-22.9976622189
-21.1516508248
-25.7614573624
-31.0554608888
-31.1835394583
-31.6706778701
-35.8471745819
-29.5133061494
-29.0683233177
-31.6150482182
-35.6022273262
-29.5118290378
-32.9081983251
-27.6277701748
-28.4811742115
-31.8633808499
-35.0434776807
-31.1411844889
-32.3398272699
-30.5575722344
-29.7973706771
-33.4088366475
-27.1296730191
-29.8877042895
-32.3670744171
-36.0529049523
-30.7980506149
-32.9134698820
-29.8169720035
-30.5335744977
-34.7254329253
-32.8432373147
-34.4327607607
-36.5481991805
-31.8179952589
-32.1796766454
-33.4283680673
-30.5671612292
-32.7740701797
-35.1657033973
-36.9289704646
-31.7283904815
-34.0899091295
-30.2808531938
-32.5449388431
-33.6919198337
-33.2289643245
-35.0379731019
-36.6227038739
-31.6394641029
-28.8409797788
-32.2941115503
-30.5974946663
-32.5365175735
-35.5051398765
-37.9500088123
-32.5496368964
-33.9847370079
-30.9431219070
-29.3289415931
-32.8672932983
-35.7790612583
-35.7789887622
-35.9829313056
-30.6007350191
-28.5933759772
-32.6355339592
-30.0582543280
-32.6555042453
-33.6841445574
-36.7289155622
-33.2971048353
-34.6823219312
-32.8957055799
-31.5789059757
-35.2612399331
-35.3519722726
-35.9906340905
-35.4762033041
-32.1027161134
-28.2918190032
-31.9704754569
-29.4474065610
-32.9973952841
-34.8784205985
-37.5898939520
-33.2932184848
-32.0787468557
-30.6447833013
-29.0500554161
-31.4142605450
-32.6226295382
-31.8280891411
-34.5637624679
-31.8829213315
-29.8535971322
-32.9212270387
-28.6737516400
-32.0703928862
-35.1567759337
-34.9595717002
-26.1657242374
-29.7320562147
-32.9582560622
-29.0756234778
-31.0143500276
-35.2545611653
-38.1230612434
-41.1848685189
-33.7920159067
-29.9206307892
-32.2574359429
-29.8038099481
-33.0410771984
-36.8200349716
-29.5100735786
-27.9478513874
-31.1464249674
-29.1603049396
-29.9510949886
-33.8069088211
-34.7344341810
