-20.4204438711
-22.0654487895
-23.2031454114
-22.8719294131
-21.7712281637
-20.9148450955
-22.0552953500
-24.1615910040
-27.5448765288
-30.2900395717
-34.1060021199
-34.9845390474
-35.4298078922
-38.3067305095
-35.0820834112
-25.5334419144
-24.8694383498
-27.9037383600
-25.9807278928
-26.5484142456
-26.5449188654
-27.5359438952
-27.0110488123
-27.6389230340
-30.2356359062
-33.5993012827
-33.9123010553
-34.5815125445
-36.4267515186
-24.1534027239
-22.7527239121
-25.3563153505
-29.5266287430
-25.2273577484
-24.8724754493
-27.8612021516
-30.7839150399
-30.0435659652
-30.9068553838
-32.5193889093
-35.8600078088
-34.3525961287
-35.5874548109
-22.0336135924
-22.0208632300
-24.8151291533
-29.0156090664
-31.7461794090
-26.3886920945
-28.2611321240
-32.6377334697
-31.3087259043
-27.4479301682
-27.6847138370
-30.6193136219
-34.1642999309
-34.4888836460
-22.6289006057
-22.8492210707
-22.2579265803
-20.9526017060
-21.4258170149
-22.6012353192
-25.4851978739
-30.3436833327
-34.6191098998
-30.6648817480
-26.1733972594
-27.0762985381
-30.2745408006
-33.8772138958
-20.4506258281
-21.4295907178
-25.1809610777
-29.0266130418
-22.0784943227
-22.3180018537
-26.3113159752
-30.4849860961
-33.3102371221
-34.7899227206
-30.7640690386
-26.3432961431
-26.3680900597
-28.9716993031
-20.1255694396
-19.6670891161
-23.1637148981
-27.0522567764
-22.3793147456
-21.1008577317
-24.2759133079
-28.7557662472
-32.3587346919
-33.1143662984
-32.0885598181
-30.0367642115
-24.1962496618
-25.2521982701
-21.1907783905
-22.5487696131
-23.3880848232
-26.3162509392
-25.6371188537
-20.8604905908
-22.5525873464
-27.6041530327
-30.6947452584
-33.2463156534
-33.3704638440
-34.8996039036
-30.6692354402
-26.6125545098
-23.4887647887
-25.7140560973
-27.1891618439
-26.7042539284
-27.1756127070
-27.8220008015
-23.9108581418
-19.5510579325
-18.0071807926
-18.0680056422
-19.9236424775
-19.2605812330
-19.3659359684
-19.5648905904
-19.5447274051
-21.3657003068
-24.3093718942
-28.6835736522
-28.1054154505
-28.4923128294
-29.7305208535
-27.3875079546
-23.5093746000
-24.0106707372
-25.0753681656
-25.3680261874
-22.4812685989
-23.5388859879
-24.9234730742
-21.5241537840
-21.9488777684
-25.4453699305
-29.1185830157
-30.2254552862
-26.8048510277
-28.1261560080
-23.2913494510
-19.9901389069
-20.7465372226
-19.4060047097
-19.1126061257
-19.2818202183
-21.3042579442
-22.6620873433
-21.9746154392
-22.4264428691
-25.0569306548
-29.1356728487
-32.0022627188
-29.4758848542
-24.3501474739
-23.4214955008
-22.0514853839
-20.0062953458
-18.5959832975
-20.1095994520
-24.0101697193
-27.0470033501
-24.9176202507
-21.1431971700
-20.8121080187
-24.0333868313
-26.4086623854
-27.7676010016
-22.2216846316
-21.3478725646
-17.9026998946
-17.7334314264
-18.8649258559
-19.3509278272
-22.6400275779
-24.2720606322
-25.6785637321
-29.6435609159
-27.8304894013
-28.4303176962
-29.7121480901
-27.3853097476
-28.0607315188
-20.5433518898
-18.1737888886
-18.1072950460
-19.2485105103
-22.0515060927
-24.2391509524
-28.3578234472
-26.1023024685
-27.3882678719
-30.3282661098
-30.5322087072
-26.7934819729
-28.0771533388
-23.3114388400
-24.9122697247
-23.8942162357
-24.2101509311
-25.1761296874
-21.5450743000
-22.2363212240
-22.9594887531
-26.0652980113
-24.8469513773
-26.0697384430
-29.8105612100
-32.4307382564
-29.4596365062
-24.3083064495
-23.3911529895
-25.5186681051
-21.0445729937
-21.1089967929
-19.5082537306
-21.8471931847
-25.7402805359
-24.6252094910
-27.5208114636
-23.9956677730
-25.5222100895
-27.0598404657
-28.0313340621
-22.5529174657
-21.4316154681
-17.9360782168
-20.3541234986
-21.6888381111
-19.9357494519
-18.5861133707
