-30.0688867571
-28.2877876481
-20.1606255620
-22.8443430615
-20.9942834994
-20.4748747543
-24.0656155511
-24.2546083095
-26.7817361888
-24.0999298612
-21.7303231244
-24.7240744401
-24.2847980614
-25.6510201136
-29.7948488153
-28.9410370359
-27.2212714557
-23.4647942242
-26.4263723094
-18.9460614641
-21.7428456519
-24.8937933958
-24.9784230809
-26.7553512328
-24.6464109292
-22.3697775379
-25.3782132787
-22.9241827972
-24.6596726693
-25.4418758484
-24.5139618226
-19.8305215851
-21.6563336295
-25.8895941998
-18.4533794169
-19.2737173977
-23.2329493683
-24.0727124818
-25.8171116240
-23.6326140277
-21.7330754149
-24.7872230577
-22.7128040512
-23.1629795758
-26.3268587852
-24.3251075954
-20.4023015388
-20.8241981542
-23.7642268357
-20.8521884093
-21.3988132365
-24.3511132313
-24.5929704068
-26.4120257132
-23.1285176924
-21.1088621540
-24.6212609958
-19.1902955345
-21.4770994488
-23.9927692012
-25.9900165481
-22.4319901724
-21.7439512381
-25.1257159057
-23.3518894841
-23.7958833549
-26.8664409567
-25.6595540282
-28.6920946242
-25.7947127017
-23.3779106685
-25.9098946083
-24.5152939422
-21.9721751434
-24.1393254156
-24.4949184619
-22.2747717341
-22.2492088332
-25.8112458549
-23.2831624892
-23.4135428569
-26.0798219810
-27.9762351810
-28.3616411971
-24.9598237569
-21.7467902638
-25.0915686057
-23.8700903207
-23.2567490473
-25.1106909402
-26.4600509803
-26.1428955122
-24.5881830336
-26.5249576392
-23.5532442418
-24.0904353709
-27.0134295509
-28.6635114638
-29.2197549187
-22.6351405211
-20.5649015847
-24.1138388896
-22.5574122731
-21.5465993255
-23.1736327322
-27.4451597417
-27.6670789819
-24.5760022722
-26.7263693371
-24.4701802123
-24.7864890364
-27.4844154844
-27.5955997139
-27.6603989148
-27.7628136145
-20.7715473327
-23.8889938683
-23.6154245161
-21.4012742468
-22.9878583155
-27.4945469084
-27.0453203850
-24.6417607715
-26.2450448264
-24.0638885821
-23.2875847998
-25.3276946472
-23.6180965378
-25.5927391445
-22.6131247931
-20.2910098336
-23.5667558298
-22.8815973812
-23.5830611496
-27.9579271327
-30.1117038991
-27.1585358079
-25.4856846435
-27.8696079034
-22.1327698615
-22.9375765879
-25.6075479152
-24.9011764194
-26.2403933791
-23.0959847430
-21.1918930375
-24.4687367422
-23.2764280554
-24.2159208995
-28.1399485122
-33.2274146882
-28.3647857466
-25.2106368755
-28.0110660161
-23.3653518836
-22.3881982050
-25.0961307302
-24.7699493983
-26.1669424419
-24.2116888979
-21.6997229888
-24.4227012602
-23.5759888294
-24.9172422304
-29.3858179132
-31.6814203330
-26.1809990552
-23.4023718735
-25.5084279315
-21.9704844100
-22.4567517244
-24.6829842792
-24.4767476412
-26.3728631902
-23.6673477723
-21.4844203442
-24.3378722075
-23.1152857290
-24.3187291630
-28.7421614268
-29.4243590451
-25.4829634230
-24.3524647907
-26.6989137556
-22.9690699843
-22.7528235984
-25.8471913354
-25.1760701323
-27.9549754916
-25.8560022929
-23.1228914260
-24.4806624769
-25.2005391078
-26.9597055255
-30.8659697688
-28.2502136005
-25.5013232436
-23.7583416493
-26.6977900505
-22.7516040920
-22.2187342736
-25.1274377028
-27.4073177056
-28.4036608664
-26.2375556459
-23.6043415554
-25.8684031281
-24.4658109829
-24.5650345364
-26.1398713562
-30.6797332297
-28.1844214420
-23.1480452323
-25.6893295048
-22.0912977907
-22.2950462521
-25.0410797520
-27.3360326243
-29.1616927370
-25.1614180075
-22.9996209258
-25.7427441293
-23.6040023795
-23.1517283356
-25.4456884064
-27.6570899519
-27.8745493395
-23.2156627638
-26.1392201774
-22.9308266129
-22.7003824982
-25.4294568807
-26.0720350503
-26.3279850740
-23.9258572180
-23.1073188488
-25.4436248337
-23.8567949311
-24.6610565844
-29.1883909696
