-25.4190276825
-21.0200509464
-24.9635521596
-25.2678977155
-25.3720588241
-26.0186023072
-26.6371076334
-24.6158444581
-28.5496409653
-29.5595461846
-33.4474140117
-32.0760657626
-32.3518850341
-27.6716359287
-30.4280592701
-27.0478759007
-20.3286253356
-20.9754615119
-24.8052022734
-25.4665493691
-29.9102676217
-33.0333226319
-25.5300941240
-28.9696499638
-28.5447513283
-31.0175489458
-33.3667406107
-32.3456049973
-27.1952023796
-24.5997087372
-25.3822200289
-26.6842279703
-23.7225152717
-24.8181105977
-24.2653145453
-25.9015277087
-30.2166210246
-25.5317732026
-29.1577325879
-29.2323836060
-31.9588228942
-34.8943025645
-31.9505957973
-21.1155150312
-23.2547450300
-26.5484996828
-23.4669173512
-22.3759656613
-22.6299129927
-26.8349799201
-28.0811083050
-30.7503528991
-25.3637579327
-28.9038086139
-29.8934470805
-32.5045089380
-35.2815817582
-31.9461126442
-20.5020299939
-22.5426552877
-23.7397992951
-23.3653311759
-27.4222416912
-30.3052574419
-33.4905509081
-31.6046086808
-33.5819240647
-25.6133567212
-29.2161896136
-28.3791284705
-32.2180960623
-25.8962496810
-22.4327047853
-25.9170238955
-29.0430374620
-24.4745287294
-20.6721528832
-24.0687225630
-29.1235089189
-33.6686030500
-31.6225309263
-33.0363157163
-26.6628880158
-30.1360835366
-29.8476756996
-25.2305048929
-26.8233195949
-22.7771501660
-21.7822839369
-22.8987286449
-22.3695600485
-24.8775152693
-29.1908830551
-33.5728373625
-36.7170390335
-32.2219435816
-33.0211845965
-25.4398174560
-29.0654790999
-24.4418714985
-24.5496393238
-24.8114784321
-22.7787606334
-23.0027266397
-23.6490967028
-27.9670682099
-29.3830617593
-31.5561342031
-33.4069646881
-35.5512866759
-33.2402673457
-35.2512768079
-25.9872927375
-24.9023661477
-29.5076319843
-24.4887484615
-22.7616449083
-25.7513233443
-21.2936384586
-21.5758751017
-25.3174894113
-27.3977300066
-27.4761145725
-26.5322849292
-28.3416760081
-30.5455053631
-26.7223418220
-20.1392713430
-22.8085282984
-26.3091915432
-26.7009125453
-24.1561912047
-23.4651087563
-24.6564530209
-27.5577692701
-27.8971967639
-27.7435903052
-27.8387035199
-27.8776199833
-30.1562129396
-32.9687887699
-27.8621717434
-20.7128986670
-23.5721011372
-27.5471588627
-28.9700020440
-29.1124672476
-26.5303689281
-27.0813629412
-28.1372842324
-28.8219298924
-28.1825028591
-26.1857333324
-26.9233728755
-28.1676124559
-28.6863751249
-29.7635340094
-20.4518699227
-23.1357284967
-26.7331736559
-29.6467817885
-29.0904709130
-26.3283889048
-26.9115973996
-27.9287121885
-27.8038726633
-29.5680930173
-27.5365794931
-27.7973608434
-26.1096233126
-28.1016676090
-28.1309692094
-20.4442940086
-22.3169531980
-26.6765484507
-29.2802858005
-29.2771631906
-28.2046389096
-27.7303389215
-28.2227748075
-26.3784350297
-27.0967931098
-25.9887788753
-22.6058944766
-22.9080418362
-26.6252724760
-26.8059098965
-21.1628282482
-22.9995613144
-27.2765890663
-27.9429228100
-25.7793549225
-26.4490844477
-27.6142546693
-27.3908971300
-26.2557432010
-29.9626024877
-22.5306984453
-22.3269408708
-22.0822576042
-25.2611683983
-24.9992774906
-19.3244586656
-21.4831658184
-26.0962087836
-27.3250389287
-25.6332919289
-24.4118771463
-27.0288687370
-25.5808081844
-26.7889599010
-26.8254608212
-23.4990826118
-23.9221312929
-23.7365873336
-25.3674591216
-26.0099220339
-20.4319229279
-22.9228040089
-27.0554517745
-29.5804342624
-27.1047663572
-26.3801904737
-27.0305387866
-28.1761010509
-26.4124218026
-26.9704169158
-21.7430592342
-23.3343969429
-24.3934668332
-27.8824216557
-26.4083994948
-21.4967266415
-22.7627918674
-27.1941485398
-27.4748497301
-26.8127543602
-25.6702446542
-29.1246791831
-27.9315951833
