-21.5810146032
-23.8456433483
-25.1442284930
-26.0916700354
-29.4257986237
-29.5938682454
-26.2331954799
-27.5255522456
-24.9796684660
-24.9250019839
-28.7383009787
-31.4626392203
-28.4284819685
-30.1332160306
-24.0167837611
-20.1054606576
-22.3929570905
-23.7029942065
-24.0398364703
-27.5191285050
-27.5342479855
-24.0654032506
-24.2806048997
-22.9855694866
-24.2396351289
-27.9193601267
-27.8598273062
-24.6650840408
-26.7527905374
-22.4888937031
-20.5784571973
-23.2773614364
-28.0358029658
-26.7809128368
-29.0101717970
-29.7572385167
-25.4329095416
-26.9635840988
-26.4887623054
-26.7228558330
-29.5226673103
-29.7265995516
-26.9837990676
-28.1717668558
-23.1092102274
-21.0056991630
-23.0913798962
-26.6818174497
-27.5158985263
-30.0436915293
-29.1886926192
-25.8300082958
-27.6214849515
-26.3641040230
-25.3189626665
-28.1910419428
-30.2286943382
-27.7313137514
-29.0813067093
-22.4504936825
-20.6707495515
-22.7345582744
-26.2978639380
-27.2907337693
-30.1060064238
-29.4217983546
-25.9672862045
-27.1916357830
-24.3628499501
-23.9458132641
-27.6000789670
-29.0844758666
-25.5128088070
-27.4702449347
-22.9979029989
-20.5115866348
-22.6681304637
-26.0624602911
-27.3020199705
-30.2600686181
-29.9344556754
-25.3076453895
-26.2748785608
-23.2662966179
-23.9494549329
-27.5095097341
-27.0899447666
-27.2736076890
-28.0966718163
-22.3286355763
-21.8872269827
-25.1090623463
-26.9651673887
-27.6443473513
-31.1486516510
-30.4604032050
-24.1330363089
-25.1666791989
-24.0325608928
-25.2113812615
-29.8579546971
-27.9884457157
-28.1213116707
-27.2294169946
-22.5861818625
-22.7142501048
-25.9301238143
-28.2338875741
-28.6178656607
-31.4881360741
-28.4529807077
-23.8184764707
-25.8945900097
-25.3160796215
-25.4306608515
-28.7340650960
-27.6077843533
-27.8977418449
-27.9687809598
-25.0264107975
-25.9599549662
-29.3568839243
-31.2636108871
-33.0283954382
-36.7071652339
-38.0578413197
-26.1896740673
-26.5715368351
-26.5085565278
-28.0692589503
-33.1177335001
-31.3820382980
-31.0201122331
-32.8287017041
-29.6117917839
-26.3178743573
-27.9692482997
-29.8663721108
-27.2550653316
-28.4444532744
-32.0284237121
-27.6404959490
-27.3591150953
-26.3592350882
-27.8091701527
-31.9422832553
-30.7317069770
-29.6879367448
-31.5200748131
-27.7107324201
-26.0642662426
-28.6019176420
-33.2684012847
-27.1482956339
-27.7533605501
-29.5742500917
-26.1838846946
-27.8058521218
-28.1181878330
-28.9270930477
-33.1605234454
-32.0395713915
-31.0813707420
-33.2058080613
-30.0121567143
-27.6720903290
-28.6076164210
-30.7682751470
-26.6350479379
-28.3085903484
-31.2758499004
-28.4878193172
-30.2195105389
-28.5219187108
-29.5191033157
-33.6370255106
-33.4974536412
-30.9758438685
-30.7947222440
-28.2843738371
-25.0374070142
-26.2322556116
-29.8361978954
-31.5608736892
-34.7281787409
-33.5560012783
-28.1794657621
-28.3816024135
-27.0757806981
-27.9174635667
-32.1258361106
-32.2789946825
-30.8624239069
-31.3678962474
-29.0338433127
-24.3470262320
-25.3415972091
-27.1269052004
-27.2944414639
-29.7914854832
-29.2072051998
-24.4110461025
-26.0050596319
-24.3291725899
-25.3643327281
-28.6725916872
-24.8793186221
-26.1222494489
-29.9231358154
-24.3198554444
-24.4044773749
-27.8680427389
-27.5249450908
-27.4772719634
-31.0593783037
-29.0193892605
-24.2175015858
-25.4774018744
-25.2950231787
-26.3612158016
-29.0769996309
-26.0285796768
-26.1906281997
-28.6946695500
-25.2240811443
-23.4001348309
-26.1954621739
-28.1556156118
-29.1466108124
-32.3269305928
-31.1294063419
-25.6784316798
-27.1754198028
-26.8252860688
-28.4942624659
-32.6578241393
-31.2125304077
-28.5063228358
-29.8567235563
-26.4127260832
