-25.6600796300
-30.0041484011
-34.6181635568
-29.4743844330
-31.1048584031
-32.1610190803
-29.2265993939
-30.8588948577
-30.3328101155
-30.0365143593
-33.4891346212
-32.9594924130
-32.4174804137
-34.7266511334
-29.7077917988
-27.5543969258
-31.0262731566
-32.6257365412
-28.6889772606
-30.1058083535
-30.8763225804
-28.8078707485
-30.6042278118
-29.0358835809
-29.2465709732
-32.6847126842
-30.0061032343
-29.5253975980
-33.1368700685
-30.5344315122
-29.5762812976
-31.7537656725
-34.6570632745
-31.1456521024
-33.2756846158
-32.3779592959
-29.8888720130
-31.7544505123
-31.2719842668
-30.0218829477
-33.8353948841
-31.6303683446
-31.9158905494
-34.8091395374
-30.5287146110
-27.7333113027
-31.1139282673
-33.4533302783
-31.6400091310
-34.0165359067
-32.4023855357
-30.1549870930
-32.3903730731
-31.0645825498
-29.3238473974
-32.0730895038
-31.9620761908
-31.7681951357
-35.8396724536
-31.1826953745
-27.9350440508
-31.1412181369
-32.2279776464
-29.7985215682
-32.4895862402
-31.5287122887
-29.1948147217
-30.3884915406
-28.3732562246
-27.3511430375
-30.6511681915
-29.8975444445
-31.0340743398
-34.8452261155
-30.9396718356
-27.3930979814
-30.7232028318
-33.5850634402
-30.5839494193
-32.5912267605
-32.3387255770
-29.4350355004
-32.0259730583
-28.8698723471
-28.3532872411
-31.7720905307
-28.8758209682
-30.0091053776
-33.4489247997
-29.7670229988
-28.9832444240
-31.6387197086
-33.8350764282
-31.0458498925
-33.3398313430
-31.1002768724
-28.2538966948
-29.9212949103
-29.0557218161
-28.8801228805
-32.7862146880
-30.0578180583
-31.2456277890
-32.7821548719
-29.3347115567
-28.5921008102
-31.9165727880
-34.2619841971
-31.5228038003
-33.4512615165
-30.4884827683
-27.7017130464
-29.7249398857
-28.7065292641
-28.4291965852
-31.0876688936
-29.6938296964
-30.0273046723
-33.9971339531
-29.0581711641
-26.4965699585
-28.8738311852
-32.6155274417
-33.2899354285
-33.3787880302
-28.5567780265
-28.5717059019
-31.8033314779
-31.4646872529
-29.9296035709
-32.8045939166
-31.5971557521
-32.0170689061
-35.3408711902
-32.1905938840
-28.3726891980
-30.4742850403
-33.2580031765
-28.3835287602
-27.2294338261
-27.2908308639
-28.1381089240
-31.3786930900
-31.0925093561
-29.6027918283
-32.0222355860
-31.5115486707
-31.2780597599
-34.1768198678
-29.5191279073
-28.3750854803
-31.3340065669
-30.8145022162
-28.9302660828
-28.8428918879
-28.4571479905
-29.0617947220
-32.1570006732
-32.8162801534
-29.3951272992
-32.1523142737
-32.8669541259
-32.9060920446
-34.6561557676
-29.5867260071
-28.1281652114
-31.2308941013
-29.4859632108
-28.6753258590
-31.7787123372
-30.8524284054
-30.8346343268
-34.3643354261
-32.0958858743
-30.3131298229
-33.1428096282
-33.3524548588
-31.7066686519
-33.9445194048
-29.8838088802
-26.1772577116
-27.2499051099
-27.0190778345
-28.4108859511
-33.0651111847
-31.7597958604
-31.0535759839
-32.4121285819
-32.4226872351
-30.2216129561
-32.9874204972
-35.5086028971
-32.5968556258
-34.4000841144
-31.2107645878
-24.4060334597
-25.5102908366
-28.6896802254
-29.3368566921
-31.9412126397
-29.6795892490
-27.5446331590
-30.9106342706
-30.2203481426
-28.4537432293
-30.0488336336
-28.4422239989
-28.2815982472
-31.9816852709
-28.0021463164
-23.9368081225
-26.1243518507
-29.0933450760
-30.0102795755
-33.0414655767
-29.0108178077
-28.4004231170
-31.3710356095
-30.3168983589
-27.6983484176
-27.6342767679
-29.5497254533
-31.3868192116
-32.0550598216
-25.6079958349
-24.7901527151
-28.7325219461
-31.7817675755
-32.0567673797
-34.4473364958
-30.9648968429
-29.6157584013
-32.4223208595
-32.4176512981
-28.6722771038
-29.8535324009
-32.0099888165
-32.4003336238
-34.6141063299
-26.5721595287
