-28.3672648855
-25.0777178325
-24.9639146513
-23.9830481508
-26.5160469960
-23.9693203537
-23.9669680975
-26.9883715387
-30.8759251307
-32.0755815686
-29.2479380169
-30.2344254323
-33.4782160610
-34.5586099926
-34.2855624560
-27.7497072243
-25.7720794573
-25.1858468512
-24.1143813322
-26.0720376372
-27.2516541017
-28.6378890201
-30.4331120434
-27.7591900733
-28.7402234505
-25.8715722785
-27.0240231519
-30.3393853151
-31.3940973726
-28.5684772043
-26.1159331710
-26.1111988703
-25.7542737197
-22.1361448503
-20.0447833992
-22.4682579990
-26.8925838274
-30.1179878253
-31.9745585917
-31.3903909751
-26.8631138714
-28.0096665722
-32.1493742743
-25.1818103067
-23.9109021617
-22.7233342183
-24.1293635756
-24.8190219878
-25.5007717531
-25.5557916632
-27.6398693760
-26.3719505130
-27.7654027912
-30.6593888232
-30.9607723009
-25.9640160800
-27.3449380814
-24.4629136946
-23.0543456772
-23.2522348311
-22.1238967719
-22.4485155695
-22.5002783063
-25.2639608725
-26.8249313566
-27.9658021184
-29.8996274334
-29.4361164777
-31.1412725247
-32.0480587015
-26.5790545032
-22.2610012175
-22.3414196265
-24.3793494597
-23.0749037045
-20.5533551686
-20.6932170986
-24.1625917085
-29.3183790563
-28.1994943079
-29.5720971926
-30.8068149723
-31.4689296142
-31.2615913343
-31.3394878595
-27.0720043958
-23.5906823802
-23.3496498528
-25.3428814388
-22.2853976974
-21.6945174601
-24.7306729431
-29.7373394261
-34.3962858002
-28.4583661872
-27.0321609235
-29.1228422148
-30.6291822548
-30.0175111328
-23.1455350184
-24.3261212474
-21.9993446238
-22.8102242558
-23.0043979518
-20.5623719614
-22.9147154765
-28.4170611215
-33.0092019086
-36.2643315087
-29.0429105890
-29.3783326352
-30.0127949568
-30.5639830262
-23.7593112795
-22.6826673816
-20.9214526645
-22.3771230183
-22.6588521745
-21.6360759525
-21.2213526465
-23.6370505734
-26.7250307366
-28.1461392431
-26.4558513419
-24.0011645915
-25.0456600018
-25.6114161420
-27.8321865940
-30.2699579714
-30.9861384171
-26.9399151891
-28.1254698773
-32.1175650085
-33.4152280304
-34.7992812802
-31.9256193599
-30.5191541054
-31.5653840197
-31.5849037913
-25.5095399778
-27.3479363382
-30.9498136266
-31.4517090312
-31.5125196114
-31.3487091938
-27.3755783466
-29.3249050678
-33.0342521484
-36.1579243367
-37.7053023781
-28.4288120802
-28.6555290429
-28.2507754476
-28.8940733411
-25.1172816805
-26.2169121745
-26.9291481214
-28.8980127633
-27.0625332015
-26.9720429336
-27.0942389127
-29.8803678674
-34.0636989660
-32.0662463347
-32.2968288993
-30.3918743034
-29.6531978270
-30.3062076722
-28.4779222102
-26.6964941718
-28.3673878605
-30.8780430835
-31.2412003127
-30.4537645730
-31.2101069493
-26.9271635167
-28.7914476222
-30.0435206586
-32.3131212574
-28.2922151407
-24.6108046321
-25.2464865584
-25.6327742234
-28.8296417832
-31.0899460791
-31.1857661460
-27.0064607955
-27.9016152451
-31.9486513345
-33.3748356601
-34.8243431645
-35.2092946946
-30.2455576126
-29.4208041170
-29.0308942495
-25.0609568289
-27.1557938795
-30.8283167429
-35.0522290667
-33.7594855580
-31.8509088148
-27.4799841200
-29.3967714169
-33.0361500114
-36.2042420211
-37.7824480267
-38.0083622702
-32.5349342913
-30.6621320538
-31.6031600345
-25.8617295327
-26.4872722347
-27.0429461180
-29.9649353950
-27.5054369713
-27.1040907099
-27.1716823440
-29.9359392625
-34.0963691317
-32.0948191384
-32.3308609709
-34.8210406735
-28.0991224591
-28.5139867802
-28.1842881005
-26.5085513478
-28.2728390684
-30.8059838449
-34.7968772235
-32.1036326773
-31.5445929788
-27.0064646793
-28.8761679166
-29.8081015051
-32.1996067956
-28.2787566252
-29.7564760004
-29.8734470237
-29.5325864347
-30.2526674833
