-30.4114756264
-33.0996597944
-34.6087027305
-27.7810724603
-31.1154985969
-30.8288332852
-26.8973621453
-30.1258407657
-32.2159846062
-32.5130933426
-36.1170516728
-34.0211990194
-31.8909128115
-32.3593690463
-34.9524398282
-28.2629833930
-31.1169731368
-34.1560935518
-29.8750328867
-32.9788412768
-31.4469255350
-31.1823756236
-35.2890644592
-33.5060030864
-33.2334940818
-36.7997656397
-35.7191361864
-34.7339603718
-35.5932196087
-30.8129189422
-30.9640553711
-31.4739383667
-35.5814673457
-31.3367821683
-34.3894154315
-35.4079877019
-33.6707857297
-35.7604852493
-34.0921138356
-33.9475785154
-38.4455230833
-36.2868430602
-37.9879078151
-38.1879924874
-31.4090951437
-29.8768284816
-33.1945244525
-37.8876110863
-32.3055013220
-35.0534964680
-36.0149088745
-33.1714070393
-35.6397495986
-33.8893182746
-34.8818227686
-39.2685027420
-35.8365227382
-34.9151156312
-38.3489974929
-31.7594670325
-27.6190589075
-29.3827199843
-30.9257421009
-32.1483166037
-36.1493502872
-33.1119648357
-30.3689238844
-31.7063993683
-30.7439511748
-29.8218564798
-33.6959951839
-27.7398644911
-30.1047377329
-32.7028045327
-28.5985012403
-28.5192544553
-30.3544322834
-31.5963220382
-32.9175517170
-37.0237587201
-33.1844059729
-30.0207864339
-33.1585038955
-31.1342856391
-30.7397683680
-34.4655707301
-29.6957172007
-31.5159606174
-34.5196908984
-28.3198131283
-30.4544183304
-31.6763365001
-30.4592199561
-31.3354215645
-35.5387952141
-32.5910442339
-31.4582919998
-34.3788205490
-30.6725741758
-28.1492242391
-31.9462666946
-29.4631862679
-32.2421611205
-30.0909283917
-29.2458654233
-31.0365508763
-32.6919429478
-32.7916713742
-32.1808469573
-35.6905633727
-32.9470773272
-30.5188291633
-33.6074778885
-27.8467183245
-27.4859715806
-30.8728504918
-28.9429763261
-29.7905378556
-30.7554872258
-31.5234213171
-33.2556366678
-37.5020006385
-36.3374005122
-35.6693619585
-37.7036258896
-34.8970004917
-34.7990262492
-37.2565860641
-36.3422474412
-30.0624695067
-31.9065035031
-33.9045633132
-31.6406253512
-32.5952697579
-31.8970853970
-32.4920213661
-36.2339967677
-36.7378339676
-36.3247485245
-37.1378194952
-36.1376511301
-34.1744456027
-38.0938217325
-35.2027660943
-30.8207006965
-32.7154241496
-35.3874788749
-29.8330261598
-31.2657896672
-33.5950162141
-36.6456361679
-37.5552366030
-37.2762093891
-36.2277270984
-38.8816469431
-32.5688110145
-32.8489218415
-36.5085602596
-34.1449860072
-30.4473770847
-33.8399440583
-34.7174414561
-31.8083078715
-34.7579580855
-36.1811453241
-34.3633127128
-37.7615780012
-36.9791952095
-35.4363494809
-35.7666487754
-32.9385473079
-32.6520528872
-35.7383051095
-32.6459489117
-30.3869950099
-33.7097320352
-34.8146493089
-34.4463306126
-37.6675690817
-38.0372858996
-33.4915283168
-35.3408453042
-32.5469286288
-32.4757717235
-35.8173525138
-30.2474295832
-30.8993027729
-32.7559291385
-32.0818124300
-29.2734983607
-32.7651440034
-36.0128608369
-34.6329930332
-37.7032504363
-33.5472809489
-33.8739178807
-36.7841387058
-29.3927944498
-31.6739609326
-35.2843405271
-30.5085061315
-29.5616913135
-33.9486970266
-34.2916457299
-29.9596742094
-32.6631189953
-34.3941536298
-34.3616323361
-37.6935022080
-34.8932669044
-32.0902324203
-32.3880415280
-35.7885609288
-30.2338312529
-30.8818258638
-34.7614172271
-32.5601346980
-29.3403533676
-32.8130061345
-36.0627761755
-34.6127858449
-37.6991025840
-33.5592739912
-35.0385776740
-33.1741800357
-28.6517061358
-31.4546775091
-35.1895483741
-30.5089165153
-29.5721036681
-33.7958310500
-34.2296130681
-29.9423435880
-32.6089457584
-34.3859718481
-34.3446305417
-37.6648141917
-34.8594419693
-37.3820741261
-36.9623552416
