-21.5973160371
-23.6922737367
-25.0537343358
-25.7567502614
-25.2668853528
-22.2068150209
-20.6266455852
-24.6298531592
-25.8698517759
-27.9355916574
-31.8447750608
-27.1018588410
-27.5762793135
-30.1335047316
-25.1663154240
-21.0808744939
-24.5551192942
-24.1969772237
-23.3590990370
-23.4775083650
-22.0025344879
-22.8625682621
-27.5187595469
-26.1644180082
-25.7311795982
-29.0484734223
-28.0589903001
-28.3709842301
-30.4706161935
-23.3610486760
-18.6751084159
-22.1556141195
-24.5822926702
-25.3721805139
-26.2266435860
-27.5549963191
-26.9134163122
-30.5533984793
-27.1363129543
-28.3617266444
-33.1371367551
-29.0139390544
-28.5742135167
-27.2010552051
-21.2064286505
-20.0529548286
-22.0730130573
-23.0479672505
-23.6413434260
-27.8410946338
-28.2345167438
-25.1361774624
-29.0156323597
-23.7868108929
-24.9448143316
-29.5040550411
-28.6391175811
-25.2867080524
-28.1363897068
-19.1710062051
-20.3415271832
-22.6717682596
-23.7361356143
-25.9312747056
-30.4731962940
-30.3763638684
-25.8016335592
-27.9316263353
-24.7947730903
-26.0650365196
-30.5783477371
-25.2072075152
-23.6941586581
-27.0846058879
-21.1641565229
-22.6739315054
-23.0782825760
-25.6822778979
-28.3232670852
-32.0694102967
-29.6801575760
-25.0778537680
-28.4231275540
-24.0196202100
-25.3977576503
-24.9903630502
-25.3691097538
-24.2929164158
-25.6191098678
-22.2062894180
-24.2197852391
-26.9107559347
-27.5535256697
-27.6049789910
-31.3867803637
-30.6157884687
-24.8718100264
-27.6209671198
-23.8626671717
-21.2810550804
-22.7228875856
-26.7987871801
-23.4988431420
-24.7137591861
-26.1192356608
-28.4297131202
-28.3972863342
-28.0219819734
-26.6595195055
-29.4302455259
-30.1523189508
-24.0949936050
-27.4728833045
-21.5937300280
-22.1211095266
-25.8019287199
-25.4893522070
-25.7299523303
-25.7263054823
-27.3105603531
-26.0871739406
-28.5631189088
-23.3296290728
-24.6813272122
-25.4695916460
-26.1783128041
-27.7031370883
-31.2469676794
-26.6968786664
-27.6845714324
-31.0452971022
-31.0669943657
-28.4773862526
-30.3905771263
-29.7623948539
-24.8228837337
-26.4310095297
-22.6539081450
-23.3405424389
-27.5684651808
-29.7280870329
-26.9430558588
-30.0628358716
-27.5341716074
-28.6096269149
-31.1121456349
-31.1517832664
-27.7560701235
-29.2399905912
-27.5058460642
-21.5037666408
-22.9732579712
-23.2273011005
-26.5047659758
-29.2548860981
-30.2414330660
-27.2949372879
-30.1285037416
-26.6011802764
-27.7448460620
-31.5513623604
-31.0872960604
-27.8651299321
-30.0402233392
-24.3147806768
-21.5880442113
-23.6463715959
-24.6339129989
-27.3363847526
-31.3989624177
-28.8448661289
-27.0011206322
-30.5308144297
-28.2632319549
-27.8552069326
-31.2921940409
-29.5730370639
-26.0132453072
-27.9487304105
-23.2244737203
-22.1765385334
-25.4475513099
-27.5346376589
-27.0173275554
-30.4984717925
-30.1631572246
-24.3583784556
-27.0035052478
-26.0334978141
-26.7994681423
-30.9009261755
-28.4769163163
-25.3110618071
-28.9859086678
-25.8510712125
-24.5218704511
-28.6752468750
-28.5807641208
-27.3813133628
-31.1113598090
-28.5150988342
-25.4948554934
-28.7134229252
-25.9705019592
-26.9196963480
-29.9054854307
-28.6647050746
-28.6975733181
-30.6691642414
-22.7151718456
-23.5449342971
-27.5446059596
-28.0500990861
-28.3768422333
-31.5777693232
-28.3576720024
-25.0496550945
-28.4155594045
-24.9537055460
-26.8027939303
-29.9426128614
-30.2728785539
-24.8657785504
-25.8155024593
-22.8994471378
-22.8943128106
-26.7264819612
-28.2687676059
-27.5334220420
-30.9879495293
-28.5727040254
-24.6394965466
-28.2991735337
-28.8820699399
-30.0486692260
-29.9426309892
-28.4055574405
-24.4980280527
-26.7279875682
-23.7499255464
