-31.5706995954
-33.5143285645
-37.1467715487
-36.5363291266
-28.6278935095
-29.6379786630
-31.2596572225
-32.9053295290
-34.5731288121
-34.5202928856
-31.4928509679
-32.7543264506
-37.4092034623
-40.0003254580
-34.9561164459
-32.5460573804
-34.6087143763
-35.4083644255
-34.0312087550
-28.0666283530
-28.2092943244
-31.3354772249
-33.4143114641
-35.3606783610
-35.7905908430
-31.4209457858
-31.9128146140
-35.4094337453
-37.9528543244
-33.9051937725
-33.6299803874
-35.6712080252
-36.1044281762
-35.3054500431
-29.7917664109
-30.9956354891
-34.6946878173
-36.3815963736
-37.2307448495
-35.3802188402
-32.0771156760
-32.7687144825
-36.5280269454
-37.9857393855
-35.5476527778
-33.0601775248
-35.1433782625
-38.5520687751
-36.2612050833
-31.2642659429
-32.1502817833
-35.0677925919
-36.3038862829
-37.2624867925
-35.0213053140
-30.9902344830
-31.9269191251
-33.6772003971
-36.7948591652
-35.9697174797
-33.3295303336
-35.2042496800
-37.7994446384
-36.2728214047
-31.6637440635
-32.4310101257
-35.2205394633
-33.3871018577
-36.0208393711
-35.5554707844
-31.8169259337
-31.3271711681
-34.3061295643
-36.7849051026
-35.9064860327
-30.3523790675
-32.1389347268
-37.2793655893
-37.2619935540
-32.9714142495
-33.5277016390
-35.8980582785
-36.1225368426
-37.2235184701
-36.7506218867
-30.3351973339
-30.1679886203
-32.7878782306
-34.4765889655
-31.5494295454
-30.6197265994
-33.2427283516
-37.5313968086
-38.1617991369
-32.9111033785
-33.1454661258
-36.4297653141
-36.1867625309
-36.6014273691
-35.8844936126
-29.6863922930
-30.9681682599
-35.8879035416
-37.5903587073
-32.3519212807
-33.0220687977
-36.6393185919
-39.4410127443
-38.0893787245
-33.1204767414
-34.0252937921
-36.0007228066
-36.3316085395
-34.2467689308
-35.0880101357
-29.9289070751
-30.6459225399
-32.0532953007
-32.8493801254
-32.9720007000
-35.0101809323
-35.5923703608
-36.0711042502
-34.2080167989
-30.8423215758
-32.1574965085
-33.5924296335
-33.2366205056
-33.9834061792
-34.5885939326
-30.4038220318
-30.7270788350
-34.8856340197
-37.7962004096
-36.7257231215
-36.2233539874
-32.3294382145
-32.7996706115
-32.1790189985
-30.6648312659
-32.1423071358
-32.8273423912
-32.5672989443
-33.4062500774
-33.7340353065
-28.7197754643
-29.8034021531
-33.8934143344
-36.8980700084
-37.2233307540
-38.3878441235
-37.6910360415
-38.8736114505
-33.1226438682
-32.3252994314
-32.0654838272
-33.7500299119
-34.6898253565
-34.9755624271
-33.7485023025
-30.3501368512
-31.4345544714
-35.5969518890
-37.3635033056
-39.0704169314
-35.4880578138
-35.2895149874
-38.2247612992
-32.8913958932
-29.4507219976
-30.8398191414
-33.2023735318
-34.1705644380
-34.2656595268
-34.3419416956
-30.3653676534
-31.1576956376
-34.8525987832
-34.6042480600
-35.6314500139
-35.5621780289
-35.1371577873
-36.9154368693
-37.0337620009
-30.9582918648
-30.9345569361
-33.8101064551
-32.0926338798
-34.2415737567
-35.5662391492
-31.4956822240
-32.1052522047
-35.1835350226
-34.4429206720
-36.1316170575
-31.8491740575
-33.1108126497
-36.0147638736
-34.4077610173
-30.2880679315
-30.4738202963
-32.5843499292
-33.3058148206
-34.3800685375
-35.0344000517
-30.4200147122
-29.6109516038
-32.5726585180
-35.0850507160
-34.0860228079
-33.3376318521
-34.1174980665
-37.2040996867
-35.4901162150
-29.9694599808
-29.6906967998
-32.9199855335
-33.7567319840
-34.6238571515
-35.3133444278
-33.1967563217
-31.4474265426
-34.2893763225
-33.2809561803
-30.3599459306
-30.1141985756
-32.8124611215
-36.7674204226
-34.9777865183
-29.4993984247
-30.4279311077
-32.9082319936
-34.0599498549
-34.0334134370
-33.5568272311
-32.4072467129
-32.0124045139
-33.0460264073
-36.6848854121
-33.4781772553
