-27.3050622448
-27.2409504400
-26.5066599105
-21.9176574733
-22.0022522419
-25.5964662307
-27.7363186129
-29.6236074600
-33.7302939232
-25.7534412062
-27.4456697283
-27.7695143183
-29.9745683381
-31.7530315788
-33.7723303646
-28.6624421374
-23.6149830552
-25.3157158325
-18.5893161653
-20.0955104602
-19.9933598386
-22.3991128503
-23.9756237025
-22.8843535592
-20.1991485787
-22.5924593054
-20.3978572221
-21.7944879960
-22.6741321755
-22.2833522533
-23.6896780911
-25.8616285620
-28.5815395764
-23.0110158686
-25.0126920615
-26.2302295887
-29.0784845136
-28.5643215831
-31.3118626776
-28.4871098831
-30.3613453703
-27.8060618530
-29.9345980721
-29.4650427047
-31.2888643657
-29.7224801756
-24.2944297794
-25.7445487786
-18.9285573559
-20.5389723031
-19.9787827950
-22.2620873703
-23.6300624018
-26.0734487337
-20.9647759875
-22.7295197395
-20.2172222955
-21.1254056719
-21.5588707092
-21.4969260506
-21.4697539784
-21.7174148059
-23.4337138024
-21.2891255298
-23.4834039005
-18.1348956174
-20.0497558919
-23.5377325131
-27.1727814355
-22.9738042816
-24.7693875439
-19.7159597199
-20.6600536597
-22.9279979449
-24.4023309523
-23.7229295414
-19.3963716872
-21.3907919683
-20.1872720417
-22.0925768367
-20.9073170748
-23.1373998432
-24.2065765804
-26.2872832853
-21.6684975637
-21.3053635287
-17.8251994769
-19.4346927386
-21.3766615740
-21.3222035070
-22.7235724198
-24.1923089464
-24.8937778639
-17.5163939954
-19.5180835125
-21.4991410883
-24.2416663296
-25.7175812660
-28.2244202619
-25.6140130752
-26.6537327008
-18.6349179718
-20.3268685736
-22.1161926876
-22.7404887815
-25.7222456488
-25.9230942179
-28.0604479981
-21.7729926806
-23.4631449171
-22.0123008427
-24.2742044544
-25.2526125389
-24.9036167174
-22.1443110982
-24.2263526680
-18.1735532621
-19.2942844882
-18.7334618964
-20.4474735357
-24.2434489802
-23.3257970965
-23.6222676946
-24.4858770667
-24.9509765633
-23.1239736982
-23.9467479550
-26.1140495441
-30.1613849231
-24.1414640640
-26.0253457934
-23.0612911225
-24.8212473703
-26.8180428613
-29.1988797139
-29.3006276984
-24.1279680062
-24.1118685404
-24.5246654616
-25.7504922327
-23.0458402377
-25.2860374414
-26.0359406940
-28.4850631328
-22.6362538639
-24.2833960147
-21.9759410894
-23.3904642612
-26.0745439513
-28.1779459188
-27.5319215746
-23.3371972156
-24.6956310868
-21.5259713819
-23.4042593727
-21.2823030374
-21.2730376953
-21.1559734433
-23.9579487031
-18.2894601664
-19.7299568120
-16.8016890498
-19.0270883220
-21.0057172843
-23.4649651072
-26.6426834046
-25.6938942161
-26.6152084111
-24.1068520159
-26.3686441288
-22.8756215651
-24.8877748499
-25.9628121140
-28.2536442380
-22.9317263413
-24.8147990309
-22.6578928782
-23.2290060654
-23.2322994958
-25.6350190237
-25.6150099129
-23.2911500869
-24.0061112037
-27.7314729741
-32.5796117385
-24.3647607557
-26.0993650474
-23.0869886585
-24.7930927109
-26.7500770936
-29.1288633275
-30.0444191011
-28.9219341280
-23.8622917341
-23.6379684356
-25.1538265534
-22.8622510812
-25.1617144523
-30.7687256456
-34.6971436366
-23.1471894976
-24.4771243601
-21.9002802895
-23.2997487223
-25.9386292422
-28.0671811409
-30.2769293174
-30.4177621313
-24.3105072432
-24.1673583874
-26.9491999613
-21.9724327294
-21.4548053780
-25.3921158210
-29.6943255137
-18.7991699001
-19.8757207631
-16.7746166568
-18.9751611671
-20.9399717184
-23.3772568923
-27.8113670532
-27.5107641451
-23.2374648828
-24.5888277296
-28.7147162028
-23.1467247436
-24.9643340840
-30.5573573146
-33.7718618003
-23.3617102008
-24.9661089639
-22.6158421282
-23.2632297469
-23.2195840701
-25.6086690181
-29.6030028347
-30.2564010669
-26.4601817234
-26.9011280981
