-19.6875008623
-20.3948757844
-18.3890604581
-20.1193088227
-22.6895830282
-19.0191706197
-19.7347804432
-19.9304442145
-22.3037290024
-20.8648973293
-20.0887500976
-23.0365631836
-22.5396608657
-21.8194255706
-23.5479920607
-22.1571611611
-19.7566887384
-17.0231785626
-18.9049337464
-18.4959790821
-18.4163374228
-20.4686180179
-16.8898452152
-17.9945987018
-18.5699012634
-18.2740481325
-21.0985753619
-18.5078892728
-17.1297476314
-18.6300904671
-20.1428120654
-20.5253921056
-16.9436547044
-18.6342616213
-18.9831798460
-19.1508300767
-21.4539949720
-16.4137118306
-17.8535302019
-20.0647057871
-18.6669991244
-21.2847718234
-18.8595144775
-18.9549617485
-20.5193062528
-21.3761269047
-20.6557957845
-15.9470833019
-18.2228666475
-18.5198227739
-17.9166400035
-19.3494623520
-16.4453101043
-18.1243486246
-19.1022597901
-17.2672987362
-19.6756786938
-19.4633949991
-18.6196664534
-19.0671389570
-20.6869720068
-20.2590866322
-19.9498280803
-22.3857695563
-19.0813794008
-16.2014747359
-18.1468045225
-18.7295146967
-19.7663567063
-19.6346027722
-17.2391479553
-18.6037883552
-15.8908930690
-16.8929043259
-19.8690497702
-20.5450814603
-18.8712356677
-17.4293460098
-20.2726150484
-16.3300168129
-16.2883207780
-19.3475127011
-17.2225228732
-18.6203564706
-18.5650931696
-18.7377443918
-20.6984161504
-16.3253925532
-16.6845134449
-18.7842977134
-21.4979837266
-19.9858331122
-17.0303169156
-19.4961467493
-17.4533230432
-17.4732674468
-19.9823830372
-16.8135371100
-18.4172772869
-18.0577732200
-16.7908637253
-18.6826442030
-15.3944955078
-16.3124376276
-19.7102791097
-22.3209962313
-21.8074377477
-17.9680583850
-20.3315523851
-20.6520557198
-19.7687115629
-21.7701316512
-18.8737536352
-19.0898214043
-19.0929944360
-17.8472203944
-20.5944064882
-21.1636063294
-18.3724431731
-19.5190195064
-21.5415543234
-17.7635888118
-16.8507279954
-19.8272773445
-17.9887005643
-18.6082197247
-21.6483460340
-20.1652718216
-20.7458161271
-19.8720816907
-17.3239032359
-19.5672544964
-18.3670667550
-17.8331081100
-20.2021662576
-19.7354950641
-17.7667346612
-18.3901880719
-22.0625812698
-18.1408312944
-18.1248237442
-20.9371702304
-16.9801969940
-18.4189265888
-18.4619003917
-17.7140553490
-20.4699669680
-17.9417899303
-18.2827995380
-19.9073721194
-20.3729234907
-18.2921645674
-16.9832936514
-19.9250121423
-15.7221229957
-16.1066333264
-18.3870020905
-15.7149924163
-17.0429663166
-17.0655931024
-15.0259202431
-17.7656316612
-17.6456092669
-16.7153233095
-18.0162571351
-19.8277369331
-18.7035543639
-17.8378307611
-21.0739070200
-21.4873292587
-18.7212759526
-20.1483736036
-16.5494699441
-18.0126452350
-18.6006256837
-16.5518597544
-19.2817554759
-19.0626778072
-17.7894740733
-17.9792229025
-17.4950954665
-18.4227805775
-21.5238715639
-26.0049275769
-25.1742266421
-20.7740083393
-17.4864113802
-19.6480366856
-18.4840960726
-17.8752805582
-20.2192716271
-24.5825632235
-23.8868888769
-17.9788863036
-16.9123904445
-16.7157336915
-17.7625803324
-20.7694371544
-25.6871390562
-25.8945356482
-20.0260908592
-18.0849323566
-20.6306989228
-18.0841206466
-18.3426068419
-19.9138929509
-23.7117870248
-20.8231819043
-17.9410351909
-18.4272624379
-15.2103599882
-15.9577183323
-18.3478408510
-22.4931399396
-22.4788412481
-18.3146683638
-15.2323653738
-17.8717230206
-17.7368038204
-16.7313438174
-18.0165289984
-21.8452021089
-21.7955676769
-18.5518793145
-17.0358033738
-18.1324061362
-18.0518504946
-19.9281942411
-24.3662339913
-24.9993798414
-20.2554449559
-16.8451431464
-19.4189596245
-19.3949372865
-17.8867117561
-17.9937287436
-21.5337867899
-22.6499104648
-19.2805411622
-17.9815078484
