-22.5607445403
-23.6653851855
-23.7585474885
-24.3846469045
-20.1063344979
-21.5754168074
-23.6850201749
-26.3518196927
-29.7375116075
-27.0091327877
-25.1058012492
-27.2633894712
-27.6729123488
-28.6472281141
-30.7983056082
-28.4513378844
-24.3007370041
-22.0077775629
-23.6202157766
-19.6124485089
-18.8377770842
-21.7479398471
-25.8640792104
-24.3887869888
-23.3658114651
-21.8811501940
-23.9647051554
-23.4141901500
-24.1187855106
-25.1814672644
-27.3827788328
-23.6879562897
-23.2890671026
-25.2737906706
-25.5427046868
-24.1503617607
-26.2616815491
-25.7567593180
-27.1430318518
-24.3636150528
-22.6940454978
-25.1287219332
-24.5147748172
-24.0494384159
-26.1608760206
-26.3894093019
-22.5902740504
-22.9805607334
-22.8583673309
-21.6852637580
-22.4954520857
-22.9419484047
-25.2289708020
-27.4371695704
-24.5508109187
-22.2058259554
-24.3794284232
-24.0062070028
-22.1871269507
-23.6630898792
-23.8699505177
-23.0971874185
-20.8374961511
-23.1810869476
-24.7799099486
-24.3008509319
-26.3886674990
-26.1664142535
-28.6194618837
-26.8183160173
-24.7017376590
-24.9144757022
-23.9485836799
-22.6605817412
-25.0565500549
-23.9134770941
-25.5468085286
-25.8019118982
-28.7736962582
-26.5734644791
-25.4466917095
-27.0254355397
-29.7363930920
-30.3578072754
-27.7639567371
-22.5019599614
-23.0413117787
-24.7486236861
-23.2241021764
-22.6770074506
-23.0931418352
-25.4048959913
-27.0700871139
-29.6791775633
-26.5523109432
-23.9174786584
-26.1937869847
-28.2395992888
-29.4671218108
-26.7533575691
-20.7224760316
-21.9064826522
-25.2714526502
-22.4454991819
-22.7608344990
-26.0571615430
-30.0741466722
-26.6237358421
-28.3759787303
-25.4726623983
-24.6055822741
-26.5853397215
-28.3362737909
-25.6968976627
-21.3732878776
-21.6723399001
-22.7356470289
-19.8996978051
-21.2097505570
-22.7484983866
-25.5865911518
-26.3518921984
-26.2574495477
-27.4037342872
-25.9955560790
-22.3073241045
-22.5170457843
-24.9276662330
-28.2841006780
-25.4611457591
-22.9593696499
-25.1173593503
-25.1549631986
-26.4641664610
-30.0019812708
-30.6988711067
-31.0538323097
-23.9783138347
-23.9171666615
-24.1179505038
-22.0374468882
-24.1253348157
-27.5382689688
-29.1211320641
-25.6060889125
-22.8265968871
-25.3527228733
-25.1875505194
-27.0902451008
-29.7426045135
-26.9416085083
-26.1476440580
-21.4587952967
-22.1874842546
-22.7197054913
-23.1017378821
-23.4052795145
-23.5469642056
-23.4400093789
-22.0588386329
-21.9310875646
-24.8817822145
-24.5688302620
-24.8874305030
-27.7641651648
-28.1932155683
-30.2949072272
-23.4198811433
-24.0738711377
-24.0742504478
-23.3396698845
-25.2614208980
-27.6915388906
-27.5640234658
-24.3754372160
-22.5807717915
-25.3457683561
-25.0957837819
-25.5924931729
-26.5713025279
-24.9419170488
-22.2394631890
-22.5278154474
-26.1580732284
-29.4345810977
-25.6908208680
-22.9996248082
-24.8889865898
-25.0586252782
-26.4176908215
-29.9763549426
-33.9692679986
-33.3764564794
-27.9949665463
-26.6576798890
-24.2011444911
-22.0099783566
-24.0942802823
-29.3299319356
-30.5576861564
-25.7576111526
-22.8058731508
-25.3120806371
-25.1981221100
-27.0757884590
-29.7245981178
-33.7135407084
-32.8064115233
-31.5816673252
-24.0386881552
-22.4031066582
-23.0210113687
-23.3993995038
-26.5790661455
-25.1184960014
-22.3638082004
-22.0240103775
-24.9359787684
-24.6117289633
-24.8892998855
-27.7662869912
-31.9913545344
-27.4905466408
-26.2247897370
-21.4573000493
-21.4222543095
-22.5555778485
-24.8811841224
-29.5200807168
-28.6679027008
-24.5080118998
-22.5949462162
-25.3450084342
-24.8371021722
-25.5191509869
-26.5230649569
-29.9185620371
-29.2740149015
-30.7255512223
-23.4882793097
