-29.2012759987
-30.6285569694
-30.3939728287
-29.8328759959
-29.3338597258
-28.3913260621
-28.0117184967
-29.2315887291
-30.6790199274
-31.0245643151
-30.4896362529
-29.8495036574
-29.3425606379
-28.3888987134
-28.0045490794
-28.9351298408
-29.9919508290
-29.7383090837
-29.3124343286
-28.3770856163
-27.9926764312
-29.1998040546
-30.9172535037
-31.2389671522
-30.5296816781
-29.8531013117
-29.3434564914
-28.3767516131
-27.9900173516
-29.2710308789
-30.3873290142
-29.6437344038
-29.4262892784
-29.3445918438
-28.6219500803
-29.1535938103
-30.3513188128
-30.6649167092
-30.5878137629
-29.6836490769
-29.4331842431
-29.3481946764
-28.6164675087
-29.0846467518
-30.3409776608
-29.6859184860
-29.4517071787
-29.3555958243
-28.6223552857
-29.1525413120
-30.3108966629
-30.7120940073
-31.1059523396
-29.9527844264
-29.4954305238
-29.3616868511
-28.6197712921
-29.0801247632
-30.3187224347
-30.7196388538
-28.1451449909
-26.9604758104
-27.2590254750
-28.3002609978
-30.1801344243
-30.0758464683
-28.1014203582
-28.8167800885
-27.2007496809
-26.7797891411
-27.2094104654
-28.2100451840
-30.1415492915
-30.0582012624
-28.0886143134
-27.4892624213
-27.3683325517
-28.3138981667
-30.2015533481
-30.0887353655
-28.0973514744
-28.5468835114
-30.1639197369
-28.7899394375
-27.5873674440
-28.2988304804
-30.1871653204
-30.0747628999
-28.0914481623
-28.5566265656
-27.5975157021
-27.4454122025
-28.4268676251
-29.2400294314
-29.6515808890
-28.6489098325
-26.2387000643
-27.0974714908
-27.2846453316
-27.6202965333
-28.4689636775
-29.2542621092
-29.6517453014
-28.6562035299
-26.2335747980
-26.4973091668
-28.1511492911
-29.1660438446
-29.6257370703
-28.6347600079
-26.2206703640
-26.9266663983
-29.0805442103
-29.1056345801
-28.7784344537
-29.3201384095
-29.6685878643
-28.6538849264
-26.2355749336
-26.9325451137
-29.4279683544
-30.6954236249
-30.4173401041
-29.8380621071
-29.3348164249
-28.3918024697
-28.0059394648
-29.2307355970
-30.6654617294
-31.0266628388
-30.4875467913
-29.8509639504
-29.3388464709
-28.3867717086
-28.0026809918
-29.0408107759
-30.0244242219
-29.7454681439
-29.3165161581
-28.3714114459
-27.9923747927
-29.2742660491
-30.6051858112
-30.9916171048
-30.4796070961
-29.8377203365
-29.3350300316
-28.3771917723
-27.9926207640
-29.1977340116
-30.3431176114
-29.6336741766
-29.4293419120
-29.3499488404
-28.6154240724
-29.0904969856
-30.3492837238
-30.7294077992
-30.6377627700
-29.6924936880
-29.4376259674
-29.3504990394
-28.6179990038
-29.1645123481
-30.3554174718
-29.6914282437
-29.4527985146
-29.3522506143
-28.6198191918
-29.0897771960
-30.3125848029
-30.7109910201
-30.5570492243
-29.6090472686
-29.4246606893
-29.3471240539
-28.6175122396
-29.1543278404
-30.3264951284
-30.7102375711
-28.1277224523
-26.9540235936
-27.2627396424
-28.2307015982
-30.1508560696
-30.0715445593
-28.1019148900
-28.6517876968
-27.0900030245
-26.7582575858
-27.2084628284
-28.3013846984
-30.1880741196
-30.0761752931
-28.1016080731
-27.5019597210
-27.3687921297
-28.2397598164
-30.1770287126
-30.0822469010
-28.0883346829
-28.5600999396
-27.0310009716
-26.7576206494
-27.2073300656
-28.2893683512
-30.1952720172
-30.0838806683
-28.0911698262
-28.5521783680
-27.5989824680
-27.6983976128
-28.4880588206
-29.2745793410
-29.6494538844
-28.6481628564
-26.2321701721
-26.9207462564
-27.1390290003
-27.3535302538
-28.4091965266
-29.2541365344
-29.6533441150
-28.6447529170
-26.2322310177
-26.7206809295
-28.2164883407
-29.1824255352
-29.6340742036
-28.6363329298
-26.2200321330
-26.9280943267
-27.1624118135
-27.4773535234
-28.4256092876
-29.2413978086
-29.6415038321
-28.6465342673
-26.2174610851
-26.9204925176
