-23.6198286972
-21.3105522274
-23.8345461613
-22.5432753978
-23.5114860699
-25.4149173831
-26.7415871932
-24.4540367230
-21.7676434601
-25.0219328182
-22.4034898569
-23.8895350135
-26.4056680084
-25.5065766738
-24.8150864448
-25.0508228084
-20.7849812560
-20.1326896964
-20.3201056670
-22.6690548034
-23.5011772846
-21.3728671407
-21.9743642911
-21.4165102347
-23.3927297955
-22.7060993933
-25.7243972563
-25.6523276515
-23.7087240467
-22.7079364105
-20.9201762027
-21.2153561215
-21.0077161306
-20.6482599996
-18.0124432852
-21.6707074142
-21.3749203544
-21.8424058188
-20.4860612775
-23.1186399995
-22.2367989339
-24.5668029434
-25.9270906057
-25.5537384411
-24.8128053835
-21.9128662639
-19.0368067966
-19.0409753663
-22.3973625755
-22.5580013157
-24.9667057785
-20.6707055336
-21.2619249800
-20.8976892401
-23.3171311396
-20.9479424890
-23.6963685107
-24.9396502202
-20.9930368107
-21.2912797235
-20.9514715330
-20.3260633508
-21.1829047266
-24.4333427589
-22.7086471370
-25.4700356827
-21.9673644605
-22.5620248888
-21.7072031118
-24.5242434206
-22.0178261397
-21.7834490649
-20.0355737106
-22.8555101707
-19.9020746689
-20.3876377617
-23.2533675905
-25.6928818552
-26.4405312117
-22.5551700536
-24.4846433280
-22.5340747728
-22.6331675833
-20.9984261782
-23.9345154063
-21.7742083059
-21.7547105432
-21.3285495694
-21.4627554459
-22.3096698991
-22.8370636186
-23.3195248304
-26.6137934257
-26.3906236240
-22.6777829063
-25.0819692530
-22.2042129015
-21.3012079063
-20.3234185130
-23.1934075250
-23.4540517526
-22.3096245880
-21.5429550663
-21.3221996211
-20.0875992528
-22.7237860229
-23.6542944659
-25.9402837304
-27.7593428375
-25.9414656894
-27.0844699653
-23.3988920262
-23.0412716502
-22.4821812838
-22.3347123755
-17.6420219678
-20.9639357978
-22.6309486621
-21.2445063214
-23.3106258405
-27.3604135516
-23.9582399946
-25.6788122917
-27.7346253029
-26.3670789798
-27.9353133131
-23.6832983715
-23.6456129712
-22.1489314798
-25.9005942988
-24.9139980004
-26.9845706363
-28.6427437195
-27.0878449480
-28.3107626757
-24.7717747639
-23.3067407934
-26.0290599659
-28.2134266428
-23.2262395324
-24.1469699479
-22.2985778827
-22.7190361925
-21.3316902344
-24.3415747226
-23.1231218629
-25.7003075981
-28.8033448728
-25.5878028900
-27.5162066313
-27.0157546275
-25.6585662606
-24.9740965763
-24.8669747523
-22.4324678748
-25.3278344527
-23.1076075403
-22.9441142489
-21.0009713342
-23.9188780975
-23.4177217823
-25.6991152840
-28.4359672670
-25.0195119479
-24.5265840364
-26.1689969594
-25.1142407023
-22.9219289244
-26.6211013587
-23.8250982823
-25.3343604724
-22.0082785647
-22.4449981777
-21.9711886714
-24.6499697447
-23.6596113297
-26.0085200664
-28.3660298474
-25.9274323755
-26.6788735659
-29.4300526292
-23.2639650712
-23.5672788545
-24.7122691168
-23.7935660469
-25.6296698042
-22.2904970747
-22.8944616865
-22.2845756394
-25.4695450322
-26.1647817891
-26.0991889959
-28.6125267817
-24.1501274400
-26.5845306030
-24.3490703847
-23.8181657743
-25.3164382206
-28.4481713282
-23.5128181976
-24.5435897207
-22.6028600237
-23.2046290109
-22.5998112736
-25.3778313770
-24.4204124344
-26.1093346656
-24.2716761366
-24.7711132375
-27.5828441494
-26.4211512578
-25.1971472917
-25.7129738319
-27.1447251769
-22.2260266771
-24.4714851502
-22.7129050311
-22.5052016154
-22.5606746376
-25.3722568881
-23.5594919123
-23.6030301469
-22.5721006546
-21.4845420392
-21.9742697869
-23.1068346733
-23.9730876069
-25.3014624499
-27.5027947246
-23.0813831067
-25.3368188898
-22.1875412189
-23.1376535922
-21.4574592927
-23.9814260335
-22.0098812607
-25.4852820166
-25.1832473215
-25.3873258754
-24.5815198026
