-30.1536562402
-23.1683767084
-25.1416613251
-20.8866412327
-23.8390616735
-21.6797035047
-24.9968968085
-24.9298372606
-28.3943061803
-24.2729396485
-27.0191567920
-22.6814789454
-25.3353093956
-25.7989718917
-28.6406438919
-29.4424172278
-22.1560516979
-24.4175513926
-20.1602190666
-23.2803066163
-20.6709696258
-23.9088774074
-24.1264041509
-27.5305053243
-23.3603690202
-26.3238734553
-21.9433395244
-24.7910524383
-25.0846878886
-26.2241579793
-30.3177126445
-31.4401626206
-34.2700701717
-28.4367776736
-31.4598662018
-29.8352321376
-33.1444019673
-33.8901235089
-37.4446997000
-31.6701885039
-34.1666987891
-29.8003767043
-32.7617016998
-32.2904323464
-34.1911936550
-37.2923036853
-31.9089709821
-34.7082447043
-29.4969412978
-32.4472222103
-30.4851828737
-33.6545995098
-34.3512614160
-37.7674152837
-31.4156198557
-33.9600531335
-29.8821945349
-32.4996529390
-31.2766072301
-33.6547600441
-32.4125001388
-23.5126732018
-25.4049063496
-23.3537394462
-26.7242306674
-23.9086055572
-27.1668599908
-27.5611818500
-30.8095348834
-24.5826875075
-27.2565191386
-22.2525695724
-24.7495829619
-22.9612416219
-25.9552905629
-30.5155667970
-22.3071804009
-24.4987077038
-22.3923615929
-25.7219168180
-22.8801060170
-26.0835426105
-25.3859238364
-28.6693733355
-23.0566772180
-25.7510087577
-20.0412931849
-22.6404457307
-21.5157532170
-24.1185952010
-27.4032617733
-24.9335721431
-26.9260385206
-22.8862514181
-26.0349723337
-24.2096563953
-27.3017959903
-26.2166144237
-29.4004182576
-22.7387151860
-25.5438076611
-20.5878248177
-23.4504579708
-22.8248038851
-26.0143871214
-30.1528846803
-26.2535114194
-28.2650223609
-22.4058861321
-25.5429687680
-23.6601796502
-27.0209355479
-25.5338380674
-28.3395633206
-20.8758935754
-23.7481894898
-20.2263361812
-22.7996151100
-21.5474977671
-24.0057396523
-28.9138779084
-28.2960289970
-29.6317905510
-24.9120755371
-27.8788201656
-25.4107306949
-28.5017555243
-25.8275084491
-28.9629996724
-22.5317859375
-25.6632668877
-22.7373740009
-25.3369069157
-25.3086681180
-28.2232072313
-32.9540629062
-28.7114072588
-30.0151264989
-25.1422995569
-28.0722287245
-25.4810034192
-28.2121514616
-25.4088639004
-28.4065866234
-22.6180675225
-25.4721497323
-22.4345638090
-24.9760242050
-25.7175178291
-28.9276548872
-33.0948607682
-29.7676508688
-30.9511988372
-25.6082094466
-28.5411588379
-24.6984455161
-27.2858208002
-25.4199442661
-28.6032510658
-24.1708667057
-26.9416809933
-22.5560037646
-25.2814105975
-26.7396543836
-30.5269073668
-34.2822328045
-28.8935542083
-30.6421993095
-24.8169480535
-27.2028041772
-23.0758189728
-26.0532143462
-25.2612370700
-28.6168934076
-23.5539847436
-26.4594942939
-22.0269607362
-24.5574793250
-26.6952228953
-29.9281523318
-32.8843313488
-29.6099159300
-30.2265608613
-22.5859799026
-25.3341093095
-22.7541117074
-26.0994737882
-26.2700652965
-29.9151909304
-24.5074125045
-27.5680172483
-24.5939555909
-27.1594976897
-28.3216397923
-31.7225907525
-34.0381386696
-28.5960946024
-28.5562265346
-21.7856977552
-24.9172952972
-22.3293307760
-25.3462421695
-25.1204184645
-28.4656093871
-24.2499775758
-27.1208180417
-24.8024849378
-27.3011745948
-27.2141706563
-29.8487618471
-31.4539758514
-22.6094882930
-25.3047209105
-22.6686780783
-26.0212613692
-32.1790358106
-37.1666473165
-25.0290258530
-27.8028409100
-24.5775014006
-27.1418822575
-28.2513321220
-31.6128111687
-36.1846536431
-36.1819259571
-31.2548581920
-21.9800591688
-25.0173046650
-22.3877334454
-25.3883110398
-31.6475643145
-36.1046702606
-24.8840037260
-27.3367355732
-24.8640696947
-27.3276760655
-27.2315776601
-29.8746470927
-35.1155718568
-36.8566044312
