-28.7247803375
-29.1568535781
-30.5341221075
-29.8501147011
-29.1389067344
-28.9055032441
-28.5178433603
-29.2815895226
-28.8466371242
-29.1818843974
-30.5400927376
-29.8414099054
-29.1270949323
-28.9046060960
-28.5110519622
-28.8476650252
-30.4470832145
-29.8100550345
-29.0984910558
-28.8891396776
-28.5050683859
-29.3984297865
-30.6314218886
-30.6652248202
-30.9906901813
-29.9383135445
-29.1315172379
-28.9035380626
-28.5101962409
-29.4159157587
-29.0669264596
-28.2428461119
-27.9690722446
-27.9192811725
-27.9113194687
-28.9548476798
-28.8393240085
-29.4050075785
-29.0031512720
-28.2184341040
-27.9545987732
-27.9142737139
-27.9087069941
-28.6743083124
-28.7772719144
-28.1390073698
-27.9041047408
-27.8790674476
-27.8954750306
-28.9423044365
-28.8187854023
-29.4139945936
-30.6629178685
-29.1857280222
-28.1232444907
-27.9343656886
-27.9089102441
-28.6690833635
-28.7638638877
-29.4095217992
-29.8866051953
-29.5247257087
-29.0079774901
-29.2171670436
-29.5568728663
-29.0231293235
-28.4026057894
-29.1177324852
-30.1321402426
-29.6006156303
-29.0223383320
-29.2426030682
-29.5587823805
-29.0269535304
-28.3995492719
-28.3989175140
-28.7746607359
-29.1346112978
-29.4934277990
-28.9790978661
-28.3807415268
-28.8775777297
-30.1183930345
-29.7351140455
-29.0500114013
-29.2426186032
-29.5376702732
-29.0075761678
-28.3908483595
-28.8777291962
-27.7673886890
-28.1176971872
-29.4702754242
-29.3719969331
-29.1081758531
-29.0591032783
-29.3424920255
-29.7798860053
-27.9899875728
-27.9872417562
-29.4265689085
-29.3728112277
-29.1104776270
-29.0585090634
-29.3507191191
-29.4882624011
-29.8591716250
-29.4558200778
-29.1030713008
-29.0410787581
-29.3360436929
-29.2660298962
-29.9184261170
-29.7987908431
-29.9409933384
-29.4829416531
-29.1201481840
-29.0570177003
-29.3447277754
-29.2765561745
-28.6619126537
-29.1529102692
-30.5387761437
-29.8597761958
-29.1488996433
-28.9143802200
-28.5187379192
-29.4095023804
-28.9488485691
-29.2172693150
-30.5556135278
-29.8622501495
-29.1411657869
-28.9072328109
-28.5193955689
-29.1263298304
-30.5473916127
-29.8315969441
-29.1057834584
-28.8958339816
-28.5053609623
-29.4219083972
-28.8963802953
-29.1983321117
-30.5536651760
-29.8456742714
-29.1245937923
-28.9030085769
-28.5097729113
-29.4049324917
-29.0517875714
-28.2335613413
-27.9586275248
-27.9136070021
-27.9119861805
-28.6688490434
-28.7795037807
-29.4030540482
-29.0029376652
-28.2253834416
-27.9637670312
-27.9166842330
-27.9113699574
-28.9605606876
-28.8413953461
-28.1471114780
-27.9049785863
-27.8754801498
-27.8953209749
-28.6552817826
-28.7552212318
-29.4076278199
-28.9613827511
-28.1139118204
-27.9197575801
-27.8925531500
-27.9009705482
-28.9440560112
-28.8303033336
-29.4193412336
-29.8777346927
-29.5282340365
-29.0131014613
-29.2440504153
-29.5802064830
-29.0289717899
-28.4045657925
-28.8387039025
-29.8677210706
-29.5417508082
-29.0188986171
-29.2174272553
-29.5500374525
-29.0107750898
-28.3995894041
-28.4060286748
-28.7723201245
-29.1750101469
-29.5045521759
-28.9939713640
-28.3872856589
-28.8726324113
-29.8688111121
-29.5390761937
-29.0134561778
-29.2035479994
-29.5181880495
-28.9868990410
-28.3945923022
-28.8792257376
-27.7643062797
-27.9199427029
-29.4121873533
-29.3547672889
-29.1243154562
-29.0568053883
-29.3551660218
-29.2663367132
-27.7106068523
-28.0992350964
-29.4680254339
-29.3708784110
-29.1170851936
-29.0582501462
-29.3490089711
-29.2151319544
-29.7900472100
-29.4352737045
-29.1061498262
-29.0462169698
-29.3374327836
-29.2736537128
-27.7087167570
-28.0878129641
-29.4625635758
-29.3674840065
-29.0929864762
-29.0476474872
-29.3364825575
-29.2753146665
