-20.4623172701
-20.7707498728
-21.3766848770
-21.8563808775
-21.4877383725
-20.4689455524
-19.4382062530
-20.9157422392
-21.1730593968
-20.9318792640
-21.4040912689
-21.8559381291
-21.4904401741
-20.4680742957
-19.4324984216
-20.0383518933
-21.1496286810
-21.7889316382
-21.4681124444
-20.4584995352
-19.4246208635
-20.8090773894
-23.4104410315
-22.5799121875
-21.7297794021
-21.9270303341
-21.4954618742
-20.4619936237
-19.4165038069
-20.8471472895
-20.6759007094
-20.4387674503
-20.4915179598
-19.9467249566
-19.2557860861
-19.9869671711
-20.3114707756
-21.6220995955
-20.8232078024
-20.4780749751
-20.4962367269
-19.9427337469
-19.2572282553
-20.0484367206
-20.3243337855
-20.5120462151
-20.4983456081
-19.9369184649
-19.2430266427
-19.9667431432
-20.2923342003
-21.4423203989
-23.3766691617
-22.2860398154
-20.8226200629
-20.0119734033
-19.2559608553
-20.0375363036
-20.3105334951
-21.4502575074
-22.0371659661
-20.4375725461
-18.8262643274
-19.8488115019
-21.5712094125
-21.4131080623
-20.4023520307
-21.3725383147
-22.1198304771
-20.4442202469
-18.8181097277
-19.8412550012
-21.5626509025
-21.4193842166
-20.4106127861
-19.5301892047
-18.6278857901
-19.7796715280
-21.5347499789
-21.4063296084
-20.3961897997
-21.1210040816
-22.7833693615
-20.8999728872
-18.8791391197
-19.8482794270
-21.5617343354
-21.4131067677
-20.3980747174
-21.1263533122
-19.1527849044
-18.9925772520
-20.3291651818
-20.4508705380
-19.9119860258
-19.6550145172
-19.6062345028
-20.5593711117
-18.9406682192
-18.9749307448
-20.3122384654
-20.4478386168
-19.9218481847
-19.6535270375
-19.6058810807
-19.9581056644
-20.6170488175
-20.5067914891
-19.9169818346
-19.6372087763
-19.5977795592
-20.0537846584
-21.2722156467
-21.2172151477
-20.9055201923
-20.5714651383
-19.9339939939
-19.6519411691
-19.6005914008
-20.0581512982
-20.4565032829
-20.8077284363
-21.4073018428
-21.8702316560
-21.4996200855
-20.4769862280
-19.4494911624
-20.8476185191
-21.1098059103
-20.9381929614
-21.4260500415
-21.8659608160
-21.4959136849
-20.4733808051
-19.4467155692
-19.9902049319
-21.1498384039
-21.7842154603
-21.4741491002
-20.4563738245
-19.4274961399
-20.8409565776
-21.0675402570
-20.9334275893
-21.4020833655
-21.8565025686
-21.4928623450
-20.4670735805
-19.4331353581
-20.8207882172
-20.6614647775
-20.4359128874
-20.4874710829
-19.9444037633
-19.2562974478
-20.0484496664
-20.3276505156
-21.4582438106
-20.6966555173
-20.4513560078
-20.4971571778
-19.9538387086
-19.2566806453
-19.9822885362
-20.3172394523
-20.5058995192
-20.4967908099
-19.9433913967
-19.2457789333
-20.0388800842
-20.3169067436
-21.4551808190
-20.6866600167
-20.4245956136
-20.4809152977
-19.9423842085
-19.2492264168
-19.9754984307
-20.2982180953
-21.4460177373
-22.0041501327
-20.4278463190
-18.8199635754
-19.8378813093
-21.5654316739
-21.4218555818
-20.4080753969
-21.1392797565
-21.9111845984
-20.4211196485
-18.8226045317
-19.8473395572
-21.5773703486
-21.4225468909
-20.4129288009
-19.5224320432
-18.6324259047
-19.7675024160
-21.5373249110
-21.4067581165
-20.3958570910
-21.1227763701
-21.8729256906
-20.3993939006
-18.8065749628
-19.8317307294
-21.5609329866
-21.4069574828
-20.3978727619
-21.1185599027
-19.1412242479
-19.0260164188
-20.3405083473
-20.4495617112
-19.9179126422
-19.6589176951
-19.6072857069
-20.0525755149
-18.6258623494
-18.8564579647
-20.2818635860
-20.4408232534
-19.9053991705
-19.6516304684
-19.6040246439
-19.9913389907
-20.6220601612
-20.5145939610
-19.9244787842
-19.6456999683
-19.6053736029
-20.0489247813
-18.6019034389
-18.8590782075
-20.2755356480
-20.4252144260
-19.9021834180
-19.6396438932
-19.6039430849
-20.0436040314
