-30.9679934990
-32.0831704524
-34.1975824414
-32.8328637996
-33.3574390162
-34.5251695893
-34.5084422456
-34.7410792975
-31.9066963964
-32.4175580836
-34.3038485102
-32.8234767579
-33.3475393189
-34.4928450788
-34.4770058207
-33.2058378415
-34.5263994446
-32.8721713073
-33.3408048837
-34.4536087750
-34.4165266598
-34.4071823415
-35.3001681359
-35.8292795361
-35.2684158307
-32.9964347122
-33.3775478168
-34.4672226384
-34.4197462946
-34.4602694180
-32.0502970363
-31.5889895034
-32.6780611157
-31.7285911685
-31.4996825017
-32.5613671485
-31.4567462628
-31.8964834127
-31.4936963340
-31.4291366326
-32.6126236878
-31.7050543034
-31.4946297332
-31.6742522186
-31.2408572440
-31.1589410298
-32.4803675081
-31.6645997908
-31.4656206536
-32.5286128331
-31.4334773769
-31.9055286832
-34.0079787111
-33.9294323111
-33.2902409533
-31.8373195483
-31.5099912888
-31.6721045005
-31.2217724593
-31.8477681473
-31.7455696611
-31.7086001743
-31.4767230207
-31.2554032129
-32.6711311971
-33.8249670088
-32.1106273251
-32.2129449180
-31.8214466312
-31.7087283382
-31.4605873026
-30.8620678959
-32.5189979474
-33.7760640324
-32.1092731884
-31.2599161393
-31.2755767445
-31.1609204533
-32.6287736444
-33.7894837082
-32.0673933371
-32.1484628930
-33.7135989768
-33.3343591422
-31.8037897746
-30.9319483466
-32.5411055890
-33.7642599997
-32.0769745668
-32.1570278728
-29.8636521808
-30.3768804040
-32.4548408649
-31.8442546447
-31.9853981593
-31.9814522623
-30.5422870590
-30.9569584503
-29.5309992681
-29.8498920263
-32.2146252906
-31.7893240736
-31.9728406768
-31.9765095336
-30.5439764935
-31.1816687758
-32.7161970227
-31.8821109233
-32.0057684672
-31.9651637834
-30.5183657010
-30.8591589610
-32.5824844363
-32.6113782946
-33.2118796766
-32.0044971831
-32.0296043813
-31.9735656454
-30.5261487513
-30.8677122899
-30.7196246118
-32.0019986268
-34.1596148312
-32.7915457999
-33.3602935778
-34.5124943007
-34.5042128341
-34.4770239466
-31.7644227095
-32.3617355436
-34.2865321316
-32.7966412895
-33.3509000635
-34.5037752658
-34.4926845483
-34.3838720280
-34.8825270243
-32.8716871322
-33.3446342684
-34.4534780218
-34.4124590716
-34.4464484208
-31.7594709193
-32.3657422866
-34.2643623511
-32.7799139465
-33.3201834272
-34.4616559198
-34.4276290270
-34.4171584191
-32.0536927348
-31.5681686788
-32.6777620665
-31.7220496263
-31.4964136725
-31.6650477123
-31.2512113416
-31.8566024014
-31.4936341941
-31.4256956229
-32.6208132375
-31.7078674386
-31.4929804308
-32.5746638391
-31.4544988618
-31.1913950023
-32.4987570993
-31.6587379061
-31.4585081990
-31.6349770727
-31.2212999355
-31.8487727460
-31.4486900575
-31.6679877200
-32.6860318803
-31.7090882329
-31.4770466683
-32.5471034021
-31.4373015834
-31.9073669951
-31.7410567352
-31.7077082047
-31.4859702474
-30.8595084994
-32.5427121701
-33.7782117502
-32.1244030128
-32.1861521696
-31.7994192533
-31.7112268889
-31.4666990425
-31.2406941283
-32.6755599751
-33.8240828067
-32.1131414107
-31.2272394975
-31.2752336792
-30.7949449127
-32.4997655807
-33.7526372088
-32.0761887532
-32.1416973873
-31.7294753703
-31.6657403211
-31.4356484010
-31.2172996673
-32.6561541340
-33.8016411630
-32.0780270648
-32.1371041967
-29.8632935806
-29.9240484955
-32.2721709245
-31.7978903480
-31.9774481077
-31.9551889996
-30.5569417712
-30.8754940457
-29.4629402970
-30.2627613625
-32.4061022987
-31.8140299494
-31.9855573934
-31.9590119115
-30.5489256953
-30.6630097774
-32.5204258758
-31.8387397091
-31.9819403206
-31.9501556499
-30.5325362380
-30.8663892232
-29.4262310186
-30.1350724715
-32.3101294746
-31.7860474768
-31.9702942265
-31.9449125773
-30.5245771240
-30.8689369681
