-27.2100862371
-27.6885794721
-28.9274891950
-30.2691967522
-29.5652734325
-27.9152588925
-27.1950535054
-28.7053900245
-29.7947517334
-29.8049660168
-31.0575400048
-30.8214696839
-32.2438997581
-30.1962701401
-30.7990849971
-29.7018988537
-28.8793797934
-29.6779800834
-30.5461358646
-28.3716146930
-26.3632470126
-27.2565579897
-28.8664455840
-29.7216296367
-29.8934315461
-29.8473235741
-29.2144989014
-30.0067168743
-29.1383785415
-28.8515164180
-30.5785432302
-30.4890614562
-33.0938458129
-33.6818168951
-31.8805121091
-30.6149625232
-30.7917744727
-31.6112447283
-31.8507728838
-30.6133908953
-30.4239360192
-30.9069317699
-32.1500772415
-30.6625812748
-30.0986803734
-29.9766229286
-30.6324938040
-31.8211139211
-30.4792251909
-30.4720894350
-29.2916096177
-29.8092989953
-30.9450301363
-29.9491401659
-28.4654838287
-28.5923791470
-29.9462208751
-29.9935625881
-29.4081896714
-29.7141443408
-28.1565632464
-27.4519679858
-30.2679578276
-30.3672240936
-29.2199801780
-27.5635910757
-28.3430768402
-28.0778420641
-27.7477381681
-26.7725161555
-26.4480061526
-27.6553979343
-29.7446538481
-30.0785741607
-29.4628703910
-27.6962188222
-26.4271943863
-28.3152238167
-29.8145925586
-29.0556920437
-28.0351414399
-27.4228449790
-27.7474054601
-28.1436549312
-27.0451986974
-27.4655753771
-28.7786907813
-30.3779367908
-28.2656761312
-26.9673371147
-26.9727640203
-27.1235794103
-28.9709704520
-30.1921417091
-29.3003351276
-27.5681376611
-25.8161290421
-26.2065477246
-26.8355249528
-26.8103103006
-27.0936977756
-28.8041280977
-30.7143698884
-28.4944204130
-26.3659863554
-27.2114727361
-27.8539188190
-29.6303186044
-31.4533013738
-30.1959568534
-28.0150378121
-26.9847013984
-27.6167480719
-27.5797384473
-27.4534930083
-29.1414376449
-28.9964103628
-30.0645253090
-29.0031888132
-27.5232543649
-21.6511138565
-21.0351160447
-23.5970646868
-25.3791039602
-27.1118116210
-25.4365900517
-23.0882120411
-23.2351708821
-23.6854020754
-23.8611395625
-25.3793589930
-25.6069226355
-27.0152924647
-24.6564698626
-23.8287101790
-21.2275252283
-20.7102642100
-22.7750607019
-22.0048271981
-23.5870937825
-23.6620878657
-22.7263790826
-22.8399699640
-23.4022838426
-22.7937506473
-23.4792806515
-24.7009492580
-25.7277372929
-23.6716250888
-21.6870036805
-22.0795481282
-24.1001098061
-25.4415832750
-21.9747332437
-24.0192240563
-24.7588314967
-24.0097489936
-24.7996510930
-24.8806067425
-23.3545330304
-23.9671842944
-25.2549376173
-26.2148162469
-24.3019008397
-20.3524638447
-21.4696439244
-22.1625220448
-22.6731728851
-20.6833575243
-22.1299813178
-23.7645504881
-24.5085957635
-25.1416729820
-24.8366037602
-23.8052755791
-24.1567893857
-26.2419701874
-26.5203618609
-22.7127095419
-21.3911466953
-20.5571366522
-20.3162814566
-21.8671583059
-24.1060247756
-25.9098506034
-25.7863315553
-25.1106521092
-23.9294768826
-24.2455021968
-23.5540313539
-24.6443279421
-27.8952148033
-23.7377253563
-22.9650748914
-23.8152024625
-23.6827287528
-26.2030860002
-27.1719127774
-26.0265834290
-25.7131227114
-24.8817809332
-23.8953813675
-24.3060797676
-23.0916944877
-23.0894729788
-25.0355246823
-21.9554853330
-22.6193452807
-23.6599958236
-21.4761828909
-23.0564118274
-24.6383689636
-25.7033058645
-26.9181324891
-26.3826476796
-24.2869729702
-24.7119273475
-24.5480003766
-23.6506074841
-24.4342295549
-28.0189396860
-24.7050932194
-25.4662037096
-24.6927687655
-24.4059739198
-25.1191911970
-24.7884619853
-25.9017633211
-27.4366413816
-24.8502719995
-23.3762717237
-23.3462774560
-24.0503265025
-24.2963703688
-26.5561584555
-29.4435253884
-25.5854881636
-25.0786059241
-25.1369736348
-25.6587086677
