-26.0272371713
-20.6604355678
-21.9954129552
-22.5244029112
-24.2893161584
-16.9331983084
-18.3797744005
-22.9209838579
-26.4551470720
-25.8123617709
-26.6967776506
-27.1240751711
-30.2261879411
-28.7750063329
-29.5624706151
-27.0091069295
-24.2877820833
-25.2561040358
-24.0648711772
-25.2274276600
-20.9815033367
-22.7954245313
-26.3490233919
-29.0895622892
-22.1252767898
-23.4869109342
-25.4586277965
-28.5189515130
-28.7146010057
-21.4888232210
-22.0009136601
-22.7738916944
-24.5806666650
-23.5779941442
-25.6859519313
-22.1218163645
-23.7457971036
-27.2015471452
-30.3243849475
-24.4803750632
-25.7770946730
-26.2940267886
-28.6852009503
-20.3875885375
-20.9625065732
-22.3706928110
-23.1445809237
-24.8400615988
-23.8761994839
-26.2836778589
-21.0550436055
-22.7160469807
-26.7950510112
-29.3974044717
-23.4367586658
-24.7295104101
-25.9243370214
-22.3998714868
-21.7720631778
-22.2954799385
-22.7183694803
-22.9369461211
-24.1836895895
-24.0607233240
-26.5151472624
-24.7181530089
-25.9851126555
-29.0426788618
-30.6649244746
-23.4290882415
-25.2638391794
-24.0558038863
-25.1960158148
-24.6489146588
-23.4520114877
-24.1011027606
-25.2156676402
-28.1881433660
-26.8368454264
-28.0344954361
-23.2831003468
-25.0361926819
-29.1746735495
-30.6353716687
-25.8722169785
-21.9967217919
-22.5303036413
-24.2947495478
-24.3954282198
-23.2074175493
-24.8718760515
-25.5258944909
-28.5965295768
-27.5383090983
-29.2173754591
-24.1029591885
-25.8504485098
-29.5176261946
-32.6059034857
-17.7775249956
-18.7165377488
-21.7235187793
-24.9006572863
-23.7722442070
-24.7979331747
-28.1706185623
-26.6424633309
-28.6215888786
-27.1314129460
-28.3818147332
-24.5146350017
-26.2786755790
-30.2620985372
-24.7509086171
-20.9628095146
-22.7902280693
-23.1362657965
-24.9980865463
-26.7965035392
-27.4541739557
-29.8202693086
-31.3782567837
-33.0024738577
-28.3722476726
-27.6924579603
-27.9782169258
-27.0929247389
-29.1688840104
-33.1635862561
-27.2475574592
-29.0898969873
-27.9350153107
-30.6699484452
-30.7103833390
-32.6405926261
-32.0480482900
-26.5135186688
-27.5966250200
-24.9179050609
-25.9056095365
-25.6910370721
-26.3685030298
-28.0986085105
-29.0619112303
-21.3483722624
-22.8273024272
-25.0801620178
-28.3030042140
-26.1724224300
-27.9349210517
-32.3497865153
-34.3797733680
-35.7181419428
-27.8005883000
-26.5475584954
-27.4226015274
-30.3391003768
-32.1783443522
-34.0060146263
-28.5225994522
-29.8227921591
-30.4557824741
-33.3353258095
-32.3436136827
-33.3634807937
-32.0073646871
-31.4175487920
-33.7527187522
-24.7762462580
-25.1817637215
-21.6073076502
-23.4244833981
-27.3171484986
-28.2174735190
-22.6897785368
-24.5667809268
-26.0417935226
-27.7228109114
-28.0164476133
-30.4221818426
-29.2136703587
-26.5503042928
-25.7019879417
-28.8121402524
-33.0515464954
-24.3252991169
-26.0458286580
-26.3955805298
-28.9000917825
-28.3504157108
-30.1194389027
-34.2900299859
-34.7871497115
-31.9363760436
-32.2301227324
-30.6100754572
-26.6855704581
-26.6656208875
-30.5275921941
-30.7466089565
-21.4490056321
-22.8807882572
-25.1099077232
-28.3470408507
-26.1736600541
-27.9401731871
-33.3489957141
-33.2953092493
-26.6237228964
-27.6460173603
-27.5942999504
-27.0921869844
-29.3790537041
-33.8998989065
-35.3596284493
-26.8363262761
-27.6009890659
-27.8857992859
-30.6960475940
-30.1176576993
-32.3535537516
-35.5324776458
-36.3555350643
-35.7494398453
-36.2709080047
-31.1379350479
-22.1439861513
-23.6494009201
-28.8684573562
-29.2047221876
-22.7646107986
-24.5973150360
-26.0685914547
-27.7754500731
-28.0296122582
-30.4265303567
-33.1069768022
-31.6884305263
-31.3534693829
-33.7451764967
