-29.4824561813
-29.2628361517
-30.4944145688
-30.6602199515
-30.4648824764
-30.0242468638
-30.2190483831
-30.8358227575
-29.5653148584
-29.2541624258
-30.4947744637
-30.6472935115
-30.4471880765
-30.0168703133
-30.2207209881
-30.0421937080
-30.7255913592
-30.7183455628
-30.4503857037
-30.0090510144
-30.2154934502
-31.0211841506
-31.7852021132
-30.8448499040
-30.9235141205
-30.7636625415
-30.4623282585
-30.0175693896
-30.2198523209
-30.9927679907
-29.9059437171
-29.3530869165
-29.8894183306
-29.8247705938
-29.7378922274
-29.7036866777
-29.2383425857
-29.9524517171
-29.5934009016
-29.2908380462
-29.8735661260
-29.8217231385
-29.7312212261
-29.7039585407
-29.2394352163
-29.2099186573
-29.8246683214
-29.7999430250
-29.7110308641
-29.6883963234
-29.2235765385
-30.0656839675
-31.4053745121
-30.6223779111
-30.1723423131
-29.8812909202
-29.7375284487
-29.6890475001
-29.2323473583
-30.0709827075
-31.1429308884
-30.8660228562
-30.0688298132
-30.4158383838
-31.4313892142
-31.1503165017
-30.1617370645
-30.3459035598
-31.7022567037
-30.9718371264
-30.0832631515
-29.9959989979
-31.3000728986
-31.1111863496
-30.1642032505
-29.6593289860
-29.7778094896
-30.3131414740
-31.3805391767
-31.1117663240
-30.1367230756
-30.2392063797
-31.2664550938
-30.7186290766
-30.0197727749
-29.9735107461
-31.2678571297
-31.0966364991
-30.1432568507
-30.2461725464
-30.5086058203
-30.2965306433
-30.5214727095
-30.6065503045
-30.9327354560
-30.4598206459
-31.1529962942
-31.3827580976
-30.7414124936
-30.3002098563
-30.5291690226
-30.6026277093
-30.9319457587
-30.4696025369
-31.1607508635
-30.9866264762
-30.6836700800
-30.6301752023
-30.9230946751
-30.4461316947
-31.1370612369
-31.0907422499
-31.1653246362
-30.7862828401
-30.6434589480
-30.6316251384
-30.9303249372
-30.4526007404
-31.1503436878
-31.1014445912
-29.6079442790
-29.3258695411
-30.5160367423
-30.6787286458
-30.4728260555
-30.0297838078
-30.2251057505
-31.0082266409
-29.6945171226
-29.2957315804
-30.5090666919
-30.6714595461
-30.4593054004
-30.0208019707
-30.2234978748
-30.0385015489
-30.7208104535
-30.7134326094
-30.4447827359
-30.0127483518
-30.2248584846
-30.9934437645
-29.5902654131
-29.2591957760
-30.4917062951
-30.6536253310
-30.4471065176
-30.0131820381
-30.2226848749
-31.0218495677
-29.9337578953
-29.3620648700
-29.8869689740
-29.8251175428
-29.7358726734
-29.6806417537
-29.2454835218
-30.0697204866
-29.6698695029
-29.3032168770
-29.8793037308
-29.8261985220
-29.7332964474
-29.6978170250
-29.2376422147
-29.1921362248
-29.8201269140
-29.7926389713
-29.7134672748
-29.6649720856
-29.2322217834
-30.0761196243
-29.6348807295
-29.3166792762
-29.8671333286
-29.8138999558
-29.7190598860
-29.6908301449
-29.2281787915
-30.0705567888
-31.1721950016
-30.8909125641
-30.0825627805
-29.9937244102
-31.3107001539
-31.1337509811
-30.1691628091
-30.1601020026
-31.5660831031
-30.9585430242
-30.0899794632
-30.4239153051
-31.4447156809
-31.1537639838
-30.1686281452
-29.6464232589
-29.7775622236
-29.8949604509
-31.2565644573
-31.0930142478
-30.1371243972
-30.2396154687
-31.5407351125
-30.9358618798
-30.0702875169
-30.4105008061
-31.4269940953
-31.1353938105
-30.1441009207
-30.2438811293
-30.5201082159
-30.2381254004
-30.5151512466
-30.6073671883
-30.9349776788
-30.4566359647
-31.1662256671
-31.0930621480
-30.5243803493
-30.3131324127
-30.5312817867
-30.6096624890
-30.9366632296
-30.4496452009
-31.1660029984
-30.8921424214
-30.6677596195
-30.6402367238
-30.9326914401
-30.4450209401
-31.1462735099
-31.1048661817
-30.4565233356
-30.2433658842
-30.5042275308
-30.6004683401
-30.9257395140
-30.4489888458
-31.1459602201
-31.1039353744
