-30.3322922835
-33.6886872551
-31.0265281990
-31.4235401300
-24.5192618544
-26.9768497262
-28.3328081864
-29.4040806552
-32.8305490728
-32.0088003847
-29.0276694348
-28.5973490627
-31.4958880659
-33.4561498855
-32.6533176976
-32.3687819752
-34.5283568583
-29.9738434521
-31.7556324742
-21.6784529338
-23.2052996047
-27.7977777885
-28.8602173323
-32.5442022283
-35.5368339289
-27.0537351932
-27.1095719887
-30.7251071764
-33.6527327294
-28.4499332614
-25.3849270080
-23.8087541337
-22.8184940753
-25.7155435823
-25.4180243960
-27.8418196110
-32.4414263576
-29.9113058920
-32.7153438846
-32.6154549465
-30.2461764275
-28.2511236923
-30.5905064975
-27.0787673143
-28.4717327955
-25.5417466953
-25.3812283776
-25.0034797983
-22.1912204344
-24.0418210686
-27.5352823591
-32.1957735204
-28.0707192493
-30.3999460422
-29.5427178633
-27.8394738284
-27.1898350292
-26.2376540398
-30.2509133079
-28.4676224843
-26.6951646397
-23.8647359229
-24.2485302353
-26.9905063174
-28.7964188400
-29.3261621168
-31.2328334020
-26.9897023810
-30.3861056172
-30.4229158846
-27.2752531079
-28.5778629394
-33.0718766923
-30.8127843049
-27.9283057271
-26.8945503102
-25.5779497983
-28.9635550555
-29.7571466025
-29.5172067520
-30.5139433968
-32.9600270725
-29.2233875270
-31.5888794601
-31.5877661207
-26.4367937411
-28.7382116630
-28.9532294495
-31.6544282255
-31.8587578893
-26.6735851804
-29.0527429685
-33.5871761966
-29.7340887292
-29.4646491535
-30.3365553526
-33.4361058120
-27.4436722750
-30.7193643890
-29.1944276410
-24.6723906850
-27.5685765180
-29.8481055028
-26.4032225345
-26.3194433993
-30.0192678748
-34.3989578328
-33.7673061590
-30.8455256767
-30.0882744930
-32.2030400403
-34.3358843257
-28.2234169597
-28.3292674905
-27.7692528896
-30.3522612649
-24.9915191105
-25.5437947311
-26.2852676221
-25.2358165806
-28.2271634898
-31.2535441860
-30.0953688224
-27.1390484156
-25.7077773653
-28.6699261346
-32.3167448033
-30.7192776628
-33.5488940037
-32.5582730912
-28.1810166819
-28.8090734182
-32.4242523847
-34.1543393938
-35.6199566854
-28.1899752141
-28.6764896916
-29.2854046683
-27.0617836381
-25.3702166273
-27.6166212004
-31.0727345497
-29.6051285553
-32.6081457068
-31.7257158916
-29.3802822829
-28.9764996321
-32.5966976834
-36.4706081920
-33.9100070482
-29.7418381221
-30.8222580849
-34.5530368333
-31.5342272265
-26.8693356550
-28.1375134104
-32.9587531935
-29.9453276090
-33.1819190682
-30.5592060024
-29.8475734287
-28.1964209630
-30.5376860994
-32.8865658052
-31.1647122940
-31.8221068672
-33.4248830509
-34.8048052744
-30.2838268665
-27.9196553066
-31.6660290038
-35.2528730333
-28.4670554524
-30.0536184253
-30.8252524640
-30.0854781878
-29.7365821052
-31.2538872515
-32.0074617845
-29.0578449386
-28.3611363170
-29.3907943180
-33.0090879840
-31.0391063963
-28.2446999566
-30.6972217987
-33.5805841717
-28.6548921131
-32.0336900830
-34.0475839705
-33.2789469867
-30.1700949082
-32.6793828804
-32.7152131387
-34.7293904818
-33.3730672560
-34.0735158160
-34.2112027732
-30.0522616986
-29.8343673568
-29.6151719542
-32.5072560483
-29.6131757008
-32.1119814603
-34.3398548222
-28.4688872912
-28.7030558882
-32.0099978720
-32.7980070778
-28.7013962296
-30.5623376031
-31.7210398439
-34.9803769868
-30.1664648872
-28.8621126049
-29.4208623728
-32.5973579278
-28.3809745490
-31.4338282047
-31.0993849032
-25.8187376309
-28.5716489330
-32.3471028400
-30.0744742024
-32.3924910179
-32.0392399829
-34.0368660942
-34.7696922309
-29.0090675268
-26.8436445969
-29.0971796371
-33.3213110025
-28.6429094232
-31.1574651905
-34.5389400950
-25.7981317006
-26.9750903879
-30.1710619620
-33.3548330114
-31.3743963656
