-27.9002002676
-28.4668418511
-28.0403029548
-27.9949717319
-27.8156236709
-27.1376269642
-26.9307896580
-27.8046300453
-28.8733923337
-28.6914667576
-28.0875320410
-28.0052740473
-27.8090963683
-27.1304381279
-26.9272683840
-27.5494153596
-27.8453072333
-27.9428050945
-27.7702057101
-27.1056726970
-26.9125476461
-27.9056297607
-29.0447269014
-28.7822055823
-28.0974226780
-28.0022835537
-27.7988315958
-27.1134440970
-26.9201805254
-28.0549291861
-28.9643072219
-28.6000236782
-28.4037204284
-28.0405670510
-27.2963043739
-27.6284045250
-28.6963939517
-29.0547120430
-29.1225910678
-28.6334330582
-28.4163983089
-28.0380076545
-27.3014749505
-27.6798371329
-28.7016150170
-28.5596183554
-28.3853657884
-28.0113184695
-27.2769295994
-27.6142818863
-28.6822997943
-28.9461467702
-29.1832087605
-28.7618676373
-28.4348875859
-28.0244649903
-27.2842194133
-27.6682402315
-28.6982840473
-28.9524863576
-27.4614339963
-26.6221499867
-26.6082784972
-27.4932419763
-28.9470232045
-29.0923780209
-27.9928770908
-28.2882200560
-27.0746142814
-26.5209806753
-26.5708416575
-27.4454639848
-28.9303450535
-29.0965414093
-28.0037075972
-27.1979223088
-26.7101313497
-27.5003052377
-28.9294970997
-29.0809028110
-27.9852144362
-27.8416202528
-28.6716414684
-27.8331886131
-26.8526303200
-27.5284081114
-28.9445880882
-29.0908763012
-27.9980722643
-27.8547162848
-27.7000184352
-27.5555206278
-27.8307910406
-28.2437160733
-28.5887724312
-27.9356421499
-26.3693225055
-26.8998115069
-27.5447328429
-27.7117447951
-27.8677890141
-28.2593119507
-28.5956570393
-27.9393304254
-26.3701691648
-26.5040060615
-27.5182546748
-28.1346329633
-28.5475398679
-27.9132445175
-26.3513018675
-26.4589920101
-27.8594350502
-28.2848256511
-27.9783816123
-28.2723471370
-28.5882533022
-27.9281180160
-26.3614928490
-26.4697047098
-28.1291555695
-28.5281495592
-28.0497599055
-28.0163052145
-27.8524067431
-27.1683138315
-26.9542656813
-27.9971569914
-29.0241520466
-28.7374983508
-28.0979301556
-28.0235471286
-27.8434158433
-27.1623276657
-26.9480115362
-27.4999699410
-27.8466303002
-27.9482397665
-27.7946915098
-27.1236182487
-26.9245122103
-28.0607612958
-29.0024172434
-28.7257409210
-28.0951364391
-28.0147763085
-27.8213146710
-27.1391960024
-26.9348494799
-27.9426743391
-28.9386524120
-28.5916282882
-28.4038356466
-28.0431070287
-27.3041896974
-27.6793490739
-28.6988238896
-28.9449725810
-29.0347521166
-28.6203706859
-28.4074164714
-28.0445543758
-27.3125837932
-27.6298453993
-28.6974982336
-28.5546083077
-28.3991686641
-28.0240274203
-27.2828730439
-27.6687580657
-28.7053680217
-28.9553784625
-29.0218735758
-28.6439917014
-28.4136563758
-28.0394938392
-27.3056033854
-27.6296175521
-28.6922007878
-28.9523853798
-27.4618896908
-26.6312340971
-26.6153572937
-27.4678616174
-28.9548153173
-29.1055776192
-28.0025994315
-27.9870527497
-26.8752959313
-26.4893422864
-26.5760044667
-27.4850058198
-28.9608623283
-29.1028473375
-28.0024518487
-27.1985566560
-26.7203132690
-27.4877102104
-28.9328461936
-29.0904490878
-27.9969291449
-27.8518397147
-26.8034153358
-26.4711896006
-26.5560173525
-27.4697102862
-28.9309599819
-29.0908685337
-27.9973615366
-27.8520779185
-27.6925667981
-27.7464901890
-27.8869087547
-28.2660619220
-28.6097667319
-27.9390922216
-26.3785723229
-26.4564714512
-27.1450540045
-27.4171669252
-27.7980729685
-28.2374308583
-28.5958822974
-27.9342763617
-26.3694506695
-26.6809449059
-27.5835406477
-28.1767018296
-28.5685561766
-27.9266693743
-26.3615990050
-26.4684088292
-27.1398135204
-27.4969380213
-27.8090251661
-28.2299869889
-28.5846427019
-27.9329662407
-26.3716178066
-26.4692658451
