-24.7637819924
-28.3218546854
-32.4070460450
-30.5507808387
-30.7724566622
-30.3057804590
-31.2447604222
-29.5467090695
-29.4781594505
-29.1226273149
-30.5814534582
-28.4246512929
-30.7171118136
-33.5420909603
-29.7536732218
-26.2201978408
-29.3092794121
-31.0478500280
-30.1795039603
-30.9299753957
-28.8797461575
-28.7903588816
-27.1314919158
-28.2990311350
-28.7260671552
-29.4483464236
-27.3725982059
-29.0578811765
-31.2443720462
-27.1411741294
-27.9431183835
-30.1689595537
-32.8597225698
-31.7050996123
-33.0119956302
-30.3480020787
-30.0814067140
-29.3070941602
-30.0521464813
-29.1433342171
-30.3113614157
-28.3333389628
-30.5745416545
-32.1935351912
-29.4250399971
-28.8724252715
-31.6520927936
-33.4627432103
-31.6476679001
-30.7928502732
-28.6649743468
-28.9920786777
-28.4162157700
-29.8526365463
-28.5587509781
-29.6269720998
-27.9628245683
-27.9271742500
-31.4534114122
-30.5978558642
-30.0823452861
-32.0915671411
-34.5102287715
-30.0036461101
-30.0932573524
-29.3636533251
-30.5700779327
-27.1311216647
-29.8703205922
-29.9254479480
-31.2233557366
-29.4996948863
-31.3809159002
-32.6904166418
-32.1611433589
-30.6109195298
-33.7873851750
-35.7640997350
-30.6780567456
-30.7700992189
-29.6536276266
-29.4914017671
-29.6488907379
-30.4733645992
-30.0945027447
-29.2034612555
-29.9573879737
-31.6829660753
-34.2530178943
-32.0472612362
-29.6041278375
-30.5655287561
-33.7090122559
-31.0125816221
-31.8405961407
-31.0744395286
-31.4128934654
-29.4619978392
-30.0962077125
-29.2227376466
-30.6287006646
-31.8160624493
-32.9628997630
-33.7427180912
-32.1129148589
-29.6900533925
-30.9336351908
-34.0582060408
-31.0527513255
-30.3419149356
-29.6210778530
-30.2925226029
-29.7362053796
-28.5449947092
-27.5962146426
-30.0174852260
-32.5470891653
-32.1700837695
-34.9638399456
-30.4306044197
-26.7532138759
-27.8877825956
-28.7218118516
-28.4977604374
-30.6790975897
-26.3920942654
-25.8121986794
-26.6608606927
-30.0227231305
-29.7594781510
-30.6822123730
-29.4035019752
-31.6207288591
-32.9000644537
-31.5764242540
-25.2584381677
-26.5859960699
-27.1009604021
-27.9876521352
-29.7438563678
-24.4266497445
-24.8198000200
-27.6176646395
-29.8664394241
-29.0215330966
-29.1552172180
-29.3678982724
-31.2371495456
-32.6167987261
-26.8414528535
-24.2157357772
-26.0243903918
-28.6584366901
-29.9862274626
-32.8179812291
-30.4706498517
-32.0180113575
-31.6882026775
-31.7272176127
-29.8661856892
-30.9811361341
-30.4744416967
-32.4109207397
-32.7854444094
-26.2722544306
-25.3196306723
-28.7717246040
-30.5314319554
-29.1014025774
-28.8427455915
-28.8878619190
-30.5051829285
-30.5951540628
-31.5908860684
-30.0132156934
-31.2769748922
-31.0544058116
-30.1299329715
-32.6128709442
-26.9758904322
-24.9238666346
-27.9533935013
-31.5498567603
-28.9946380746
-31.0585290649
-29.9140271109
-31.6149511223
-28.8600386753
-31.7481704809
-31.0993395923
-32.2174785545
-31.6455823246
-29.3088289033
-31.2302830552
-28.3729351634
-25.1470481047
-27.8328921432
-29.5971072922
-28.0812778917
-29.2900095041
-28.6500943764
-29.6058043197
-31.2770383325
-32.8110189550
-30.5580020335
-31.5255366612
-32.0824286550
-30.4386813498
-32.8381366342
-27.9552732451
-24.6738807541
-25.9802009913
-30.2725600841
-29.0451748246
-30.2207326341
-29.7153224149
-31.7480526706
-31.2694585297
-32.0419676723
-26.9805354075
-28.0323231150
-31.2131764097
-29.9851102334
-30.1998082402
-26.8679672726
-25.5266790039
-28.1624160717
-31.2165125507
-29.4813285938
-29.9203589239
-29.7912938938
-31.0119200904
-30.9068670398
-28.3969147881
-24.9431779706
-27.1679267320
-28.7485813000
-28.6733930379
-30.7943752915
-26.4848500632
