-30.9242882815
-26.2306671473
-26.8601440835
-26.7648677122
-26.6400605601
-25.3845295632
-26.0692232037
-29.7408425746
-31.2663113931
-26.1110227974
-26.6972515015
-26.7478840378
-26.7099086550
-25.3523008415
-26.0209610349
-27.3395124563
-26.8906380633
-26.8416379587
-26.8508113989
-25.3393899338
-25.9851230083
-29.6063635789
-33.2297488416
-26.7985619134
-26.7935233945
-26.8044716884
-26.8124178612
-25.3464777927
-25.9936905791
-29.5692439165
-30.6612944541
-28.3838951194
-27.4798184105
-26.0949854488
-27.0212915545
-26.0713061908
-26.2172850171
-29.4831345372
-30.5502966616
-28.3551928536
-27.4374129507
-26.1049848308
-27.0356925294
-27.9234730135
-26.6356110871
-27.1812350862
-27.1134583316
-26.1957702659
-27.1572489789
-26.1042974217
-26.1994262016
-29.4928361633
-32.5864290374
-28.3230405152
-27.3862962212
-26.1969612857
-27.1362973989
-27.9462124154
-26.6036891838
-29.6680493076
-30.7591845679
-27.1151322284
-26.7700434896
-25.5441442465
-26.6033253757
-27.0775219177
-27.9612620004
-30.5062690867
-31.0308249314
-27.0562932934
-26.6982832911
-27.0666227770
-26.9740495160
-27.1708279120
-27.9891150185
-27.5773512184
-26.6834991190
-25.7605873854
-26.8278739124
-27.0917830766
-27.8927007266
-30.4936934797
-32.9261762486
-27.7918705902
-26.7814371427
-27.1089337317
-27.0774040854
-27.1713535134
-27.9296443271
-30.5229485313
-29.2992386094
-26.0170021919
-26.2230252117
-25.9005955822
-27.2193127252
-27.6665624344
-26.7790499282
-29.1667558600
-28.8934312270
-27.6680499079
-26.6058809180
-25.9366290917
-27.2139427824
-27.6622980680
-26.7772854073
-25.7373288725
-26.1358063560
-26.0269018689
-27.3564857635
-27.6800882677
-26.7602473599
-29.0949827207
-31.7177321818
-30.0126667366
-27.0059675582
-26.1259415899
-27.3399241258
-27.6734120879
-26.7605360528
-29.1005196649
-30.6739762201
-26.1463481678
-26.7794072259
-26.7377901499
-26.6883071922
-25.3675769578
-26.0556145149
-29.6160923925
-31.1430318660
-26.1159435192
-26.7082101729
-26.7451835308
-26.7083512676
-25.3474616788
-26.0319520704
-25.6374321359
-26.4512930975
-26.7572464842
-26.8920594984
-25.3379192834
-25.9807537801
-29.5772690543
-31.0650563709
-26.1934024872
-26.6565652521
-26.7596479410
-26.8042852714
-25.3445281460
-25.9892643891
-29.6185715240
-30.6944034883
-28.3900923017
-27.4200473739
-26.1508688438
-27.0808515736
-27.9604528624
-26.6390197322
-29.6787309364
-30.5961327694
-28.3697271703
-27.4338191799
-26.1099094361
-27.0500378373
-26.0664592600
-26.2029500653
-27.0688714916
-27.0860674800
-26.2083678821
-27.1863810480
-27.9826679570
-26.6225059922
-29.6764822402
-30.6615145355
-27.5404788224
-27.2407252011
-26.1610986624
-27.1221203871
-26.0956133384
-26.2076817772
-29.4945825600
-30.6999624426
-27.0637552873
-26.7306880745
-27.0851936132
-26.9612072225
-27.1545873300
-27.9786845392
-30.4362060988
-30.9651039856
-27.0535254686
-26.6975194854
-25.5449637180
-26.6517467772
-27.0607350199
-27.9260130134
-27.5635858852
-26.6814264867
-27.1175750937
-27.1460909352
-27.1823561997
-27.9382390835
-30.5305192696
-31.0308158697
-27.1600634252
-26.6601758563
-25.6662534881
-26.7749823051
-27.0841916238
-27.8974466788
-30.5166464873
-29.2504974485
-27.7555289677
-26.6150893086
-25.9017749507
-27.1794433594
-27.6515219335
-26.7723064293
-29.0845561257
-28.7915822660
-25.9414255511
-26.1887070290
-25.8434784439
-27.1764671061
-27.6525679592
-26.7728346206
-27.2752246128
-26.5099702136
-26.0758527590
-27.3675790713
-27.6840497012
-26.7651680818
-29.1026622048
-28.6627567216
-26.5847545606
-26.3170264012
-26.0207797732
-27.3452047413
-27.6825583380
-26.7672523654
-29.1071803096
