-29.7991287207
-28.6371653488
-30.6081089810
-32.0817541788
-31.8266871142
-29.9464124738
-29.0636278551
-30.8339727868
-29.4988184481
-28.4813541595
-30.5009586964
-32.0521159310
-31.8145659071
-29.9548777712
-29.0734006846
-28.8774702792
-30.5999984007
-32.1468938532
-31.8373998119
-29.9524115851
-29.0790903899
-30.7642321519
-33.6558164349
-30.9700026923
-31.2262659667
-32.3368807941
-31.8895845663
-29.9570643268
-29.0810503930
-30.7899918216
-29.6175125603
-28.8439417979
-30.0125075581
-31.3662365917
-30.9425264081
-29.3557615301
-28.1969841077
-29.8311593678
-29.3370301629
-28.7763941862
-29.9809028323
-31.3488438308
-30.9414311885
-29.5511598575
-28.2429988719
-28.4657414526
-29.8593761688
-31.2752932302
-30.9103300577
-29.3295461647
-28.1581827764
-29.8616572220
-32.9184022602
-31.2308578625
-30.5997576124
-31.5355541799
-30.9760134606
-29.5459374978
-28.2191875518
-29.8905912172
-29.7239611807
-28.5474906739
-29.4226968021
-31.1806693570
-33.0027173388
-31.5916408153
-29.3985462996
-30.4593040994
-29.4098376745
-28.4855732159
-29.3985100530
-30.2076845010
-32.5984298491
-31.5005317480
-29.3897780691
-28.8334970786
-29.4904476624
-31.1875099486
-32.9959699578
-31.5589797092
-29.3662515588
-30.4522278939
-33.3511835773
-31.0138826807
-29.9864436608
-30.3702249390
-32.6585698322
-31.5017383018
-29.3649932214
-30.4570010321
-28.7857760443
-28.1357579577
-30.0092387270
-32.4294048404
-32.7582632940
-30.7213036887
-28.1520865698
-29.3297079829
-28.4598627339
-28.1763691204
-30.0105242509
-32.4316820170
-32.7615321231
-30.7190873577
-28.1505395396
-28.0606680864
-29.9699959444
-32.3970505522
-32.7245302722
-30.7076626374
-28.1395083724
-29.2010028387
-32.1068121830
-31.0925663157
-30.8330018543
-32.7674652078
-32.8387399246
-30.7332475382
-28.1401103548
-29.2072466267
-28.8430291117
-28.3137622369
-30.4204393378
-32.0152085839
-31.8061640451
-29.9483116315
-29.0831981110
-30.7756050891
-29.4161241829
-28.4405397475
-30.4693073660
-32.0265672799
-31.8104284108
-29.9474235456
-29.0758694601
-28.7216060128
-30.5059286118
-32.0550908891
-31.8124246621
-29.9438970937
-29.0871815521
-30.7995601061
-29.3267330245
-28.3674500122
-30.4310199884
-32.0192852345
-31.8035826410
-29.9464577846
-29.0776702292
-30.7722016224
-29.5980497554
-28.8295343508
-29.9879220772
-31.3398930643
-30.9337620618
-29.5534888174
-28.2264126363
-29.8890040551
-29.3544863595
-28.7715912723
-29.9731392006
-31.3339068993
-30.9313062325
-29.3387183061
-28.1769296761
-28.4205435725
-29.8187430007
-31.2403251718
-30.8907041360
-29.5330304759
-28.1850972190
-29.8729524839
-29.3104484302
-28.7305606647
-29.9387433475
-31.3034737751
-30.9085409400
-29.3263265296
-28.1506910073
-29.8563636602
-29.6860246346
-28.5374796405
-29.4104202436
-30.2244558619
-32.5944282844
-31.5033189912
-29.3794485680
-30.4277757562
-29.3267343200
-28.4614809708
-29.3877248576
-31.1742741027
-33.0011094632
-31.5755801834
-29.3789902844
-28.8309182634
-29.4854505607
-30.2403054769
-32.5914261400
-31.4783852679
-29.3501119560
-30.4480891031
-29.2654460328
-28.4305559010
-29.3724189681
-31.1645621196
-32.9826862131
-31.5509558662
-29.3595935033
-30.4419786577
-28.7818236733
-28.2644113245
-30.0317930029
-32.4202948402
-32.7673344566
-30.7171532464
-28.1479788485
-29.2016514264
-28.3517777511
-28.0430047550
-29.9648266628
-32.3925816418
-32.7453756925
-30.7126157229
-28.1390604456
-28.1635151763
-30.0007410652
-32.4090539517
-32.7252746591
-30.7053142586
-28.1369399137
-29.1965222767
-28.3296610443
-28.0624986310
-29.9630621422
-32.3831920110
-32.7222453283
-30.7010900250
-28.1411783882
-29.2008371316
