-28.3473852053
-20.5172620952
-23.1899975815
-21.3836290234
-24.0229369121
-21.4397428743
-24.3832655685
-24.2672395904
-26.9885838530
-23.8694533884
-25.7312520778
-22.9567429214
-25.9591018061
-24.4927603787
-26.7161757551
-26.5738412005
-20.6814052860
-23.3057154646
-20.8745899194
-23.3759376877
-21.2550041155
-24.3969842945
-25.0455577269
-27.8690680538
-24.0035388579
-26.5134578190
-23.2768060527
-26.0718550701
-25.1616277232
-25.3360201258
-29.2436425960
-29.2455689597
-30.7843111814
-28.0229710334
-30.9664671716
-30.4431204845
-33.6396289225
-33.2453304770
-34.9639577572
-32.4040011801
-34.4391094075
-30.3736827769
-32.9677609207
-29.4908528450
-30.8728025943
-35.4300823835
-29.0699324811
-31.5060790377
-27.2411847786
-30.2270372547
-30.9524532912
-34.2158865764
-34.1706654132
-37.0363964709
-32.5354663675
-35.1737919622
-31.4262354608
-32.6496540165
-28.7222947292
-30.9442443164
-29.3847369446
-22.1390680205
-24.8308169462
-22.7354114001
-25.7322579620
-25.0626229591
-28.4940863933
-26.4892879086
-28.5168193349
-24.8576873836
-27.8157259248
-22.2068318345
-24.1798498268
-21.5289916526
-24.5557614048
-27.9372370702
-21.5520948379
-24.2805621630
-22.5341860974
-25.8213384316
-23.4649858252
-26.3628793331
-25.0127127820
-28.0223146682
-24.9716562753
-26.3310868989
-20.8811133423
-23.2015841218
-20.0050382970
-22.5237310150
-25.3134541925
-22.8091018455
-25.4087214859
-22.9266386144
-26.3158625450
-24.8218791309
-27.8096206582
-25.7533584425
-28.5522197828
-22.6548959021
-23.9072229384
-20.0636286776
-23.1508259804
-21.5776111335
-24.2423861147
-27.8707769016
-24.1426499101
-26.8279360756
-22.9783404951
-25.9216079972
-24.3968043572
-27.3734124866
-25.9461326676
-27.5642642505
-21.9732483507
-24.3364533332
-20.0683073055
-22.8313622311
-21.1132080782
-23.3548463076
-28.2356533673
-24.6242230140
-27.0959956562
-27.0467664354
-31.2622114140
-27.6249052525
-30.5397690765
-22.8662837159
-25.6720765478
-22.6580430510
-25.9764376188
-24.8201417959
-27.7331429974
-23.0714924644
-25.7397859921
-30.2088962252
-26.3389605730
-27.9964216580
-28.5706572763
-31.9546167618
-29.6080685523
-29.0515299376
-23.2536109671
-26.0144764453
-23.7124045523
-26.4767821938
-26.3047330011
-28.0947713587
-23.7509379094
-26.3573216790
-31.6189811635
-27.6670181362
-29.7334466090
-29.6842717651
-33.0052236309
-25.6942476311
-28.1599097369
-22.2485498866
-25.2373325245
-24.8753973273
-28.3552174529
-27.6074581054
-28.4702919189
-25.0741085293
-28.0935440839
-31.7204844620
-27.4723460585
-29.6407866212
-29.5323767014
-29.0655244098
-24.7708646685
-27.6967910125
-22.2450570932
-25.1826660350
-23.9014659182
-27.2022656262
-26.0493267012
-27.8800901574
-25.6648074596
-28.8120781374
-31.7527623705
-27.7642247183
-29.7056777443
-24.0300442158
-28.8041319703
-25.3977628227
-28.2010594497
-23.3492420519
-26.2937419662
-26.0651038353
-29.0806762434
-29.8916696088
-31.3274016027
-27.2050412321
-29.8318442004
-31.5842241247
-28.4070513941
-25.9605660109
-26.7969216892
-30.0020783632
-24.9711954013
-26.8230917350
-22.4517416723
-25.3814303160
-25.2922216939
-28.2148247807
-30.2077000347
-30.4209079792
-27.6775211155
-29.3660936084
-32.3708041143
-24.2800728212
-28.9368296207
-25.3947011264
-28.1884450039
-33.9751687093
-36.2296223701
-27.4681062827
-29.6410856666
-30.0202155172
-31.3491610016
-27.2014125074
-29.8360270076
-34.7286396121
-36.5654106958
-27.9232633121
-27.4176912289
-30.3565359830
-25.0646101469
-26.9168391832
-32.9194456765
-35.2624257717
-26.8062867155
-28.5483230753
-30.4065898546
-30.4530357170
-27.6470970497
-29.3723658773
-34.7391011573
-36.0738112223
