-26.2934002083
-26.9114925581
-28.9785657899
-26.6951931170
-24.7295143005
-26.4374656321
-28.8302178887
-26.4528725009
-28.2306718233
-27.6509989350
-29.3537186732
-26.1082977038
-29.4982811944
-30.6505325638
-28.3712120755
-24.3657938480
-24.0542840538
-26.4552998438
-24.5445477113
-24.1640740213
-26.0908013724
-28.3547384698
-26.1478654310
-27.9742777719
-27.8785055952
-28.8301997664
-26.0987811979
-29.9102261942
-29.1413418487
-27.1652171757
-26.2499707318
-26.8953788443
-28.6497072975
-27.4149441147
-26.4205091413
-26.8903519634
-28.8946623785
-26.0440344497
-28.1618438632
-27.6493418656
-28.8624142445
-27.2366848021
-31.4195359725
-27.8934541789
-24.6573890220
-25.1004818408
-25.1904413364
-27.4091029468
-24.8297994148
-27.2915519424
-27.0139706887
-28.2118148821
-25.8450967011
-28.3508521204
-27.9038056905
-28.1633637105
-27.7984393359
-27.8232306549
-25.4331115035
-24.8723705879
-24.7017739097
-25.8124304117
-27.4170012180
-26.8934706256
-28.5933164269
-28.1298093340
-29.2780242335
-26.1269488072
-29.1488025448
-28.0959727388
-28.8425151622
-25.5812005031
-28.0065168448
-28.9535518006
-27.1426616078
-25.7507563283
-24.9249696226
-28.1465211385
-28.5386719514
-29.5645963648
-29.2300546435
-29.9153644189
-26.8259100619
-28.8172810920
-28.8133623813
-24.5516239228
-23.5028615379
-25.2326124779
-24.6546561523
-23.7529898341
-25.0644120819
-27.4915577186
-32.0422913119
-30.0383863286
-30.2165226459
-29.7617048391
-31.7856448599
-27.6164684409
-29.3779274299
-27.1968982909
-24.9027830038
-26.2008826113
-27.2170329860
-26.1842057595
-26.6232853374
-27.1470101232
-31.1366573184
-35.1236423086
-30.2277259878
-29.9157553853
-29.6275274821
-29.9021777686
-27.5760074509
-27.4106499740
-27.5904213709
-26.7917977207
-24.5753498021
-25.6715043565
-25.1209958538
-26.0372430529
-27.5094113569
-30.2346054189
-31.3242661173
-29.3846838752
-29.4598656574
-25.9776364236
-27.0967685326
-25.9458193830
-28.7355810639
-28.3141933340
-29.8603988906
-27.7757413598
-30.0948768797
-30.3297005234
-28.7247078408
-29.3724733382
-29.8472471933
-30.7394641368
-26.2798730760
-26.1266316310
-26.9803515889
-27.4894669623
-26.4734369946
-28.5325006556
-27.7040394139
-28.2062753498
-29.0114845209
-32.0246590590
-34.3149534664
-31.2982876634
-29.2549909583
-28.8892807871
-32.8656957807
-25.6153231992
-26.1958971665
-26.4617222917
-28.3383697267
-26.1484945987
-27.8434805678
-27.5857492097
-29.2379995193
-29.6949249194
-32.7977054360
-29.0892580664
-29.8564827675
-28.4212918405
-28.1587847595
-31.9081670408
-25.3643236672
-26.7291436346
-27.6936296518
-29.0994503424
-26.0274158477
-27.7451502885
-28.9329665888
-30.0095494281
-29.4483580830
-30.7500279576
-30.2797696384
-29.2086188891
-28.6557840809
-29.1629963867
-30.4752443415
-27.1429723100
-29.3188839540
-28.8048815500
-30.4651841137
-27.3815088470
-30.3414916052
-31.3740766046
-31.7106520930
-30.1162867395
-32.9828014271
-30.6797500718
-30.5297891288
-28.3544691966
-28.3995531533
-28.9904513768
-28.1384545776
-29.4044975086
-28.8209033451
-29.7485492543
-28.4663913315
-30.9606467198
-29.9999099427
-28.5681198951
-26.7608376907
-30.0667765913
-29.3761227763
-28.0589268665
-27.7451205164
-29.2433966472
-33.0449104694
-30.0173324779
-29.2057306718
-28.8404412354
-30.9417328267
-29.2678474907
-30.4669356869
-25.1877511836
-26.2902906146
-26.5904183861
-30.1227635492
-30.2088198572
-30.6708459113
-28.5801841465
-28.9591767738
-32.8907084682
-30.4814078631
-29.3447135337
-29.7506257738
-31.5615365173
-29.8425025318
-28.0849713504
-29.0626543260
-29.0023926458
-26.6381808446
-28.5988986753
-28.3850395516
-28.3995350314
