-22.5869560000
-23.1143329119
-21.1461553014
-18.4983054506
-18.4151787664
-22.6075088655
-20.9794928489
-19.8972109079
-20.7586221857
-24.9119680766
-23.7012685216
-20.0279563577
-19.9642445901
-23.9759719297
-21.7930121684
-19.9026106223
-21.7955974541
-21.1516935385
-18.5432470210
-18.4436169456
-22.6576352424
-23.2909662576
-20.4957447740
-21.3034371785
-25.5916814570
-24.3587707112
-19.4838676037
-20.0710855043
-24.2161810964
-21.9587670958
-23.5754269710
-28.7846510349
-29.6378621586
-27.3489927163
-28.1957024516
-32.2624576208
-32.2788678056
-29.6492428612
-30.6393408632
-34.6651466480
-32.4251974251
-28.8997953986
-29.4199108434
-32.0483603316
-29.5346629363
-29.9620717715
-33.8429384242
-31.2938316926
-27.3773182550
-29.4769062708
-34.3652636308
-34.0263242759
-30.5118565192
-31.3358668962
-35.6454897796
-33.6510950702
-29.7573679567
-29.6442392827
-31.8070857827
-29.9077483581
-21.3649235405
-22.6373348462
-22.0375879947
-19.8783332482
-21.0101188771
-25.4984414780
-24.9859562733
-22.8644182119
-21.8503480979
-25.3795635216
-23.8760428333
-19.1933766447
-18.6511961042
-22.8469930694
-20.5433337718
-20.2799734865
-23.1772226112
-23.7275628581
-20.9917163326
-22.8178131148
-27.2492099084
-25.4652560670
-22.0582560528
-22.8384526986
-27.1277013486
-22.9786835554
-18.5989232976
-19.5867781530
-23.6546672879
-20.7720845787
-18.3840879768
-21.7875036913
-22.4682126899
-20.4405164299
-21.6363465145
-25.7355125603
-22.4411623096
-20.7706682961
-21.4315442548
-24.9165405521
-20.3127019163
-17.0457522660
-18.0794174131
-21.8427514560
-20.6730539097
-20.8734351622
-24.7966631754
-23.5689281501
-20.4594057420
-21.4617391937
-25.5086182249
-23.0369995103
-20.0067769248
-20.3970455171
-24.0091521708
-20.4048052652
-16.9614358506
-18.9201270151
-22.9115269145
-20.0422162288
-22.5703011694
-26.6346388497
-29.7729508978
-25.5559651247
-25.8263497900
-28.6986012099
-27.9402948826
-28.1633934583
-26.6557328290
-28.5148334376
-26.7913938001
-23.2358725473
-25.7774688010
-27.0111277804
-25.8232155980
-27.3820564406
-29.1462496191
-29.4327699631
-25.2993600278
-25.9794112901
-29.4457106438
-26.0633341341
-27.8637990672
-26.2236530735
-28.9030965912
-27.3998738366
-24.6032662477
-26.6354401856
-27.7792458004
-28.3766545107
-28.8912381855
-30.1946920376
-31.1257853798
-26.3905899484
-26.3542276188
-28.3779115523
-27.0305064330
-29.1830067696
-27.0307316820
-29.3949214439
-29.7590069152
-25.1220043212
-26.3559727166
-28.2184470426
-28.9167803721
-29.0048756517
-30.2035262939
-30.7492511989
-25.3134011064
-24.7723210753
-27.8008110061
-26.8103853760
-28.7697089030
-27.0344057157
-29.0495026148
-28.6489305352
-24.3625055844
-26.5047931475
-29.1933427709
-29.2794327327
-28.2620732926
-29.9552739095
-28.6547729989
-22.0062590054
-23.5131742029
-26.4860320204
-25.8060649215
-25.3756085579
-26.6295407648
-29.2150050726
-26.7316771308
-24.8032487382
-27.3887572112
-30.4135301272
-30.0448139388
-27.7161955733
-29.2938065264
-26.3933241254
-23.0911455732
-23.6320405199
-26.4703947155
-25.6981042122
-28.7399127246
-26.8202954287
-28.8026729753
-27.5968930002
-24.9315253936
-27.4191761009
-29.7309571255
-28.7236372130
-28.0378678230
-21.9217419409
-23.4778216425
-26.4222633004
-25.7421084846
-29.4832989295
-28.0383636517
-29.7402535413
-26.7045270726
-24.7563756576
-27.3459685541
-30.3736542931
-29.9676902779
-33.3678319287
-30.0936690155
-26.3021451308
-23.0956041277
-23.6115640500
-26.4687169319
-25.7431040251
-29.6861890286
-27.1610913230
-28.8856067426
-27.5588567701
-24.9510852958
-27.4136987076
-29.7434861279
-28.7897504236
-32.6447319834
-28.9750509763
