-22.8684702797
-23.5254002843
-24.0619259924
-24.8661578654
-26.6935904171
-24.1484781384
-23.6549236350
-26.3901976953
-31.3705721418
-34.0770772116
-37.4011692441
-37.4533734074
-38.2842125310
-40.5621327983
-42.6276321435
-27.9249177806
-27.1271343425
-28.1344905570
-28.1776934818
-27.5111163269
-24.6347920196
-26.7148436297
-27.3194010811
-28.2734086932
-31.0727539744
-32.8337376407
-33.3664713388
-33.9841725698
-33.5412753673
-24.2983420144
-23.8647087343
-25.6792304442
-27.8139523595
-25.4705004439
-25.3307835352
-28.4621463750
-33.4937821899
-34.2150269834
-36.6263843802
-37.3668226200
-37.8471125758
-38.5516804019
-38.5355887033
-24.1707631311
-23.4336180056
-23.8139855555
-25.8848922762
-27.2080045426
-23.0400702700
-25.0454593305
-30.2878115939
-32.3242275129
-29.3887333364
-30.9065045478
-34.7745093779
-32.5621128275
-30.6250538157
-22.9193203255
-23.5604162493
-23.1753972545
-25.0800869201
-28.5729720055
-27.1547866972
-27.7138963940
-30.3369903308
-32.7177000312
-32.4428063882
-26.3978331686
-28.0827006371
-32.0665997523
-32.5571778672
-22.4071845968
-22.8787907191
-24.0893181446
-23.6731760055
-24.6726741934
-26.5099210261
-29.3345419617
-31.5595803974
-33.1529384741
-35.6194737951
-33.3767917780
-27.6201644746
-28.9144837761
-31.2766849076
-24.8212421941
-24.3349982299
-25.2905374403
-26.4580288378
-27.3786646328
-27.0295303209
-28.8914414396
-31.2507297578
-34.2497425827
-32.5869339191
-30.8037908158
-32.8062522886
-25.0443162109
-26.3203858490
-21.8269419784
-23.4042943289
-23.6252711376
-26.0379951988
-28.1018022558
-31.1812324997
-34.0763457664
-36.9174538363
-36.4189348076
-34.5258116961
-31.7058996631
-33.6761220039
-34.4813828081
-26.9225470136
-23.4685071058
-23.8941955267
-26.4636538096
-24.7939717427
-25.9978772750
-28.6733839788
-27.9377730372
-22.7741285985
-21.9190543871
-22.0778768190
-23.4185567890
-22.4514102625
-19.8365621289
-18.6032472213
-19.4272411023
-22.7314525611
-26.5620695332
-29.7031804904
-28.3915642641
-28.8473025418
-29.7186236085
-31.6165680623
-30.7991328941
-32.7300659174
-29.5839594848
-23.1362101237
-23.4190176644
-21.5013172847
-23.2627675713
-22.3034157500
-24.0249461349
-28.5201800756
-29.0369063051
-29.6032876519
-26.4566643387
-27.4903019686
-28.0309586306
-25.9785555785
-23.8269702558
-23.2819883053
-21.0198023863
-20.9285042774
-23.1263427849
-24.3734862793
-23.9296956686
-24.7787538843
-26.7830993912
-28.7927137338
-31.3475336998
-30.6923528604
-30.4390917303
-31.8174903718
-24.1306646277
-23.3042979095
-23.4171120349
-19.8334887778
-21.9082756494
-26.2203260010
-27.9848791374
-23.5788809308
-24.3311675490
-28.3195386687
-26.1120843617
-27.0446290753
-26.4069574157
-25.6478936941
-23.7622202302
-21.8816654409
-19.6949563890
-18.5459837803
-21.5532716092
-25.5131505806
-28.2606570171
-30.5662640837
-28.1429157238
-28.7738386724
-29.6410546093
-31.5712303715
-32.1913874745
-23.3282930527
-21.9782351038
-22.0371685541
-23.0659412827
-21.3797776401
-23.1661849671
-28.4674075673
-29.8259758489
-32.1108150329
-29.9051760242
-29.7993319767
-26.4993429571
-27.4938258318
-28.0397980640
-30.5775088526
-31.3868114384
-32.9349315273
-29.6412021904
-23.9643297255
-24.3155289443
-24.7401441464
-27.7635735299
-27.5573459891
-27.9080428654
-29.2174246638
-31.5792697439
-30.7014317910
-30.4377829038
-31.8362515096
-32.0999172181
-26.8090027612
-23.9672101874
-23.2586469160
-25.8239366806
-28.7523796146
-29.0069547652
-32.3044643511
-28.8882334646
-30.9432086462
-26.5790855699
-27.2249869178
-26.1184420805
-25.5595084175
-23.7484173524
-26.6003828012
-23.5391358416
-23.2140950260
-23.3929757697
