-21.7397736081
-22.5422656208
-22.5809944631
-22.0447211716
-21.9929118295
-22.0959207637
-19.6838099973
-20.4096340733
-22.1761618087
-22.6659413279
-22.6054258945
-22.0387647802
-21.9861825701
-22.0915360001
-19.6776387041
-20.0933692203
-21.8908194614
-21.8756792754
-21.9363643014
-22.0633269654
-19.6740708241
-20.4028879836
-22.9155712119
-23.3200815047
-22.7484543707
-22.0705688809
-21.9839765951
-22.0760864076
-19.6741213130
-20.4250888449
-22.1672045664
-20.3711887462
-19.2060131237
-19.4061626515
-18.7899162250
-19.8689099541
-22.0032283864
-22.7986869059
-22.6532220182
-20.4334868295
-19.2135372597
-19.4110432421
-18.7879368024
-19.8470197933
-21.9906359458
-20.3997304910
-19.1959205281
-19.3919001933
-18.7727901414
-19.8537969530
-22.0016528748
-22.7503224587
-23.3494957982
-20.6414996651
-19.2485843023
-19.4097020506
-18.7819959454
-19.8423683446
-21.9886953609
-22.7512739796
-23.7048428770
-22.9083927301
-20.2447322584
-20.4768541780
-21.0107700594
-20.0149056408
-18.5230747784
-19.6989566570
-22.9515891867
-22.7156430818
-20.2085149110
-20.4612155752
-21.0162565161
-20.0112833882
-18.5201645481
-19.1890592172
-19.5081398089
-20.2326304651
-20.9392299253
-19.9852363108
-18.4994641113
-19.5324120050
-21.9866563875
-22.0844520238
-20.1148800702
-20.4197823396
-20.9969166913
-20.0058875523
-18.5086867449
-19.5342101856
-18.5002279143
-19.2372644318
-21.8066402832
-21.6710750926
-20.6161270715
-20.9466051828
-22.1632353652
-22.3511536223
-18.9029504415
-19.3342833248
-21.8537735802
-21.6747271205
-20.6191628764
-20.9582952972
-22.1658297160
-22.6655503629
-22.9015624950
-21.8775318275
-20.6479259953
-20.9493885434
-22.1514559249
-21.8076798368
-22.0016955973
-22.5017619011
-22.8752603866
-21.8864295189
-20.6445613655
-20.9610424094
-22.1649079707
-21.8095375681
-21.9260658672
-22.5900280855
-22.5972881255
-22.0422394497
-21.9984552479
-22.0976412689
-19.6896110389
-20.4231909815
-22.1862712327
-22.6728104025
-22.6140232418
-22.0440868244
-21.9908637940
-22.0925004668
-19.6835044750
-20.1267242374
-21.9027231822
-21.8756922213
-21.9390971730
-22.0619042151
-19.6657039124
-20.4188088064
-22.1854336358
-22.6723327001
-22.6129435569
-22.0386262595
-21.9784202308
-22.0840183377
-19.6724707155
-20.4053593490
-22.1594046842
-20.3638782172
-19.1987025943
-19.4066791914
-18.7810780837
-19.8400510350
-21.9894734072
-22.7388239441
-22.6160311449
-20.4410031977
-19.2147062713
-19.4105577722
-18.7887316784
-19.8672528837
-22.0043365522
-20.3959127558
-19.1908107957
-19.3953321418
-18.7677645570
-19.8387370298
-21.9926775083
-22.7468607351
-22.6196119708
-20.3066911606
-19.1882669334
-19.3967833731
-18.7745714924
-19.8629690973
-21.9988332660
-22.7540405104
-23.7298685226
-22.9243912266
-20.2478366764
-20.4819419022
-21.0178876948
-20.0173511144
-18.5118416520
-19.5323498652
-22.7114201384
-22.6617352166
-20.2077187403
-20.4541005286
-21.0139948738
-20.0137185052
-18.5139168740
-19.1782610722
-19.5013872464
-20.2374165509
-20.9385179028
-19.9907952647
-18.5087191096
-19.5311679076
-22.6624601819
-22.6483983892
-20.1944673546
-20.4419119983
-20.9967781705
-19.9996256381
-18.5102117677
-19.5371942070
-18.4951220654
-19.2074656425
-21.7946058092
-21.6719126899
-20.6144402256
-20.9511116377
-22.1677081607
-21.8068992015
-18.6609650574
-19.2939375400
-21.8380741324
-21.6790122011
-20.6189971693
-20.9486337996
-22.1608623886
-22.5860006278
-22.8843975762
-21.8730913966
-20.6437923812
-20.9526521955
-22.1530508551
-21.8081484771
-18.6586723451
-19.2852482762
-21.8214581177
-21.6686399758
-20.6115312900
-20.9416857548
-22.1566899371
-21.8092695888
