-30.0088930701
-31.6874802915
-33.4383855602
-32.4230043804
-31.2194124177
-32.5123075205
-32.7477823230
-33.6498781615
-33.4492147712
-35.5116438524
-38.2481816053
-34.1365064378
-35.7749923517
-33.3530309214
-34.3613513818
-30.3487141024
-26.6956604634
-28.4375259442
-31.3301525986
-32.0604763694
-32.7334577367
-31.7024107592
-32.3409962841
-31.6761979851
-33.7267739702
-35.2580164248
-35.1433666231
-37.0821523110
-31.3208950079
-30.5781199023
-30.3830814776
-28.8516549409
-31.5053178247
-32.2704905503
-33.2100905581
-36.1395671110
-33.4456080704
-29.2104843876
-30.1368758350
-33.1894988731
-34.1757764394
-34.2528599574
-36.6670576767
-35.3517987953
-30.5849967381
-31.7199912292
-28.5378239950
-30.1532691706
-31.3200457687
-33.1601532045
-36.1982662167
-32.6600016345
-32.6400922033
-32.1250088813
-34.2319420371
-34.2039725156
-34.3454759142
-34.4185992927
-28.1743599162
-28.5811175419
-32.0594821202
-29.0249844600
-30.4798867209
-32.5411068835
-35.5008509155
-37.1144910603
-34.1923950335
-32.7334551467
-32.3024189199
-34.2300597102
-35.4508229527
-33.6013622683
-35.5831140650
-31.1364838456
-31.9212604909
-33.6827295770
-36.1458756314
-39.1402287490
-35.8821504091
-37.4531727691
-40.1185754824
-33.8397861261
-31.7884567001
-31.6599159797
-34.2559630736
-29.6093268843
-29.5491726667
-33.0936218471
-29.1406505354
-30.9040823762
-29.3562185165
-29.2401304084
-32.8280699365
-34.7426056132
-35.3328447724
-36.3208828972
-31.6411548359
-30.7778486130
-30.4692685331
-30.3480668123
-31.0739061577
-30.5010998108
-32.6316359680
-29.0290637019
-30.7737719551
-34.2270394380
-33.9313910140
-35.8395572420
-36.5385040345
-36.4904088860
-37.1586183056
-34.8938805415
-33.3425732880
-30.0793418439
-30.8531028866
-32.3625485492
-31.9605667087
-33.5660796329
-35.8295967085
-30.3590164138
-28.4815133901
-26.6432245093
-28.2799243099
-29.7993979974
-29.9405402334
-28.2095156966
-26.8960532889
-29.6860232759
-33.1972027589
-36.9479578482
-39.1661588980
-39.4067043440
-41.9988346016
-39.2167002952
-40.0307213819
-23.9850948739
-21.6940617667
-22.8071211339
-22.7918799716
-24.1380334206
-25.4832119868
-28.0855966264
-31.0163605226
-31.1233567511
-33.6584198411
-36.5724105251
-35.7854125005
-36.7423559581
-35.5820576896
-29.6318125565
-25.6997703464
-25.8843368984
-27.2413077694
-27.2135155971
-28.2816034263
-32.0647730827
-37.3001048474
-39.5998065838
-41.3985165390
-43.6289485906
-46.6838305812
-48.2856842107
-49.6601115222
-32.7491222049
-28.9306842340
-28.1801285990
-28.5025814861
-27.7397052636
-26.0313410346
-28.4951738550
-32.8139563687
-32.9885390338
-32.3833810231
-32.1734872354
-34.4675411015
-35.2536808584
-34.7257604668
-32.2735561304
-24.7271762706
-23.2669995865
-25.5334095589
-26.8530588267
-26.3186989910
-29.4654038446
-31.8077809525
-34.8067108633
-36.6175099540
-36.9558497753
-40.1397183751
-38.2302393334
-39.3713645775
-34.4957501000
-29.3628260799
-26.1524819150
-27.8138280643
-27.1207598016
-26.3517251967
-28.4877688250
-33.3792281731
-32.5494466031
-34.2287741843
-36.8501418609
-35.8246177323
-36.7171633221
-35.6009055623
-29.6147900459
-29.8689638721
-23.1608991763
-21.5491975622
-22.7360237528
-25.3261269059
-29.5521437271
-34.9462646419
-39.9716128282
-34.4979806861
-36.3590407800
-41.2324393607
-44.8845992240
-47.5662224130
-32.5268146397
-28.7829098357
-29.1382749761
-26.1620735099
-26.4042051230
-27.6835966105
-30.5906346572
-34.1499481548
-33.3859186072
-36.1387605764
-34.1517579872
-35.2762027617
-35.5072746561
-34.8405876289
-32.2146265847
-24.7371614135
-23.2643871116
-26.2165949996
-28.0155841298
-28.4376346969
-27.7095673013
