-27.0508599208
-24.6892617336
-28.1633844085
-24.8976357220
-26.9860581161
-21.9779865386
-23.8421324437
-28.3744744220
-30.3475645123
-23.1193688527
-25.4491695426
-25.9924710864
-28.2319185055
-27.7365244645
-28.2687909088
-26.9949584029
-26.8450401606
-28.8076053548
-25.2343070879
-27.0293736735
-23.1926929225
-25.6620706981
-30.6835755624
-28.8662669296
-22.9351932516
-25.6588394103
-26.9622545705
-30.5638147147
-29.4905771181
-27.0166194155
-28.0506855325
-26.3311037312
-28.5481172448
-24.7783758613
-26.9284529223
-22.6643981763
-25.1412561173
-29.4278479520
-29.1148908681
-23.4873083745
-25.8662696473
-26.7112692894
-30.5546076178
-27.1460339961
-26.8499815954
-28.4491668662
-27.2048366906
-29.7381498408
-27.4631441422
-28.6685953033
-23.2846150153
-25.7305944355
-30.2855396003
-30.8718329567
-23.2036580657
-26.0008082081
-27.1932268439
-30.5305788118
-27.8464581154
-27.4198531901
-27.6619213560
-27.6208972206
-31.1974238806
-28.9511361001
-30.4042130000
-24.0880934598
-25.6496608024
-30.0127470450
-31.7372959625
-24.1143839149
-26.3162638877
-25.6131560645
-27.7949452412
-26.1358866255
-27.8368341636
-28.5438502968
-27.7641923564
-30.5275559589
-28.0423509862
-29.3212931769
-23.3440650030
-25.3422250801
-30.2124861137
-30.3815279718
-24.3048783867
-26.7009087083
-25.4902881915
-27.8221898021
-27.7478986965
-27.2386927052
-28.7844413305
-29.1606881424
-31.1086424861
-29.1476257679
-31.4651973173
-26.2962819504
-27.7168584042
-32.1460225875
-31.5018366883
-23.2724912111
-25.5955315623
-25.5243189787
-28.8225047361
-28.2422557765
-28.5929384077
-30.5239363039
-29.7135061110
-31.6210097876
-29.5362410477
-31.2090207885
-25.9208934163
-28.0190471373
-32.9517468926
-30.0794894288
-23.7225398666
-26.2960942340
-27.5320407195
-30.5715990617
-28.9232856729
-29.3956114740
-31.8026790184
-31.2249558473
-34.1877422869
-31.2387263517
-32.6142509787
-25.9936362078
-27.9705260558
-32.2170759303
-33.3010986414
-23.0592702742
-25.5761205370
-27.6295385826
-30.5017846401
-28.5475074994
-29.1174528542
-31.0709739213
-31.3099505880
-34.5308062018
-30.5013923806
-32.4956565597
-26.6426160897
-27.9005446238
-32.3863896296
-31.6019314764
-23.5417845630
-26.2236660237
-27.7927923510
-29.6563579076
-28.3368990760
-29.6837707652
-30.7492991102
-30.9239555743
-34.3665025641
-29.7146647603
-32.4667199728
-23.8978035243
-25.1991474241
-29.4703349645
-32.0334026935
-23.8132217382
-26.1105787540
-28.6075555771
-30.6944876357
-31.0758208513
-33.1224354490
-33.1224496919
-32.3943513411
-33.4752644410
-29.4559896633
-30.7401968742
-23.1746373262
-24.9021421788
-29.7046213549
-30.3045661368
-22.7121502832
-25.7487833636
-28.8170597190
-32.2245845292
-32.7023358916
-32.0095279434
-30.6970418552
-30.3394837071
-31.1462100724
-26.7262968375
-29.0312942673
-22.5384129263
-24.8502072641
-29.6101411796
-29.5442053400
-23.4655334380
-26.4307868502
-28.6528971571
-32.5735116471
-31.1781630399
-31.0228153283
-29.4612288557
-29.4799356237
-30.9547045744
-27.8530630928
-28.8163062679
-22.6402813285
-24.7900478457
-29.8134390697
-30.3615900550
-23.8040314764
-26.4518769516
-27.3859428034
-30.7632521425
-31.2604313812
-30.5907136336
-31.2304500691
-26.7644249860
-29.0442284757
-22.5271642663
-24.8384614840
-30.2029916153
-29.7561316443
-23.4500230007
-26.4313642355
-28.6660139022
-32.5743285313
-31.2717188758
-31.0542672918
-33.3909092331
-30.8977919901
-31.2402940995
-27.8931137001
-28.8248699542
-22.6377763042
-24.7835011237
-30.3247344735
-30.5964395859
-23.7911840031
-26.4617481703
-27.4127316720
-30.7647318546
-31.3503287172
-30.6124134820
-33.6466870085
-29.9842079060
