-21.0534512674
-21.6461335890
-18.0570482350
-16.5698078903
-18.8115435483
-22.4179853083
-19.0133449792
-20.5258192540
-21.8184287426
-25.7236955556
-23.9249898248
-20.7322773340
-21.1178336008
-25.5554809111
-22.7783735175
-24.2942692257
-23.7061814694
-21.3067603461
-17.3470581891
-19.7469236421
-23.7816454806
-23.7790394669
-23.7278087605
-24.5017810004
-28.8248673034
-25.0858633132
-20.6339353561
-22.2371432414
-25.9280459711
-25.8456106125
-20.9733642152
-22.0920292123
-21.7281183934
-15.8058943902
-18.5881031320
-23.7361977297
-23.1489112909
-22.3674083810
-21.2816285423
-25.0127748838
-23.1809743068
-18.6678755347
-19.6450254485
-20.6448461666
-23.1316130225
-18.3101347108
-20.9991951371
-19.0744351848
-14.7973713075
-16.9966395063
-22.0419947218
-22.1035691514
-18.7922567652
-19.2859887226
-23.4479969096
-20.8528473340
-17.1246339847
-17.2425384554
-19.3924918059
-19.7459837727
-18.0000217012
-20.3250613112
-18.7666783789
-18.5022720405
-20.7874279873
-25.3783064527
-22.5448314533
-21.3534366575
-21.6712394505
-25.6927834005
-22.0538026445
-17.9369895914
-17.9815427572
-20.9794837506
-17.3678194754
-17.3167415719
-18.9000052556
-21.5015360534
-20.3730179717
-21.9458665304
-26.7272276093
-24.5874800462
-22.8850655054
-22.1914327020
-25.8638500268
-23.4788883589
-16.3000044080
-18.7328534202
-22.8289646531
-18.8951958477
-21.6005692856
-26.2792594067
-24.9075794061
-20.4346791166
-20.5965321851
-24.7070855552
-23.9175757285
-22.2933580495
-21.9390142740
-22.5820560126
-23.1113333212
-15.5395513332
-16.6668008850
-19.9379269140
-18.3317219334
-20.5829778588
-25.5268835160
-25.5103788323
-20.6823969145
-21.6887655851
-26.0628641626
-24.1991469205
-22.5419975502
-19.4728273515
-21.7560504294
-23.2232788185
-15.6024319755
-16.5616442227
-18.6724816942
-22.4690891052
-26.7760218712
-23.1595515168
-20.9770318419
-22.6305719283
-21.5808709061
-21.8995786318
-23.1228202170
-25.7933365323
-24.5629217526
-27.3780315723
-24.2182135867
-21.1437331142
-23.6865115083
-26.0576845560
-26.8317020140
-29.7167775093
-24.9435624636
-22.3297010301
-22.1604584696
-20.6108516300
-22.3580926019
-23.4698715981
-27.2265637086
-25.7478888100
-27.6374187234
-25.9439642322
-22.1223264283
-24.3312180295
-27.2111672127
-28.6767330714
-32.0529742381
-25.9466453227
-23.6440646457
-25.5729746928
-22.5778524983
-25.4238163646
-25.5953192527
-28.6317397122
-24.7053158778
-26.8370771496
-26.4190760288
-21.8063334578
-23.9646870248
-21.9646950250
-25.8212970166
-27.2491089420
-23.3087409259
-22.0928914300
-20.8423443685
-22.8229733276
-27.7907261681
-24.8854782506
-24.7667776035
-23.5365997195
-26.8756907555
-24.2576479839
-21.6631625632
-20.2033365593
-21.6277647054
-26.1454082938
-28.9624274728
-24.5843639420
-23.7891915387
-24.3755288538
-26.9160165768
-31.1144415570
-29.9420161012
-30.5921646528
-32.0137336266
-35.1658545955
-33.6263046745
-27.5702490742
-24.1506037701
-24.5577485335
-27.1311669510
-21.1970597282
-23.8359896291
-24.3253665047
-21.2303292946
-22.7136002159
-26.2637399348
-24.7347897217
-27.4308778480
-25.4479293241
-28.6765129797
-21.6484017011
-21.1088686256
-21.7340528290
-21.2064998563
-23.9582503444
-20.5946757709
-23.2642123301
-25.4708939931
-20.9347040406
-21.0747264960
-25.0004892853
-25.0967301209
-27.3773234209
-25.3775853889
-21.7817389144
-19.9849087796
-22.7429627271
-21.8451102069
-20.7419297926
-19.3886779661
-21.5990533651
-24.0119148325
-25.2033664712
-20.0267886297
-21.1457578491
-25.4355375375
-24.7261768422
-27.3903171741
-23.8460381986
-23.3974938746
-21.6555296991
-20.5399859684
-20.9463048326
-24.4553079964
-21.0662637899
