-22.1547700619
-20.5936439886
-18.3568861298
-20.6745336133
-20.0575480151
-19.5832258175
-22.0196424396
-18.3222818264
-19.5155176486
-20.5026488117
-19.1909726170
-21.5969237635
-19.6491552107
-18.4045955244
-19.9044890746
-20.9502740407
-19.2106645697
-17.8245120534
-20.2349697717
-19.3446943887
-18.3729610093
-20.6815502770
-17.0915793293
-18.3406960237
-19.4982180983
-19.2136201115
-21.7814618633
-18.4573304918
-17.4253729258
-19.0898628298
-21.0912518997
-21.4913321433
-19.1671535211
-21.5159655170
-21.1990999970
-20.5834788981
-22.3678939123
-18.5923752765
-20.0749640806
-22.0194120094
-19.6478373266
-21.6868638543
-19.8624163074
-19.4897838684
-20.2853939221
-21.4881759403
-21.1764382677
-18.7789161222
-21.2301739416
-20.7088310962
-19.1233369510
-21.2356992429
-18.3390764974
-19.7319867265
-20.0444662234
-17.9750452713
-20.4713081590
-20.3262368096
-18.4586768722
-19.8088074912
-22.0636169485
-21.8533800252
-19.8795203878
-22.1113340931
-20.0851084618
-19.3095036529
-21.4172248429
-20.8118374415
-21.5421757189
-20.2094418327
-18.4722972156
-20.8406795301
-18.4773357384
-18.2756391805
-20.3704728403
-21.4875157005
-22.0374727818
-20.6632707256
-22.8320962813
-21.6859563575
-20.8054680888
-22.8830628501
-18.8994641151
-20.0252040650
-20.8757278759
-20.0739323015
-21.7481715802
-20.0136524753
-19.1559721810
-20.6793559582
-23.0855141300
-22.0955543931
-19.1618793756
-21.4156933361
-20.9288900596
-20.8793915557
-22.8758312961
-17.7848743971
-18.9546782280
-20.5910599940
-17.8463077109
-20.2313578745
-19.6348487397
-19.8356429730
-21.3290609291
-22.8702011393
-21.6016839713
-19.7867995242
-22.4737962357
-23.0425377510
-21.0064150700
-22.4471549545
-18.8746481903
-19.8142887627
-20.0203519640
-18.5346729785
-21.2866282623
-21.1664841859
-20.3448387384
-21.7746135120
-22.6721462792
-21.1722645211
-19.3094466905
-21.6750598126
-20.8201965910
-19.1008253889
-21.2817502670
-18.5857910013
-19.3048418402
-20.5606877067
-18.7533299169
-21.0522045731
-20.8697442955
-20.0066293501
-21.9030675387
-23.4453340134
-21.2869519188
-19.5919888714
-21.8947200371
-19.0994311094
-18.1196324533
-20.4559284790
-16.7638961864
-18.0298735886
-19.1793459373
-18.7672933264
-21.3666155709
-20.1528748799
-19.5524146624
-21.1211296556
-23.2426898453
-22.7399968357
-19.3010771867
-21.2397862477
-20.3958156598
-19.7835643526
-21.1949469648
-18.2288256348
-19.6252183084
-21.2359905317
-20.2073976842
-22.9073907081
-21.4508025250
-20.6470935760
-22.2591913904
-23.2179295903
-21.3199328006
-18.3938167955
-20.7370245911
-21.2481557446
-18.7479599733
-20.9908567228
-18.3031102971
-19.3700631018
-21.1449720537
-20.0679189504
-22.7072127227
-20.9519945372
-19.3194473711
-20.9444069722
-23.5047283281
-21.7478828918
-19.5840038641
-21.9362102303
-19.9518165563
-19.3964351283
-22.1828884720
-21.7939507306
-22.4161444312
-22.7006841375
-21.3745656384
-24.0304753031
-20.4142440900
-19.7487827006
-22.1780777925
-22.7136364712
-21.2684328622
-19.2613230233
-20.8816648379
-19.7077533704
-18.4309584827
-20.7001314754
-18.9704139277
-20.2293926987
-20.9012584132
-19.5233537866
-21.9691082580
-19.9012538972
-19.3082103613
-21.4599021690
-23.0350097339
-21.1899071308
-16.9437841642
-19.2084093877
-18.5292913783
-18.1704087232
-20.8721897636
-18.1249376614
-19.4898136353
-19.9999039725
-17.3728088296
-19.5766842611
-18.6150240692
-18.8160332105
-21.0959874939
-22.0822473416
-19.4337282746
-17.9008758265
-20.7163241567
-20.7346891609
-19.5726762340
-21.6724473490
-18.9937203659
-19.9802896888
-19.9096622413
-18.9195198593
-21.7396078893
-21.4483596391
-20.0349898536
-20.8486671367
