-21.0667194587
-19.1347059796
-18.4521974565
-20.6713955430
-21.6118399990
-22.8790314970
-21.6988348780
-17.9162075942
-18.8384256481
-21.2376022532
-21.1100324428
-23.8042787292
-23.1659182940
-23.3140085852
-20.6862198230
-19.1204163293
-19.0016224894
-21.0009635440
-24.8363797833
-21.2244220950
-24.3917230686
-20.7429511890
-17.1152236430
-18.3352160266
-22.1063123612
-23.1477138107
-25.4542533849
-24.3494962913
-23.1016964209
-20.3547604103
-17.7841260749
-17.6877441401
-20.3884442710
-24.2982216139
-24.3304930514
-22.3214182311
-19.6158467649
-16.9526663012
-17.7060690183
-20.4227818574
-22.3674459674
-25.3197277583
-23.4977880461
-19.3448225432
-19.2651122344
-19.6421281557
-20.0218368083
-21.2531165992
-25.1776533957
-22.6517293525
-21.9167888187
-19.2369239245
-16.5190160617
-17.5536961919
-21.1773094820
-22.3876816431
-25.0336190458
-19.8235657688
-18.8537328403
-16.9647654821
-18.6673900592
-20.1736542523
-23.5780808551
-26.2333456467
-24.8769961357
-23.7420156005
-20.9568608654
-19.2002573791
-20.3553158044
-23.1004225451
-23.6300468449
-22.6338886640
-22.4813113201
-18.8320446383
-19.7161124718
-20.7137919103
-21.6353250417
-21.9952032268
-25.0688874545
-25.3939114292
-25.7266679252
-22.6501615872
-19.9353066720
-20.2259982661
-22.9417321543
-21.1685050356
-22.7205081332
-21.6232996782
-19.6080119514
-20.0392179506
-20.9017244453
-21.7766408064
-21.6524731686
-24.6820767689
-25.1111621637
-24.7643580538
-22.5702247577
-19.1559501378
-19.8060266850
-19.5242755115
-18.7265591553
-21.5068348004
-20.4353691574
-19.7533965964
-21.6510465073
-20.8291732283
-22.8861335772
-22.7762814924
-25.8813192116
-25.4566185945
-26.6610354437
-23.6199581257
-20.1383987973
-19.7630360828
-22.9361550870
-22.6428407131
-24.6031212510
-25.1060045388
-23.8028132448
-21.8953802703
-21.1016396432
-23.8273909676
-23.1888441181
-25.7209109289
-28.0162935559
-30.7371804708
-26.9957558325
-20.3924160659
-20.6845770099
-22.6701085792
-23.0853238168
-25.1031214923
-24.0653592349
-25.5799033180
-23.9289072492
-20.3677632553
-22.4284080208
-23.9715923479
-27.3674353916
-27.9737573378
-26.9716415877
-22.7274263887
-18.5918626082
-19.2242085106
-21.5190103693
-23.2710296162
-26.0804861027
-23.8243072878
-25.3444569419
-19.9597614221
-19.8785209479
-22.7581740932
-25.8786381219
-29.1323108112
-29.1406803075
-24.7897151413
-22.4259651575
-19.2265348868
-19.4560391604
-21.9546982107
-24.9896108829
-27.4944666503
-24.2555870192
-25.1591964912
-21.4945271642
-20.9766421557
-24.5498425317
-26.3865301381
-28.1927741079
-23.3527413181
-25.5712528831
-21.8418089849
-18.4057891042
-19.6028607852
-23.3693857949
-25.6511262630
-27.9296844578
-23.8605932379
-23.9019021801
-21.0089524313
-22.3343550482
-24.1987973900
-26.6374584584
-26.6780955205
-25.4234551832
-25.7990158988
-21.8237352818
-20.5205425775
-22.3438327231
-25.3799389551
-26.5459674733
-27.3133993763
-25.2977819379
-25.9917085630
-22.8235196378
-23.3495592063
-24.6182640111
-22.1400428496
-24.3418543591
-24.2476395558
-24.9866087462
-23.5007384126
-21.9873243801
-22.6066233681
-25.3244245152
-26.9880427095
-27.5294929718
-26.7888111038
-28.1757619428
-24.6127465028
-25.2311210889
-24.4323446229
-23.1928612192
-25.1587511595
-24.2320294364
-24.5179802137
-23.5171718853
-21.1899589089
-22.3384187573
-25.4756839357
-27.0825539583
-28.1494870379
-26.2646513322
-24.1506556302
-26.2787817151
-21.7657947776
-22.9532268089
-22.6900762898
-24.6997880085
-24.7651659073
-26.4009699507
-23.8001645369
-21.0312698198
-22.1830502773
-23.4794230400
-25.1191238678
-26.6569316231
-26.4536181793
-25.8103059754
-25.5539351859
