-19.8423541086
-20.5716062479
-20.9316332929
-20.6286250088
-19.7300862852
-18.8905508998
-18.3741869844
-19.9547229047
-20.9687490819
-20.8437697197
-20.9891491734
-20.6340260229
-19.7291865477
-18.8961991802
-18.3705854450
-19.2859913733
-20.5612495575
-20.5323155535
-19.6950094677
-18.8790083674
-18.3579917083
-19.8292231145
-22.3088361856
-21.9321387706
-21.1943488701
-20.6720972175
-19.7278841938
-18.8857466897
-18.3618910026
-19.8456294073
-20.2348196120
-20.4455743840
-20.4030148593
-19.5444063522
-18.8037113384
-19.5296351195
-20.3000072139
-21.5527356641
-20.6596303481
-20.5602514305
-20.4295577629
-19.5500908810
-18.8043793449
-19.5554414043
-20.3149519186
-20.8241709769
-20.4816493276
-19.5478408899
-18.7977976676
-19.5068012051
-20.2863454442
-21.3431991062
-22.8821294610
-22.4471471919
-20.7612061817
-19.6113079867
-18.8124951071
-19.5514048840
-20.3158387102
-21.3589296243
-19.2904123826
-17.8286741517
-17.3078400102
-18.4084287918
-20.7762013746
-21.9951838277
-22.9396673456
-22.7840904466
-19.3139233656
-17.8358642848
-17.3066373394
-18.4217863346
-20.7776008224
-22.0010340631
-22.9420895163
-19.7521887536
-17.6606588372
-18.5135336745
-20.8118024984
-21.9915900563
-22.9355557397
-22.0754481758
-21.9936756355
-19.5352911654
-17.6276934878
-18.5160128074
-20.8146234020
-21.9995698860
-22.9396841752
-22.0779415489
-17.0407693988
-16.8965265785
-19.1753391919
-20.0442772164
-19.8911237669
-18.8147942926
-17.5245719085
-18.5523583211
-16.6075813427
-16.8146905879
-19.1386544973
-20.0256494134
-19.8893320595
-18.8181420930
-17.5257551606
-17.9366827916
-19.5710787141
-20.1572946046
-19.9066872841
-18.8046550918
-17.5163978896
-18.0402225212
-19.9298228359
-20.0845466191
-20.2525010733
-20.3393276848
-19.9602145462
-18.8321456340
-17.5216124839
-18.0409720867
-19.6099357247
-20.4873455075
-20.9167662636
-20.6347872397
-19.7299179890
-18.8968361167
-18.3769729344
-19.8494108947
-20.8654294431
-20.8320304110
-20.9858777538
-20.6547264582
-19.7304539477
-18.8974639912
-18.3702967522
-19.2579117947
-20.5404028338
-20.5282311337
-19.6850955253
-18.8712758028
-18.3568175184
-19.8510614921
-20.8276896632
-20.8229980822
-20.9761748295
-20.6388587137
-19.7164866555
-18.8854631752
-18.3629460905
-19.8331275871
-20.2405947616
-20.4499138375
-20.4054771625
-19.5380007389
-18.7992113560
-19.5559449985
-20.3185858225
-21.3538276600
-20.5265986579
-20.5276692819
-20.4241153219
-19.5494901929
-18.8060674856
-19.5215452493
-20.3019944039
-20.8128161604
-20.4723658491
-19.5444995624
-18.7945819150
-19.5468867776
-20.3006195532
-21.3518301131
-20.4786381185
-20.5696889651
-20.4231728631
-19.5445021516
-18.7990482381
-19.5143318142
-20.2909023882
-21.3507400714
-19.3103528965
-17.8365051051
-17.3067577359
-18.4223002854
-20.7889569336
-22.0113855748
-22.9453868274
-22.1259266832
-19.0261911855
-17.7805388383
-17.2987209431
-18.3972992324
-20.7723163210
-21.9972849413
-22.9401942421
-19.7585166916
-17.6634926870
-18.5295930190
-20.8104651907
-21.9998508113
-22.9387300651
-22.0809864158
-19.0142123779
-17.7750808618
-17.2848429760
-18.3997317603
-20.7472906729
-21.9767683381
-22.9249957999
-22.0772877828
-17.0457121301
-16.9101857608
-19.1829733680
-20.0413359162
-19.9002117632
-18.8155529201
-17.5270730495
-18.0384191624
-16.3073990977
-16.7246417402
-19.1026378093
-20.0075912284
-19.8938501658
-18.8124964017
-17.5270186769
-17.9506138364
-19.5813525516
-20.1575470490
-19.9174517697
-18.8131411056
-17.5182374969
-18.0437994636
-16.2783977707
-16.7084645874
-19.0853240109
-20.0029397796
-19.8668800482
-18.8071212789
-17.5153609258
-18.0449736535
