-29.3378069183
-29.6102356975
-28.9367571371
-28.0389164524
-27.9377704495
-28.6243631887
-28.4720007762
-29.7075277109
-29.8638644973
-29.8088458906
-28.9394925971
-28.0311605878
-27.9368642394
-28.6153593433
-28.4593720900
-29.0792120804
-28.7752976710
-27.9883020240
-27.9286889287
-28.6056253514
-28.4295642479
-29.5751601841
-31.5768165146
-31.1473493101
-29.1430752995
-28.0610111516
-27.9426212633
-28.6078895822
-28.4319514644
-29.6444024071
-29.5378774053
-29.3265595554
-28.0617464762
-26.7548217545
-26.6339643788
-28.1781750653
-29.0966229666
-30.1652958795
-29.6770026703
-29.3618473788
-28.0533640319
-26.7500020107
-26.6389563026
-28.1195950493
-29.0581543453
-29.2739721798
-28.0080703517
-26.7420610198
-26.6462500005
-28.1888230351
-29.1265628557
-30.1606871535
-31.4974014413
-30.6467174201
-28.2264670078
-26.7778006569
-26.6592670633
-28.1309408010
-29.0867517488
-30.1425318808
-29.8721835078
-28.7704844012
-27.5809540646
-26.9697838836
-27.1138984964
-28.4251199327
-29.2838900033
-30.1827637292
-29.8105508608
-28.6882833708
-27.5619171772
-27.6185074146
-27.2552905938
-28.4599365280
-29.2914452069
-28.6667984222
-27.5557575369
-26.9909257682
-27.1174650808
-28.4124627655
-29.2544873674
-29.9070350553
-30.8749632674
-29.4408896168
-27.6690467588
-27.6395263131
-27.2515388836
-28.4476871556
-29.2733676087
-29.9169243970
-27.2446154323
-27.2685575091
-28.2359589142
-27.2429480098
-26.8438659722
-27.6158056146
-27.8254262762
-28.6459866570
-26.9478264064
-27.2648899468
-28.2306355766
-27.2372725447
-26.8340646611
-27.6184595159
-27.8361143782
-28.2547744262
-28.4472224005
-27.2884889572
-26.8418956122
-27.6154767897
-27.7879881435
-28.3898735359
-29.6688519600
-29.6801990053
-28.7395437962
-27.3178216873
-26.8500463259
-27.6184685779
-27.7971835879
-28.4043444179
-28.9549266517
-29.5466313958
-28.9077713575
-28.0345200384
-27.9369742792
-28.6164312605
-28.4630953193
-29.6143239980
-29.7688276508
-29.7908718598
-28.9436857610
-28.0272703568
-27.9400553938
-28.6182747509
-28.4572645040
-29.1369441407
-28.7915253060
-27.9900794905
-27.9327319208
-28.6032769724
-28.4199545362
-29.6375035587
-29.8502286240
-29.8359105036
-28.9277222215
-28.0215806514
-27.9333934542
-28.6082468880
-28.4326350058
-29.5754527605
-29.5613184728
-29.3525509572
-28.0469066369
-26.7542055316
-26.6425966787
-28.1317939331
-29.0677705297
-30.1171282220
-29.6313814625
-29.3556165367
-28.0563247501
-26.7530507608
-26.6382805287
-28.1816458504
-29.1074599456
-29.3073375432
-28.0032661429
-26.7342922089
-26.6573174167
-28.1460007196
-29.0943911004
-30.1451767198
-29.7532317731
-29.4353979839
-28.0463409027
-26.7470154006
-26.6440543825
-28.1961400351
-29.1342112696
-30.1678565701
-29.8341446898
-28.7302344290
-27.5699034783
-27.6404700662
-27.2639047693
-28.4726493623
-29.2915177037
-30.0179875409
-29.7085711499
-28.6759563232
-27.5606873205
-26.9770206196
-27.1146312320
-28.4183129996
-29.2720445419
-28.6803954585
-27.5545458044
-27.6257532124
-27.2526056224
-28.4541652637
-29.2732200259
-29.9145773128
-29.5345101886
-28.6111169850
-27.5499823887
-26.9692194441
-27.1126103833
-28.4070992958
-29.2556084788
-29.9164233923
-27.2082375648
-27.3288204887
-28.2467622342
-27.2397244905
-26.8237131512
-27.6170924330
-27.8288193861
-28.4129068097
-26.8115828768
-27.1506064807
-28.2084748537
-27.2360957660
-26.8221544695
-27.6163402785
-27.8200446821
-28.3468971648
-28.4757848510
-27.2857211322
-26.8474895185
-27.6099955125
-27.7913825480
-28.3857489849
-26.7171156383
-27.0622393325
-28.1757619603
-27.2353345495
-26.8323752264
-27.6144657180
-27.7916971324
-28.3818212110
