-29.9090973273
-30.8417674958
-29.8940361143
-30.7150935629
-29.4257403735
-31.2720826563
-33.1600470470
-35.5857019419
-36.8393993814
-36.3979599247
-33.1024534925
-34.1658935673
-34.3407765591
-38.4739819495
-34.2195062248
-28.1562551161
-29.6163784899
-27.2354057271
-27.6247317843
-27.0222586309
-30.0634585587
-27.5022794445
-27.6485456866
-26.1988345457
-28.7599425648
-26.5706539267
-28.9584763954
-27.7909138866
-28.6316957024
-27.0553961468
-28.0681624353
-30.4805857913
-25.7259313298
-26.0873331760
-25.1893862405
-26.9263634607
-26.4941788302
-27.2826853211
-24.3154797272
-26.7919206879
-23.7313365539
-26.6586741109
-24.5028141132
-26.9123146028
-27.3018128228
-30.3490791571
-31.7341358774
-25.8625425364
-28.4797307405
-25.4013772922
-26.2019674699
-26.9318770861
-27.4984708006
-25.8910441349
-27.4907123519
-28.0455317635
-32.3934645070
-27.4024254492
-28.6411901969
-26.4152518188
-29.3401242116
-32.5758703906
-28.0383558934
-29.9192248719
-25.8409734156
-26.8653858533
-28.7894539586
-28.3413964665
-25.8994291546
-29.3310038432
-30.0018984123
-29.5517838485
-27.4784318939
-28.3385872100
-32.4347229766
-33.9743531274
-32.9182223122
-27.7196003312
-30.3137615706
-27.2931753329
-27.8847377209
-27.1612181941
-29.7611507495
-28.4320614840
-30.8141177202
-28.9333484891
-28.5722561005
-27.4171630327
-31.0264556887
-32.9647833625
-32.5115488571
-33.7328390995
-32.4090163851
-35.1381947382
-28.3004059667
-29.6112804133
-29.1524908066
-31.3100554450
-28.4909975094
-31.2562382004
-27.8058404759
-27.3183524673
-26.4372934493
-30.2816402996
-33.8994924226
-25.0420234902
-27.9436815156
-28.0009475163
-29.1086211807
-27.0179813005
-28.4847653775
-28.5281339946
-30.2052454999
-29.6316559044
-31.4679871278
-27.2213297010
-30.2229567170
-29.1229885029
-30.0106304090
-31.6924981016
-23.9950683656
-26.8172725676
-28.1279218064
-29.1880207163
-25.1768119165
-27.1070760154
-25.3080700098
-28.1162666647
-30.0461512443
-31.6893833332
-30.1423519145
-32.6641197045
-31.4017328249
-34.2985484651
-28.6380236403
-26.6062563267
-30.4892504374
-31.3207512931
-32.4810328513
-28.3928872928
-27.5996996603
-29.8885897816
-31.6676601890
-30.5869282475
-30.6574158698
-29.4293923818
-32.5834165200
-34.9184556346
-36.9641042274
-24.8600862342
-24.6249130108
-27.6359920785
-29.7352861813
-32.2914356160
-28.1539351994
-29.3175867627
-30.3141641629
-31.2651242553
-31.6162120487
-31.5769472590
-31.0053409845
-34.6573131063
-32.6987446759
-27.6055796740
-24.2247939877
-24.0266860565
-26.1534476833
-28.9511956300
-28.5992559833
-28.5439486776
-31.9724108595
-29.5751018933
-31.1321702865
-32.6943249931
-32.8312468609
-31.6708319084
-32.6751806548
-33.1796988528
-30.7751286818
-26.0462494663
-27.3471129703
-30.7405619244
-31.4194958138
-33.3781471997
-33.1843179386
-35.4257403496
-33.0842192535
-33.1248019536
-32.9435366398
-34.7933378328
-33.3431351055
-32.1056793965
-32.3433277878
-34.4194058061
-28.9978149715
-28.2039748271
-30.0061368881
-31.6248391563
-35.2040943261
-30.5690137435
-32.6002733213
-31.6649427919
-34.3016645299
-33.9668199253
-34.4354470170
-24.6207871648
-28.2917011732
-28.4502335762
-30.9918332753
-28.3937675933
-27.5863848157
-31.9419686433
-33.8304133017
-36.2028762199
-35.8405165106
-39.4914316469
-36.2143708178
-37.7185045553
-35.7237591303
-34.5151171283
-26.2809915919
-29.9737605840
-30.5729596648
-34.3315331982
-34.5643216743
-35.2788125917
-36.4016080520
-32.9235313850
-36.9445197061
-39.9054582080
-40.8997658703
-36.5755938859
-37.6305076945
-33.2802804026
-35.4633312316
-29.6055531663
-32.1311011965
-32.9472067814
-36.5796821901
-33.3972151153
