-18.2888905596
-22.2133526743
-25.8792854196
-27.6255887999
-28.9689923260
-25.7022287627
-23.6502631241
-22.7831169160
-22.2642338053
-23.8261844378
-27.8247906212
-29.9488631256
-27.3260565457
-26.5184898905
-24.2823500008
-24.0128896601
-26.1544522820
-29.0783304627
-29.4913642283
-31.2047033426
-28.7670951693
-25.2507004329
-22.1385501905
-22.5808727691
-24.7048304244
-28.0199132138
-29.4425738737
-27.8608500317
-27.8881282541
-25.3057552911
-23.0376726993
-24.8821680085
-27.7614750171
-29.1236448591
-31.2986164858
-29.2454187879
-25.1306728792
-23.8990139747
-24.3242285696
-25.7454291053
-28.5169850421
-30.1581329367
-30.8266907482
-28.1354679608
-25.0065842132
-23.8600042093
-24.9296754395
-26.2241929335
-28.5495943703
-32.1589386739
-27.7696969266
-24.5689338333
-23.5409107226
-23.4784326981
-23.1416227950
-25.4664535614
-27.8948808140
-28.5872577649
-28.4624726229
-24.3241418273
-23.8857574139
-24.7210192266
-26.1560485111
-28.8549651892
-32.1343130680
-29.5169801959
-26.8175340896
-25.0677119805
-23.3218512026
-23.4864164119
-26.2550532697
-28.8530077821
-30.0326267174
-29.5969299429
-25.8837828120
-23.4859736610
-24.3367575736
-26.2237178201
-28.9094659655
-31.8963254731
-29.2396656475
-25.9601077243
-22.7283106065
-22.3763229667
-23.5325619367
-25.9097250248
-28.1571639369
-29.8517950720
-29.6762647561
-25.6859622839
-23.1877980956
-24.1393318899
-25.4495436861
-27.9460609711
-30.9216434419
-27.9906400366
-23.0853445390
-21.6529457059
-22.0444052915
-23.1231904770
-25.8653362522
-28.6408380882
-29.2829501332
-27.8085733522
-24.4662343134
-23.5300323160
-24.8961676674
-27.4054379714
-29.4718988335
-30.0575682100
-26.1853320429
-23.1013702244
-22.5148734706
-22.6024263375
-23.4248899076
-26.8060679313
-29.7996996416
-28.9608726822
-26.9016951290
-23.9244720102
-20.3974209471
-20.4861001116
-23.4986489488
-25.4465544852
-23.4783343072
-17.7183274774
-15.2336483094
-16.0750208192
-17.5465630483
-19.4380159460
-23.1750256978
-26.4167859113
-23.8973931496
-21.6483162646
-18.9735468303
-18.8634280188
-21.4124335768
-23.7601954982
-21.8940390935
-20.0645957480
-17.2893429554
-17.0568714752
-16.4463160010
-17.2037811471
-18.8913457734
-21.9738425624
-25.7821073166
-23.0640317655
-21.8091090594
-19.9614236875
-19.0789365225
-19.9936537101
-22.6153592464
-23.4901681230
-21.1614819103
-21.2148564109
-20.2564379081
-19.2820959628
-18.8926636630
-19.7964778512
-22.7575695436
-25.5197659190
-25.6363446934
-23.1026453910
-20.7546788738
-18.4110697451
-19.6916228228
-23.4099102456
-22.9566328958
-24.5165717024
-23.1622830930
-20.7401160738
-19.0014166870
-18.5764505764
-19.4198813819
-22.0903993456
-24.2866117807
-24.1410666371
-21.6324019122
-19.2777914625
-19.6279045821
-22.1661650046
-24.9689648340
-26.2227921911
-27.5997385064
-24.5955699404
-21.3162199259
-20.0131216968
-18.9717331176
-19.4822908023
-22.3008343408
-23.8649236378
-24.7998944752
-23.3723167575
-21.0618311293
-16.7747228100
-16.0558687054
-18.4192683627
-21.4290068714
-24.9414445178
-21.7794902129
-19.5187075145
-17.5631751809
-16.9855902483
-18.0868237490
-20.5784429535
-20.6995411511
-21.9136197103
-24.0716638710
-21.3291502502
-16.7705128222
-18.1922768696
-21.0227203837
-23.5748884286
-26.6300676704
-23.1391954337
-19.9839210090
-17.9290460260
-17.5018001326
-18.0581447764
-19.8218866965
-22.4006961389
-24.0591633486
-23.1117489221
-17.9263558687
-17.6588710122
-19.9994793449
-23.1048047590
-24.4656634031
-25.2573028249
-22.3183539793
-19.3553837923
-18.0814473319
-17.6521236277
-17.0482831882
-19.2288819846
-23.1572380872
-23.9353051092
-21.1577146630
-16.7381002582
