-38.3965670440
-38.4490624880
-39.0159938536
-37.1350943903
-35.1407450834
-32.1763223784
-34.3082669210
-35.5281783303
-37.7987714487
-33.1372325553
-34.1952832481
-36.9165709179
-42.0182850709
-39.0499262256
-40.0607696439
-39.4916646978
-39.5445459213
-36.6195658061
-37.2106671200
-34.3055405289
-31.2350380814
-33.2609561156
-34.9311335400
-36.8828896925
-32.8082096980
-33.4637141424
-37.9002760187
-39.0856386718
-38.1417485968
-38.0992085084
-41.9264937906
-38.3411898531
-38.8943960256
-38.2369550062
-37.7635160076
-32.6982087469
-34.2617964718
-35.9161863651
-38.0409055556
-33.6005764574
-34.0015277881
-36.8443757731
-39.4442971099
-40.0995373066
-42.2925792312
-40.5709838998
-37.3786033423
-37.5896803476
-38.7910609161
-39.2194418490
-31.9620476979
-32.9871162740
-35.2209135997
-37.1183955264
-32.4107679745
-32.7283674206
-35.2447029026
-37.9420419332
-41.7887240120
-44.0517938145
-39.0648372573
-36.7051133164
-38.7238408500
-41.0300904964
-38.8535285459
-32.4236128577
-33.8410379862
-35.8843848688
-36.9741761080
-32.0036569869
-33.0421659485
-35.3012076826
-37.1895912673
-37.3469533246
-38.6160704959
-39.5641355850
-36.9370383240
-38.3596428668
-40.6664634631
-39.9096604569
-33.4739077080
-34.1171394617
-36.0116245133
-37.8680110665
-33.5877186250
-33.3656350372
-36.6469915982
-39.2569913020
-36.3197229416
-35.4670259838
-38.0636656670
-37.1491134594
-39.5996486528
-43.0472745986
-41.8949473417
-34.4669766611
-35.9189192261
-36.3331749873
-38.1204423020
-34.5795344188
-33.6836746269
-35.2030405474
-37.5233496704
-36.8419419564
-39.6550789202
-39.1013782412
-36.9595641193
-39.0042894999
-41.5768586498
-39.4113732142
-32.1826800780
-33.3764758892
-35.7513830226
-37.0280580432
-33.7153596023
-34.4312072573
-38.7378534419
-41.2646629003
-36.1949015801
-35.8162417621
-33.0202382553
-32.4404890871
-35.6142553218
-34.7283535204
-32.3048294350
-29.8387857790
-31.7212961707
-35.2892314661
-38.8217387077
-34.8888937885
-34.5993584097
-34.5081975693
-37.1113568653
-39.9566668560
-43.0932828611
-39.7542389929
-39.2499099204
-37.1961651733
-35.4432716345
-34.3057670843
-29.7608853611
-31.3886523313
-36.0155548689
-38.3986940500
-34.8214497566
-32.6954797651
-33.5428599438
-36.0869072544
-37.9294223257
-36.3518817481
-38.4699959298
-32.4548149505
-31.3762579805
-34.5149177549
-35.9700411235
-33.2412771274
-36.1376252235
-39.6876960051
-41.4309938222
-33.8667937710
-32.1389787581
-33.2969520846
-35.9683076742
-33.7196084376
-31.3595202796
-31.0432982664
-29.8604221930
-31.5122801099
-34.1223657138
-34.4353434646
-32.9677894119
-35.1603192100
-38.6375282477
-40.0413185008
-35.1024240446
-32.8593005362
-33.9633452766
-35.0312037197
-31.0935709134
-32.7363990242
-32.5540643906
-31.9043868620
-34.1580043622
-35.6913207194
-35.9998476678
-34.0189956333
-35.7647030060
-38.2589215278
-41.1149453970
-36.7042705354
-33.8084455040
-34.4873728609
-36.7594380132
-34.4472523553
-35.7600580337
-33.8327552325
-34.9323737478
-37.7526712588
-37.7909897022
-36.2091847536
-32.1870195361
-32.9051858240
-37.2872094856
-40.0674743094
-33.7641007521
-30.7288355905
-32.3880195199
-35.1577908936
-35.6285605020
-33.1547340705
-34.6022893501
-35.8209113343
-37.9960934779
-38.4669666088
-36.5904143266
-31.7737385518
-33.7930036769
-37.4682210352
-40.8747247088
-35.5460772603
-31.5529443473
-33.5169138439
-36.7152162649
-33.2516143939
-31.1842734879
-32.1282984188
-35.1565273789
-38.7224621122
-38.6878617338
-35.4577205033
-32.4437177797
-34.5074958918
-38.5893774343
-36.9817131828
-30.3241959338
-30.8015563601
-33.3084738982
-33.2584834704
-34.7496041422
-37.4974851433
