-26.7113482536
-29.4270750826
-31.6242799142
-27.5518724813
-26.7398563378
-27.4579774549
-31.9650433729
-32.4036814228
-33.2649680494
-33.5932724066
-31.5038005780
-32.8357403685
-36.1043233115
-36.4591174535
-36.7275717897
-32.7076009684
-34.0066232739
-30.5310293394
-29.0310754879
-26.5457914117
-30.0304336805
-32.6756505935
-34.2610443227
-34.6641886733
-34.6114899739
-29.2225499306
-32.6233363772
-35.4450542756
-35.4408507562
-27.2605867367
-29.7389641313
-28.0130040089
-25.9061183110
-25.4859228504
-23.7792310954
-27.4169144708
-31.9480001561
-33.1702652137
-34.1040046054
-33.9178677739
-27.9771996517
-30.6403894786
-34.4550742404
-27.9533391384
-31.0445164644
-27.3717062270
-29.4615097790
-28.4448714308
-28.8770870810
-30.0021767627
-32.5970446402
-33.9199844223
-34.4425413584
-34.8763738586
-34.4806086504
-27.1651899896
-29.8714313462
-27.7358875287
-31.4930270230
-31.2509084066
-26.8936415077
-29.7755271264
-34.8807107090
-36.6843559335
-32.4797020878
-33.9370561235
-34.6714370571
-32.2956741280
-34.3765097167
-35.3837595248
-27.2812107911
-26.0494859537
-29.9171043342
-31.9115031923
-31.5012075102
-26.4635787253
-28.6758488689
-32.5448391695
-35.0771420914
-30.7804675584
-33.4377305145
-33.7088724426
-33.1244757153
-34.5570539348
-35.0140219743
-30.8907481480
-32.6624445222
-34.2054768183
-32.2701927923
-27.0642977232
-30.1732575779
-32.2825923396
-36.0065743283
-35.7567244823
-31.2677690959
-32.5138623247
-33.7066043256
-34.5416043501
-33.6294288922
-28.0899451473
-28.0508693642
-29.4858402286
-30.8100514364
-29.4393270523
-25.5459916429
-28.7111884704
-34.0256368456
-39.2274760365
-37.6520392426
-30.6715436914
-32.2102767745
-32.0436467520
-31.3966502958
-29.2938919729
-31.4366309908
-24.6526223538
-26.4539508900
-27.1961914469
-24.3383447382
-26.0409157927
-29.5468540618
-33.8468675080
-37.3580103747
-37.4790787240
-29.7198016764
-28.3984346323
-30.3538484314
-30.8472785477
-32.8884105899
-32.9487020403
-31.1180981426
-33.5657275034
-36.2458241143
-32.9610316732
-33.3332600379
-32.3834315082
-35.2431351546
-38.0369933120
-33.2254184497
-30.0359758107
-30.5392331333
-32.0597423380
-33.4946560379
-34.6527704249
-34.2464426939
-29.6554167461
-32.3361273433
-36.4985013290
-38.6050561593
-38.6490850155
-35.6103987588
-37.3755533007
-40.4251682692
-33.8725210209
-31.0393355386
-31.8234208742
-33.7605704292
-32.9134647043
-33.8185251482
-33.6793571820
-29.3254151400
-31.2003405918
-36.0941828156
-40.5458275108
-32.6686455842
-33.1428316495
-36.3744178915
-37.0947900593
-32.9135126041
-30.1974326819
-32.5446514587
-33.9471784905
-34.1727393393
-34.0005892108
-35.1600162850
-29.9755717256
-32.4134762564
-36.9059773279
-41.5747678886
-36.3985891012
-35.9457611683
-32.2616045120
-35.6249511893
-35.3054383936
-30.4938268242
-32.3744237820
-34.2563527486
-32.0618499234
-33.3865671955
-34.4125380404
-30.6514568979
-31.2038916430
-35.2906736348
-40.1907253105
-35.3789216614
-32.3453357336
-35.6117062843
-37.6724380249
-37.7513973914
-29.1437717842
-31.4189249373
-33.1463878725
-32.0004218227
-32.4883822859
-33.8347579557
-29.1118291727
-29.8810410646
-34.2809420989
-35.7422807911
-36.8246320464
-32.7027682766
-32.9718738302
-34.9929279947
-35.3315631297
-28.1133279565
-29.6624295121
-31.5515565546
-31.7817688669
-32.2538603026
-33.2282406502
-31.3217636820
-31.6075991768
-35.2873413729
-31.8906992039
-31.9873439183
-35.0679142743
-35.4412417231
-36.2162350655
-34.3953161663
-27.3968639304
-29.8547376640
-31.0068867445
-31.3940196967
-33.3556965020
-30.9411826265
-32.0736047613
-31.2731377453
-33.1657289848
-33.9065427380
-32.3223412983
