-18.4622033081
-15.7894868133
-16.1869727773
-15.8037039625
-16.7979347539
-17.1336171461
-19.2793177724
-21.2427689737
-23.2229046516
-25.6647206811
-23.4022876683
-24.7551781099
-27.2880241503
-24.6720889988
-24.5038963632
-23.1280762344
-15.9295261141
-16.2598968341
-17.6911929524
-15.4798696103
-17.6078888962
-19.4302756162
-18.7507161492
-20.0465440347
-22.0254137107
-19.7473897233
-21.2983403925
-22.1821337346
-20.2885734260
-16.0800671115
-17.6285983943
-18.3095495761
-18.3005586708
-17.0846636552
-16.4311719255
-18.8058499836
-20.9926044226
-18.6254817404
-19.2765460720
-21.0473511837
-20.1830374532
-21.9024875625
-23.7886984044
-15.1142343290
-16.0539902512
-16.1675552749
-16.5866556513
-16.7440877242
-17.1129917982
-17.9751177696
-20.3590908361
-22.2782231045
-20.6683869311
-20.4560980773
-22.5280005730
-20.1289975317
-21.7291761183
-14.9751089999
-12.3607288485
-14.4946219028
-16.3698525424
-15.0217477910
-16.2718160943
-20.0334039712
-19.9851573385
-21.6734791333
-22.2849782558
-20.8460417175
-21.3810204458
-22.1196324053
-20.2908622541
-13.5707220274
-13.5458362010
-15.2900896909
-14.6491295241
-14.2547958568
-16.2975019813
-19.6026355396
-23.8909965921
-20.1957256869
-21.5325362294
-22.4755724222
-21.4285019879
-21.5887614135
-22.9409205044
-16.5032260133
-14.7688477136
-15.2069694692
-16.2377425762
-16.1404064997
-16.0931398540
-17.3260742588
-20.2441108548
-22.0943025294
-19.0727561635
-20.2771694101
-21.5297062708
-18.6071659324
-18.7093774159
-15.6117323096
-14.5823456833
-14.7834247585
-15.5293072835
-15.8562227512
-15.4344606937
-18.1044896631
-20.5457624200
-23.1970919240
-26.9939525038
-21.9608112600
-22.7303314547
-22.3901426738
-20.4678490363
-18.1111438513
-17.9480168949
-15.1180171285
-16.4226302430
-17.6090695664
-18.0190146024
-16.6914485457
-18.0201784379
-19.0356869798
-19.7250917667
-19.9970623569
-16.8634252971
-16.8547580432
-20.2553284386
-21.7253389566
-20.0320472555
-21.1064322173
-19.2337832928
-20.9156943358
-23.4090933679
-20.1225401354
-21.6158713389
-22.3909220164
-23.4592702334
-22.1771443969
-24.6183391151
-19.2945123322
-19.5813201849
-21.6179180766
-19.2195674375
-19.2414938520
-20.9363507645
-19.2922688227
-21.5280388338
-23.1696376395
-21.9927085773
-22.6757607639
-20.4642785649
-18.4458125654
-20.5093029789
-25.0245012746
-17.3327853802
-18.4825606849
-20.5115283778
-17.2315642646
-18.3111781643
-21.3074672249
-18.4736953615
-18.8579143720
-22.2674391921
-21.3169513634
-20.9186563565
-22.6056239590
-25.0062929214
-25.9731377154
-27.6108421617
-23.0485122308
-22.0229539856
-20.6125656630
-18.8757071715
-19.1800514880
-21.9674783812
-18.4919386745
-20.5766253467
-21.0547005463
-21.3884474771
-19.3636134784
-16.9540321109
-16.8941898533
-20.2603048285
-25.3275703519
-21.6898543532
-21.7315361541
-19.3688177140
-20.6858547754
-23.2945613264
-20.0640468404
-21.5494370548
-23.8159947536
-22.1186536945
-20.1598022157
-19.9918995413
-18.1244379549
-19.2095939456
-21.4068642636
-25.4929796089
-22.8188047697
-22.2531845127
-19.6431250321
-21.6951751010
-23.2917339486
-22.1081843772
-22.7674032287
-23.8527920720
-22.7109916337
-23.6012138424
-22.2465898872
-16.6611875773
-18.2293861852
-20.3780086272
-23.7870503778
-23.1250598546
-23.6734375088
-18.9443836749
-18.9357099529
-22.3333077399
-21.3626852130
-20.9447357979
-22.5089623876
-20.3909868540
-18.4144162554
-20.4898764164
-21.1167189892
-21.4886639914
-20.4585370764
-23.3943713190
-22.3836982208
-23.4978061781
-18.7737533054
-20.7071196482
-21.3354950205
-21.5073565229
-19.3805220709
-20.7544367868
-23.2169638229
-25.2508259957
-26.0600393927
