-30.2678672153
-30.0193468503
-31.0242561948
-30.5407193049
-31.4920534965
-28.7341790089
-29.5835943956
-33.1712089472
-37.3290634042
-38.8959131980
-40.1431530777
-38.4937889717
-42.0057753758
-42.9972478541
-42.0400172178
-32.8066691254
-32.0319255660
-31.7175418746
-26.8639385197
-25.7078912895
-26.9404640970
-29.8950898994
-33.6794736846
-34.4702972757
-26.3080057190
-27.2148813779
-29.6426301207
-32.4800257299
-33.0710688758
-22.5919738236
-23.7843472831
-27.6440910124
-30.5466472230
-29.8803044437
-30.4361426691
-31.3970554938
-34.8792607669
-38.9210670606
-42.7791685462
-37.5390840374
-39.2522103746
-40.9511816162
-43.0018411075
-24.4722372660
-25.1766863373
-26.1756550154
-28.9185254700
-29.5250105144
-26.3136501214
-27.6096291386
-23.7504796248
-25.4441284237
-29.5535017575
-32.9163218530
-26.8896956014
-27.2935106533
-29.3288199014
-22.7540728582
-24.2402047357
-26.0109681317
-26.4892840265
-29.7978224791
-31.1908357422
-29.4181372683
-29.3606472972
-27.8823569879
-29.0468539027
-31.6882466921
-33.9347595283
-27.1039599486
-28.5076782621
-24.8638884487
-26.4368688174
-30.7805607558
-30.6494321578
-28.6770955556
-31.7094105716
-34.9636405816
-31.2056548574
-30.2201112354
-26.1295923449
-27.7233041431
-31.6863462378
-33.3582623661
-28.5609530654
-23.2449398276
-23.5688453000
-25.3982897255
-28.7909971052
-27.3729555126
-29.7261231316
-29.7831846072
-32.5886984346
-29.6036553066
-29.3183466999
-26.4676087739
-29.0549722429
-33.7844322254
-35.7645554292
-20.0915075623
-20.7001897161
-23.3840832544
-26.6398055415
-28.8008657398
-30.1780475489
-31.2675671396
-29.0163922906
-30.8352518312
-30.6412788597
-30.7785192057
-27.6404597024
-29.3464612132
-33.3943787179
-25.9275035582
-25.8712188541
-26.3710391269
-26.5816372080
-28.8254809913
-32.5248701818
-35.9271760925
-30.9599734691
-28.8941081420
-31.5227337319
-30.4368636692
-28.4663458868
-28.1304602456
-27.4822818766
-30.3346017104
-34.7278148277
-32.2667071258
-33.5673553983
-33.2621869126
-36.2381118428
-35.4088829439
-36.0657310460
-29.0441676127
-25.3025796789
-27.4026908530
-25.9793025542
-26.8348206966
-23.7900913748
-25.2553389331
-29.9091788753
-31.5383491873
-24.1459239149
-25.3634420516
-28.4405539852
-32.0051923650
-28.7082614130
-27.7453975578
-31.0102617171
-35.0485964708
-36.0123896128
-35.0014593180
-31.6785204693
-33.5433635276
-38.4951173591
-43.0538886233
-44.2444747216
-39.1772331749
-41.8210368587
-44.0628107338
-47.1707214622
-35.6231594716
-33.4592892551
-34.1528402571
-34.2934206198
-32.7101318868
-27.8488543891
-28.4433127442
-25.5315427646
-27.2034514763
-31.5099640924
-31.9339124794
-25.9353746533
-26.8728439805
-29.7239857820
-32.0232557255
-25.3040788013
-27.0895524981
-27.9279859457
-27.0047505455
-26.7777203249
-29.8988998149
-34.1450221914
-30.2547126882
-31.5154269849
-32.3205494156
-35.1891261204
-33.9119343929
-34.5216635184
-36.9008311515
-30.6785628697
-28.2099415302
-30.8504514774
-30.8538511490
-24.2870532275
-25.4311993950
-30.1831559733
-31.6846127895
-24.1495138019
-25.3748952549
-28.4231185012
-32.0063807949
-28.7104647984
-27.7380080608
-31.1207442616
-28.5073416716
-25.2636048691
-27.3987876758
-29.5918396323
-31.9367657379
-36.7225164205
-41.3466464009
-41.7616037513
-36.3620507160
-38.8460147696
-40.8707982307
-44.3952291586
-34.5365904067
-32.9112561461
-34.1264682564
-37.2047715698
-38.5411864903
-36.8462581037
-33.0570497956
-26.0385984751
-27.3766295440
-32.3029276796
-32.1392596827
-25.9254801318
-26.8707079134
-29.6822716345
-31.7346433509
-25.2631789425
-27.0696754243
-30.5428152506
-32.7210387662
-33.7044074159
-32.5146766189
