-26.5894836865
-27.5677907134
-29.4219795995
-26.1762634723
-26.0488567835
-23.5580044387
-23.7190781488
-27.6827344047
-31.3294198625
-30.4736468217
-32.4434083751
-31.1735763257
-33.4022019057
-36.7367970034
-32.5918209853
-26.6610341719
-23.3721471709
-25.0910818490
-24.5802718207
-24.2684073099
-22.3818379042
-26.2252324712
-30.5333259332
-32.7679351438
-31.6920191183
-33.2435374751
-31.1280781044
-32.9200541495
-36.4983395101
-29.3849777446
-28.2315456677
-25.4247950818
-25.1548311572
-23.2705350999
-24.9643030299
-27.2380984892
-31.5512134800
-33.0059693380
-33.7714384766
-31.1952282735
-33.5163623613
-29.7812893336
-30.7549538606
-27.2050179338
-26.7630928641
-28.8402548063
-26.5517180296
-24.5615637562
-26.4209493010
-30.7717705175
-29.0305304694
-32.0372592580
-32.3845720428
-33.2488362157
-30.6384165344
-33.3073955040
-29.0038438739
-27.7902886211
-24.2293664733
-25.8997424720
-26.3361228456
-25.9255578157
-25.0393191208
-26.1119976310
-30.7871010030
-30.9153012672
-34.0168919254
-33.3700185038
-35.7094656323
-31.7152064428
-33.8169936499
-27.2463048657
-26.8878029278
-24.6293651160
-27.7484773699
-25.2038377111
-23.4330613362
-26.8519208750
-27.2904360148
-31.3402982546
-31.0424567851
-33.8768747113
-35.3648365737
-35.4181191287
-30.7367480967
-25.1548648129
-24.8944872913
-23.3394588698
-23.0635760764
-23.6457734994
-21.7071759242
-25.5889796547
-29.8068444579
-27.1568425024
-30.8225648902
-30.7349149672
-33.2434585040
-34.2116532905
-35.6134293814
-22.6851141348
-22.7984616466
-23.5887197852
-21.9347382996
-22.5858711695
-23.4283878795
-26.9513140143
-31.9675367463
-32.8845216546
-28.1309912895
-31.4125633334
-31.5210146855
-33.3623260753
-35.7909662701
-24.3024329066
-21.3332424437
-23.3606020498
-27.4952900033
-24.9649982217
-23.5184341186
-22.0637205184
-23.6238962865
-24.3056512596
-22.3446366736
-24.2308876092
-23.0843593633
-20.7035724939
-20.8876730259
-25.1258375908
-30.6607054082
-30.2050875666
-33.1018761293
-29.0356777429
-30.9098238725
-35.1473526436
-33.9299268371
-26.7628844317
-25.0055822057
-23.5486717678
-24.5627314711
-23.7793139470
-21.5914062527
-25.3249993099
-30.1176693538
-34.1955641754
-30.6161846077
-33.6915405183
-29.2486876183
-30.9633420513
-35.0745399678
-24.4362672288
-24.9139358624
-25.5653172271
-23.0048950716
-25.5692359344
-24.5688535706
-26.8969219872
-30.5816075133
-32.3197780234
-35.0011615614
-31.4861631394
-34.8824312158
-28.0075059083
-29.5864036633
-24.9780515335
-25.9983873445
-23.8647411001
-22.8679653934
-22.3709439621
-24.0445163989
-28.2063232386
-30.9964031868
-32.8336030072
-32.6306870439
-35.6424371600
-33.0035096227
-35.0595460808
-29.0105122845
-22.5985697618
-24.1921121678
-25.5038476884
-22.1788428938
-23.2787168853
-22.4182326081
-25.6773662337
-30.5393276280
-31.4256580821
-33.5896009611
-33.5266672638
-36.6642082953
-33.3948926760
-35.8974304033
-28.0113404713
-24.0619738936
-24.6357707292
-23.1142979633
-22.0721715783
-21.2774574271
-25.2997276928
-29.1401158741
-32.9555749897
-31.8283674869
-34.1001583899
-35.5493771716
-37.0831323162
-33.1749050111
-21.9456205862
-22.6550499722
-21.4705087231
-21.1695821397
-20.2338163087
-21.7595807774
-26.3754419974
-31.3262274084
-30.1849023838
-33.2505735439
-31.6135607441
-33.5173048209
-34.0664616201
-35.3836378400
-20.4483888068
-20.7138398576
-23.7872122149
-21.8227539978
-22.3206958905
-22.3596137430
-25.7395426153
-31.1677869228
-32.5784103737
-29.6186958155
-32.4779673388
-30.7804727373
-33.6085562814
-36.3058812367
-22.6994995835
-21.4523223753
-22.4740331583
-23.9675985612
-22.7512921034
-21.9683366983
-23.1208162060
