-22.0157224220
-22.8039675054
-22.7861928289
-23.2688301054
-23.1143730218
-20.8058331460
-22.3053498378
-26.4030296017
-28.9790175816
-32.2922382706
-36.9121732063
-31.8414194632
-32.4453942448
-35.8772814497
-31.9019763183
-26.4766734639
-27.1295811104
-25.0321975989
-23.7159206532
-23.2827106851
-22.8750959743
-24.8013379357
-28.8747632914
-30.8264357135
-31.2163572077
-33.4159594648
-30.5140456642
-31.5696639239
-34.8112057069
-21.5786001746
-20.8030847480
-23.0390061198
-22.8614691578
-23.1021340323
-23.6198740095
-25.8975326104
-28.0006743828
-30.3738342461
-29.6372511160
-29.4082906468
-33.1162460295
-30.5437305194
-31.8159549948
-24.2206047038
-23.2763788595
-20.2081304164
-21.4212639513
-21.3439525563
-21.9114344529
-25.5787873811
-28.9566626893
-30.4029598419
-33.0918884011
-30.6610381268
-31.0026935804
-34.3987985942
-31.1294257629
-20.9962641963
-22.0000152069
-22.4137831132
-19.9192085186
-20.4444519765
-19.5523525214
-21.6313830684
-26.7005785837
-30.7451175933
-29.6038585660
-30.7870207456
-30.1663095404
-29.7084792343
-32.4219519055
-24.5555982872
-22.6491026386
-23.2628478462
-20.1322702453
-17.9755915879
-19.8242286011
-24.2407614092
-27.8636385685
-31.4991219342
-31.5604607151
-28.9190627367
-31.1485467963
-29.2420334474
-30.2911827059
-21.3185281572
-21.3310235163
-21.0816486585
-22.4103705825
-19.7902936074
-18.8174132412
-21.9300868390
-26.7671746861
-30.9063310718
-35.1348572990
-29.6506293662
-27.8132390427
-29.5938786003
-28.1606994494
-19.4456449299
-19.6341768495
-22.1105055691
-22.2881033874
-22.4501868805
-19.1787827893
-21.3292253304
-26.3530961547
-30.0668011917
-30.5366983332
-32.8329078079
-31.1020698711
-29.1536688975
-31.0743514936
-26.7695023482
-23.8545164545
-24.2677768462
-25.6195047178
-23.5011410321
-24.6415704720
-21.7101211053
-22.5482750882
-26.5216447844
-29.4072342664
-28.7773172261
-27.2656990644
-27.4811609013
-25.6631141435
-28.0236869303
-30.4855440668
-29.0071075259
-31.6909989721
-30.4251011453
-31.4860064942
-33.4160112528
-32.7601119614
-34.4600881646
-35.6583994066
-31.7524659169
-28.8779803451
-28.7440606072
-30.7512047383
-30.7631408128
-33.2394012676
-31.2178783447
-28.7737532284
-30.9143937528
-31.8126874625
-30.7000634194
-31.4238068244
-30.9130499820
-30.5031569074
-32.8754854384
-30.7842153824
-29.7097052074
-28.3494656233
-30.0405664056
-32.5447744436
-34.1425301795
-34.2797666229
-30.7077338395
-32.7231243452
-36.1506319260
-33.3357961243
-33.3472040171
-35.6036125401
-29.1181182651
-29.8853740402
-29.1376496901
-25.0950005604
-27.3223954463
-28.9151349624
-29.0526381148
-32.2230025448
-30.9797716415
-28.6789002099
-31.0037266504
-32.0606394858
-30.4292891312
-30.2193668510
-29.0759406616
-27.4202726356
-27.5387544441
-25.6693178000
-28.2083363180
-30.6462591367
-29.0428147956
-31.7066013206
-30.4637497126
-31.4981199340
-33.4503100076
-32.7297435679
-33.9892551137
-27.7135947474
-29.2900237395
-30.6099615373
-29.7586017179
-31.1111695169
-30.8635035809
-34.2177986677
-31.7117550730
-28.8323940887
-30.9091429126
-31.8689436898
-30.6774185232
-31.4273073845
-30.9200472186
-33.3927527197
-37.1014442225
-36.4482532916
-31.8914138132
-28.7880493417
-30.2019740817
-32.5686660250
-35.9741721345
-35.5664838193
-30.9111676524
-32.7901722379
-36.2523811785
-33.2852632638
-33.3028851682
-35.5910382296
-38.6072038746
-32.9403804306
-33.7959889921
-30.9903419325
-32.5751596595
-30.3305873095
-29.3991223914
-32.6977206819
-30.6289233365
-28.6422465976
-30.9947396357
-32.0966212042
-30.4373427502
-30.1966870007
-29.0489873820
-31.6322895073
-28.6524194508
-29.6984798494
-29.0990218347
