-26.4555212169
-27.6546393087
-26.1033187257
-25.9260018599
-23.0601583677
-21.7220869708
-23.6384888619
-28.2728636611
-30.3827863116
-31.3192858466
-35.3151943805
-31.7466247493
-33.1685835500
-36.9304074540
-30.8526044672
-28.3614366587
-29.6627725813
-28.1145034453
-25.0792985277
-24.5533819728
-25.5800120742
-27.8813666280
-32.0023585207
-32.5469467611
-30.4543898567
-33.8734479384
-31.6058566602
-31.6772789650
-35.2216515049
-27.2971769166
-24.5092262269
-26.7118337247
-23.5578827471
-24.2960531981
-25.8269828535
-27.9432827931
-29.5075672661
-33.5099878130
-32.3030390268
-30.2629620312
-34.0437895320
-33.3022391738
-32.9667912887
-29.4380790709
-28.5985698565
-25.1468940479
-25.7288648790
-23.6849321429
-23.3269531681
-27.3896362434
-29.5120038117
-30.2648495369
-33.4111203044
-29.8870570039
-29.6743345310
-33.1697745617
-31.0823106099
-25.8304976509
-27.3841368540
-25.1332866526
-21.2378120132
-22.8525831174
-23.1331380777
-26.4792768692
-31.0870461995
-31.0261294685
-30.5847766639
-32.6251513864
-30.8674080621
-29.4795265350
-33.3288687920
-28.2806117709
-28.0895114627
-29.7215493722
-26.2083989804
-21.1413226119
-23.6922543169
-27.8188031659
-30.4259568665
-33.5492111783
-30.4688322552
-29.8591017168
-33.7038753350
-31.0895447545
-29.7321106062
-24.6749254837
-23.5485940927
-23.8763846104
-26.6346789860
-22.6760170900
-23.1775061362
-27.4301321884
-30.0378917982
-31.5463290173
-34.4848717215
-30.2981307504
-30.3589141486
-33.2303508222
-30.0502356729
-23.2790987854
-23.7509068443
-23.3276600120
-23.9178320814
-26.0142033027
-21.1277320452
-24.3737283548
-29.6494616408
-30.7241828494
-30.7505755718
-34.1501539895
-31.4639130916
-29.9007110030
-33.0789710225
-27.8008679763
-26.6887849193
-26.4739393006
-24.7093459429
-24.3331586276
-26.3081274208
-23.6129557388
-25.6122058387
-25.0831693415
-25.3428102387
-23.3767054101
-25.6846327524
-28.3597446343
-24.0412229709
-27.0268673500
-27.4909686846
-28.6866198263
-32.5620972904
-29.6278226469
-31.1311061411
-34.2793782472
-34.9517265155
-29.3789876931
-25.3594715602
-27.4858019820
-28.0397126238
-30.8678831711
-29.1203656713
-27.6073933941
-30.4752754066
-28.0224752092
-28.0797567565
-31.2177967827
-29.4956221207
-30.3231680422
-32.4300508408
-30.4770166273
-25.9761191667
-23.8991796836
-24.9272027830
-23.6289335230
-25.2796771575
-27.9618510365
-28.6865706329
-31.5818602155
-28.2855053064
-28.6543988745
-31.5059534720
-29.7525003330
-30.3220262172
-25.5219757751
-25.3727397756
-27.0261229692
-24.6876914000
-26.1550568577
-25.4749007445
-29.4471528079
-29.2673400154
-27.8095805422
-29.9669782639
-28.1534355293
-28.2819529647
-30.8868074289
-28.5847229646
-27.8515380742
-25.1115751484
-25.5757619460
-29.0581051374
-29.2121815932
-30.2705275907
-28.1808160234
-32.0925393623
-30.3146587273
-26.0927846772
-28.3606883818
-29.2113090423
-27.7962786718
-30.7893173426
-30.3839229582
-31.8611813532
-31.6870569713
-34.1882963742
-30.9656179363
-32.2038957622
-32.8553119160
-27.9585964497
-31.1613916704
-29.7818550676
-27.0135305347
-29.9517215654
-28.4263899222
-28.9630903106
-32.9550286682
-29.6140715531
-31.4161169812
-28.6564158403
-29.9221583986
-34.4743066037
-37.5523121277
-33.4929899065
-29.1150138538
-31.9805628736
-28.7864777158
-28.0022071718
-30.2174495662
-28.6448836700
-29.1572510153
-29.1682821836
-23.9115921729
-24.3218801922
-23.6170699355
-25.8511799595
-26.7040506764
-30.3092939578
-32.1837054028
-27.6255732629
-30.9050934449
-29.6110707048
-26.6800386942
-29.3630060270
-23.9196898071
-24.7387226909
-26.5357001167
-23.9593196830
-25.6378891320
-25.8872173556
-29.8775068307
