-26.4463956802
-29.2846822807
-31.4454859577
-29.4697873643
-24.6174950549
-26.8873640597
-28.9856536463
-29.0778100422
-31.5509972912
-32.8139240092
-30.8940428716
-32.5411496024
-34.8848067889
-32.4552253527
-34.6394245420
-32.0444260902
-34.1899068362
-32.5699308207
-31.2673768314
-23.5670367645
-27.0595284612
-31.4978985542
-31.7696515427
-33.2664425790
-33.2194530001
-29.9651231239
-32.9466203373
-35.9491905179
-33.5509083772
-25.9770292578
-27.4935630315
-29.4444548925
-25.1187212612
-25.6299986331
-24.3370954633
-27.6263940262
-32.1587160063
-30.2081104236
-32.3172250972
-32.6059604541
-28.1276693827
-30.9152870197
-36.0551549409
-28.9822320568
-30.3420612264
-25.1265781024
-28.1087606491
-27.7348583327
-27.7810465719
-29.3067252035
-31.5677958389
-34.7159241982
-31.8537439546
-33.2750684052
-34.7053034204
-27.8081655568
-30.1520639111
-28.5014228319
-32.7615528246
-29.8271603937
-27.0122165297
-28.6222219399
-32.1435641677
-35.6346372739
-30.8166007420
-32.5693392088
-35.6029833672
-31.0616360721
-33.7246197758
-35.0448085091
-27.9858332455
-27.4059985314
-31.8335522867
-34.7229563727
-29.2412929417
-27.4374000096
-27.5584140279
-30.4914279557
-34.5540362544
-29.3555543939
-32.4879162300
-34.6403799488
-30.7937357629
-32.5488174331
-33.8310722727
-27.4807608722
-30.8452395669
-31.3371485409
-34.1848346419
-27.3760586362
-28.5077300499
-30.8589414684
-33.9120745017
-36.3284419801
-30.0404265945
-32.2164661863
-34.1779047362
-31.1923607608
-31.8376470772
-28.4114232141
-25.0127309092
-27.8675663387
-29.6552782248
-28.2099480894
-26.7120835847
-29.8300033024
-33.7527563050
-37.8795134564
-35.6803012060
-30.2026886993
-32.2740390090
-32.6853289186
-30.0629277931
-27.3925542542
-28.4045761445
-25.1381775994
-25.9376440729
-26.3778512381
-24.0149234552
-24.1117546171
-28.4462631006
-31.6303049151
-35.7973162069
-34.4855591478
-26.8850998277
-28.1183509535
-32.2387058729
-30.2764283115
-33.3185082276
-33.4089233970
-31.8379202344
-33.9493715146
-34.1892660214
-31.7076965511
-32.8712495622
-31.4187877143
-34.5672410294
-38.4041416557
-36.4740414340
-29.1893217896
-30.7306247077
-32.8206040710
-32.4995454975
-35.0252796891
-34.3037151659
-29.3142040256
-32.3135782460
-35.1631284710
-35.8116938812
-38.1983413982
-36.1603452117
-34.9280109985
-34.8689131602
-34.3599830344
-28.1754551396
-30.3782953869
-33.6307882056
-30.9060281452
-34.0501161738
-33.8785719185
-29.7042407575
-31.9655689848
-35.9196752675
-38.1975038050
-33.2665060146
-35.3915594025
-36.3811704528
-34.5209362901
-36.1532198104
-31.0624814393
-32.8577289061
-34.7062238698
-32.0603326663
-33.9956723721
-35.7142374724
-29.7750597855
-31.9461087711
-35.5668178240
-38.6730102491
-37.0188134139
-33.0917421119
-30.2380270110
-33.6323624185
-34.9434165674
-31.2553760239
-32.2981882144
-34.3272351994
-30.4852113543
-33.4109299990
-35.8615160080
-31.0227104652
-31.4229057930
-34.9372802272
-38.5912325731
-35.7811054116
-34.6178658071
-31.8385817673
-33.8804801342
-35.9136101310
-29.6770363282
-32.3218493554
-34.4719180935
-30.4325178205
-32.4984800524
-34.4664368196
-30.3811344191
-30.2314867634
-33.9211495414
-34.2597678661
-33.6527961650
-36.0305759492
-32.7006386902
-34.9242010273
-35.4483166272
-29.5719910369
-30.7866142468
-32.9223533340
-30.0772433220
-31.9935980630
-33.6352610002
-32.2390424702
-32.6972960658
-34.7246898357
-31.0000590964
-33.6315817851
-36.2118477121
-34.7932601613
-38.2093893885
-35.1263674034
-27.8714267985
-30.5787128191
-31.9721894987
-30.2320770917
-33.2569933936
-30.4578114464
-28.6405869376
-31.4979801159
-32.6892074989
-29.4069986514
-32.6293626744
