-22.6690729237
-23.4608573884
-23.6164808957
-20.5985284612
-20.8949913177
-25.1780909691
-26.1433278976
-26.7341756832
-24.0385082203
-27.0116650306
-23.8402125758
-22.0677803394
-21.9342748348
-23.9870859666
-25.4823161315
-26.0730771841
-30.6408632768
-24.7790089062
-19.2098010797
-21.8049456610
-23.6167359299
-25.2265292179
-26.9252721251
-25.8525612747
-28.2036486273
-25.0935273236
-23.7204840666
-25.2344261875
-23.4952170074
-22.1701510414
-25.2136377091
-23.5337490653
-22.3694383455
-20.8067445480
-18.6543626694
-22.5183999105
-24.2957424933
-25.6419800153
-25.1923676778
-27.4169610776
-22.4004566399
-21.5071480977
-25.2108116298
-23.2030767975
-25.0633815749
-22.9814060992
-19.1235376109
-21.2820350776
-25.3635948113
-25.3571762614
-27.2899039387
-24.8726709253
-26.2429268777
-23.6458744742
-27.1457517745
-21.3255422410
-21.4027630191
-22.4242873850
-26.7382950563
-26.9990414859
-21.8113758653
-23.1536818570
-26.4158719126
-23.3539659979
-23.1074237092
-25.9967626345
-25.2921155352
-25.1097212974
-22.7805743457
-26.2090126078
-21.2805294765
-19.4545387532
-20.2501280943
-20.5852511816
-21.6966599971
-23.3239160655
-24.0525285944
-24.6406254267
-24.0482448048
-23.5264812640
-26.9460981311
-25.9767819977
-26.4110042748
-23.8310520771
-27.1723697567
-21.4510096576
-18.8452520257
-20.6834908601
-20.5376000521
-20.2686199639
-21.3454478021
-24.8511574914
-25.5726160983
-23.7218576169
-24.5116147365
-27.0687808747
-24.4513206796
-25.8022277615
-25.8696252122
-26.3701898659
-22.6195873567
-21.9633823148
-22.7558645741
-22.1228067278
-21.9211606713
-25.2303288180
-28.7084827895
-26.2469025525
-24.8821563573
-24.9261438088
-27.5256584085
-25.3820271309
-26.3720424172
-22.8080182776
-21.6882995608
-20.0058137599
-23.3016284623
-23.5753700085
-22.1592609839
-21.8773687103
-24.8521659760
-25.6503572923
-25.4789346671
-23.0725656806
-22.6386488599
-25.1770863819
-22.2266571426
-23.3397022461
-24.2778202446
-26.5587476303
-23.4641262252
-21.2026316284
-22.3933312364
-25.0429012367
-26.4732842389
-27.3854055434
-27.6331491821
-26.1290991046
-20.7787387582
-21.7689937122
-23.9413314054
-22.3747759351
-23.7915413094
-23.3013371824
-25.3773070726
-23.1267842456
-22.2066337747
-23.3780388267
-25.8489273763
-24.9796632917
-28.1527183168
-27.5980296527
-25.2980175511
-19.4318498261
-19.9618094744
-23.8233000933
-23.6100312646
-23.6791958166
-22.2901384677
-24.2398914558
-22.1563093256
-21.6582716263
-22.9287008919
-23.2609642227
-26.5741208307
-27.9169431428
-30.6278009260
-28.5615977625
-21.8549723599
-20.8997165605
-24.3001311374
-23.4970035377
-24.4510319814
-22.7544275848
-25.0833596431
-23.8241933679
-22.1233297404
-23.2954856527
-26.1597186589
-29.2717053497
-26.4696360899
-25.4016517675
-25.4667241355
-22.0417539743
-21.7112111514
-24.9459043676
-23.0036444992
-23.8804042958
-23.9055930624
-26.3309030726
-24.8188562768
-23.6391335665
-25.0712630305
-27.6057738645
-29.2938867907
-28.6147327500
-28.4537742975
-23.0969867512
-21.3964066014
-20.3212979790
-24.2459954224
-22.4331281138
-23.6706178912
-23.4742317620
-25.8159840472
-24.5677285748
-21.8831477415
-23.3549951942
-27.0010494218
-26.7035470814
-28.7793989055
-24.8607193099
-25.5978566423
-20.9341629031
-19.3339545034
-22.9106427118
-23.2185652285
-24.4138760606
-23.1271208338
-26.4057909846
-24.9980994947
-20.9951871196
-23.5434675238
-25.0939648943
-26.7665830530
-25.1830505395
-22.1130507269
-25.3104468695
-21.1500131658
-19.2708615433
-23.2840881119
-25.6288296155
-26.9697359679
-23.5827193802
-27.2802527889
-25.0187261356
-22.6956093586
-23.5241082870
-26.8635527358
-29.4879063761
