-31.1891903142
-31.6011702630
-34.5603369990
-33.9841259668
-35.3450980204
-35.0330692147
-36.7313946957
-31.6663604162
-31.8306757309
-32.2879299170
-34.0379069382
-34.0253740586
-35.7062304617
-33.8082785009
-32.1875166637
-30.8655205561
-28.5449027925
-30.1506269140
-33.1862274584
-33.7539796903
-35.8808765305
-34.7158128676
-30.0121437724
-30.8751691001
-31.1240597104
-32.5151879715
-33.3786275004
-34.2600992770
-32.6389892167
-30.4182035924
-30.7370639790
-31.1119605112
-33.8965058063
-35.5081420283
-35.6678926039
-33.4747258958
-33.5688552254
-31.1895799916
-31.7623604382
-31.4582531647
-34.0281108029
-33.9620040857
-35.9027317269
-34.1683079669
-32.3132079998
-31.8101876179
-30.9760121651
-33.3320845437
-35.5872774606
-36.2498813446
-32.1495593987
-32.6073922609
-31.4232566219
-32.1507361831
-31.1991845261
-32.6763418983
-34.4404234179
-34.3743658756
-31.0826756752
-30.3838608178
-30.6746494049
-30.2046797738
-32.8932005503
-35.6246366112
-36.2793784808
-32.8030598386
-32.3433161776
-30.8172519200
-31.8933039098
-31.1127786887
-33.1224237928
-32.0365692525
-34.9763663542
-32.4699137205
-31.8588769918
-31.8180807081
-28.8086617364
-30.8151766866
-34.5599253293
-37.2632648331
-33.4449025142
-32.5985062261
-30.1000798166
-31.1155154394
-32.1513161608
-31.8255142123
-33.7325983158
-35.8972867023
-29.8873780506
-29.4547287406
-33.2132260333
-33.9647589648
-34.9466672716
-35.6608863067
-37.2797798637
-34.3464830973
-33.5157060063
-30.3710586505
-31.0913416384
-32.3419011908
-35.3062229109
-32.3381158257
-33.6578489286
-30.9638300977
-29.8196893430
-31.1860496584
-31.6833013780
-34.1739653049
-36.4365813097
-37.4057637501
-33.8112146158
-32.5351375475
-30.4921697538
-31.4967631964
-35.4021400561
-36.0148752179
-33.3615454398
-34.2026947496
-30.7094621054
-32.3069823246
-34.0574202329
-29.0113977732
-28.9457363807
-29.0032988542
-27.6395767927
-28.7884622996
-31.6847034072
-30.3096344371
-30.8567057163
-32.1807045516
-30.0571746348
-30.3209517003
-31.4472051600
-30.1730556253
-31.7101743826
-32.8831493932
-27.8021094724
-27.9272053247
-28.5562796172
-26.1417989914
-27.5400270019
-29.7904045090
-28.0625866556
-28.8199531123
-29.8852976607
-29.0556557889
-29.8619912269
-30.5129193731
-28.8672702323
-30.0379163876
-33.3587983233
-30.1535746797
-28.6078818104
-28.2634015464
-27.6430799433
-28.6697332400
-31.1032803085
-29.7303667934
-30.9219191810
-31.6614138135
-30.1017588878
-30.8977712723
-31.8650016636
-29.2059882878
-30.8069262939
-33.4137133528
-29.0100242149
-28.6034103097
-29.5098030149
-29.1916145005
-28.6786374084
-31.4644114999
-29.9418063291
-30.3775030999
-31.1243924179
-29.3962768863
-30.7116072363
-31.5828479882
-29.1813639665
-30.9518694186
-31.9024579243
-28.9565642928
-29.2314333756
-29.9072460694
-28.9234384170
-28.8749626574
-31.9285166350
-31.5046873652
-32.0689338864
-32.2012573931
-30.7300252964
-30.4716143188
-30.9349970953
-28.7687522393
-30.9522228409
-30.4145865140
-26.7550288803
-27.7222257561
-29.5855207571
-29.6671081388
-29.1359472986
-31.1333224581
-29.8459163380
-30.7848082779
-30.3766525509
-28.5870570863
-29.4003030401
-29.8063745205
-27.2541474675
-27.6448341095
-30.6654267657
-30.4507559331
-28.8351800315
-29.8225154197
-28.7306693891
-28.8426044818
-31.0524716940
-30.2287253987
-31.7772365072
-31.6398537738
-28.4132847904
-27.5809670022
-28.8750791766
-28.4912473819
-28.4470087885
-29.4365255621
-27.8352754801
-28.3023167971
-30.3830814754
-29.6226209917
-28.9862129057
-31.7575393911
-30.8727184458
-31.6389864003
-32.9878580744
-29.2730232241
-29.0643579970
-30.4185958511
-27.4676350579
-28.9566665601
