-32.9927296080
-34.7492300086
-36.1207878588
-35.1742580274
-34.4468989386
-34.2026598082
-33.0934716847
-34.0830206636
-34.8049619246
-35.3492847152
-36.3286154581
-35.2113517907
-34.4509017976
-34.1996058804
-33.0826735448
-33.5183987438
-35.7166751813
-35.0933011119
-34.4089390963
-34.1869254133
-33.0685017143
-33.8721960831
-35.9763755357
-36.6047919983
-36.6904158907
-35.2878851066
-34.4484627981
-34.1951084896
-33.0706455483
-33.7778764499
-34.6668257470
-33.9489779671
-33.6968107892
-33.0108667565
-33.3232386511
-34.7125259143
-34.9216364599
-35.4283515350
-35.1159628332
-34.0302572377
-33.7208758436
-33.0233698658
-33.3261488799
-34.3649348297
-34.8270488510
-33.9634177763
-33.7195398311
-33.0287229780
-33.3194778795
-34.7056361293
-34.9074607466
-35.2461761448
-36.3614616849
-34.9884552051
-33.9033244008
-33.0609141478
-33.3320172372
-34.3494981897
-34.8143036549
-35.2297582092
-33.5045000737
-32.7454727878
-32.4463004837
-33.0989270684
-34.2924004897
-34.2476880880
-33.4482140759
-33.8999649486
-33.3095924208
-32.6622296270
-32.4089037837
-32.9740642702
-34.2497581307
-34.2323265338
-33.4513547409
-32.7366773721
-32.4011440364
-33.0622346239
-34.2678784470
-34.2414443010
-33.4606084399
-33.8076674597
-35.2205485277
-34.1355316528
-32.7139444451
-33.0594292564
-34.2692028082
-34.2345376863
-33.4533937134
-33.8058951719
-32.7575422089
-32.9516355708
-33.6734745862
-33.2564678011
-33.3653929526
-33.0528631194
-31.6220609939
-32.1699543114
-32.2507274056
-32.6576467901
-33.5798359045
-33.2252915868
-33.3639727920
-33.0533485891
-31.6236611019
-32.1827642363
-33.4327852034
-33.2000445751
-33.3540666218
-33.0399522154
-31.6058488954
-31.8362566933
-33.5609504871
-33.9942781101
-33.9228596993
-33.3153895775
-33.3774157705
-33.0500473953
-31.6043083383
-31.8401417453
-33.3373638759
-34.8810589648
-36.1702992865
-35.1792952602
-34.4415121674
-34.1956172618
-33.0881858910
-33.8512587483
-34.6145348413
-35.2999299310
-36.3045322816
-35.2092545619
-34.4425038200
-34.2007515888
-33.0831408902
-33.8616892246
-35.8502971341
-35.1083804459
-34.4005152271
-34.1855842224
-33.0660549471
-33.7654613726
-34.5831372546
-35.3067316840
-36.2992529615
-35.2047532875
-34.4352735588
-34.1897916261
-33.0772142765
-33.8729003377
-34.6602259491
-33.9320434911
-33.6885370917
-33.0083565546
-33.3095018017
-34.3413319430
-34.8183194596
-35.2045565102
-34.9597387059
-33.9941900792
-33.7031762673
-33.0111360303
-33.3166492097
-34.7123666803
-34.9146120379
-33.9836159030
-33.7157725866
-33.0192453155
-33.3184422109
-34.3332964493
-34.8083744524
-35.2232788080
-34.9059305466
-34.0383458093
-33.7192589059
-33.0132332592
-33.3140354410
-34.7106280519
-34.9168426091
-35.2470331605
-33.4861350800
-32.7230557403
-32.4306230496
-32.9817812960
-34.2532302096
-34.2341273026
-33.4495720963
-33.5673146699
-33.0970395628
-32.6146367695
-32.3948394035
-33.0693652023
-34.2676829645
-34.2388758430
-33.4558417751
-32.7341464569
-32.3923563880
-32.9529003819
-34.2315303637
-34.2333453728
-33.4538545860
-33.8065567051
-33.0834645364
-32.5945409143
-32.3787891287
-33.0536023259
-34.2628489814
-34.2403646166
-33.4605126404
-33.8114981390
-32.7521463754
-32.8145933092
-33.6169257863
-33.2392226241
-33.3569108267
-33.0567171012
-31.6176179753
-31.8347433226
-31.9484675098
-32.7199008316
-33.5926251171
-33.2309385698
-33.3594559823
-33.0437505301
-31.6102932086
-32.0518466566
-33.3809383384
-33.1860164437
-33.3522684421
-33.0448794089
-31.5981020938
-31.8310563420
-31.9615467106
-32.6347546295
-33.5729901350
-33.2253822077
-33.3610340822
-33.0488201280
-31.6008971046
-31.8306757338
