-31.0888236713
-29.3997334355
-30.7929434822
-32.0493299835
-32.0443044019
-27.8392692821
-28.5681483815
-30.5477683360
-33.2667688154
-31.6350327418
-31.8594595542
-35.3084482895
-36.7560526735
-37.8247537850
-38.2684030785
-35.0049378703
-35.1403398824
-35.8732164786
-34.5863594780
-35.6244993878
-34.3665867238
-37.5122757755
-41.2641670785
-43.2140197782
-42.2644750851
-44.2520713389
-48.4479462152
-46.4912947015
-44.4237191167
-35.3146972644
-36.2468312993
-31.4075041005
-33.6906666781
-32.1537888169
-29.5985158104
-30.2005940598
-31.4083015683
-33.5383094734
-32.5569642647
-32.9320640238
-32.4063780444
-36.0627179110
-36.1690176447
-29.0969000036
-30.7715595108
-28.1470014360
-27.3940598595
-31.4226999399
-30.0450534470
-28.8791066351
-29.3891618471
-31.5019234266
-32.1199004469
-33.0985684671
-33.4411171564
-30.9364858688
-34.6997755267
-29.7382430549
-29.1774776275
-31.8935395221
-32.4045578582
-34.0389011842
-31.6207172135
-33.5063189632
-32.6515751836
-35.0108618895
-36.4973556279
-38.1224618577
-39.0740262394
-36.8179144454
-35.5751963861
-33.6298729360
-33.5995239639
-32.4024994666
-30.7986448394
-31.5516575317
-35.3456598691
-36.7114503154
-37.0717982192
-32.8630146988
-33.1751807594
-34.9602435896
-37.4674106288
-36.0635348069
-35.5103415300
-34.6373415564
-33.4108393842
-36.7378080696
-32.7750734870
-33.5768298713
-35.3297274103
-36.1397522429
-36.3274114920
-35.8712448238
-31.5943193121
-33.1103388381
-36.0050726141
-34.6149607566
-36.1658226025
-29.4004428650
-32.7616991122
-32.5385267732
-35.2978521143
-35.6554309233
-33.2654716427
-34.5282364580
-34.9794189966
-36.2872573292
-36.9112255890
-35.8171751595
-36.3150456110
-36.3666490860
-37.4367677868
-31.5107654459
-31.2864137229
-30.8704658749
-31.4028371227
-32.7691675889
-35.6080905123
-35.5233780062
-26.6805811207
-23.4140477485
-24.8547862227
-27.1150066597
-28.8612918387
-28.2092451323
-24.8183306762
-27.7790567843
-31.5056621882
-32.5875514438
-32.5377901554
-34.8144499357
-39.4074091832
-36.4191251145
-36.5504634175
-24.8300609145
-22.5996481559
-25.4969786069
-29.0023628679
-28.5262115635
-25.0501897583
-28.1904813908
-30.4691934469
-31.7281056977
-31.3275595442
-32.4348213883
-35.1244423675
-38.3991277332
-36.9443592112
-26.2469090282
-23.8778216006
-24.5925665065
-27.0692844701
-29.3570341074
-28.2438856641
-30.1286176699
-32.4747114615
-34.0318845304
-34.4351272688
-34.2164963386
-35.7506955970
-38.1997434383
-41.0044991356
-27.5421643723
-25.0654231545
-24.6125846923
-24.6834593999
-26.1332909832
-26.9003151026
-30.4927018204
-31.3191719227
-32.2074558735
-32.9343606199
-34.3385123362
-33.4093117725
-33.8772048385
-36.7048867646
-33.8065256347
-25.3439158098
-23.4752104743
-26.4155133315
-29.0556091896
-28.0028907126
-31.7862092826
-37.1926943737
-42.0952921802
-45.9032293638
-44.1824692150
-44.6304630179
-44.9056957133
-46.5721078474
-31.2165785716
-28.6646429357
-26.2743982738
-25.3195439348
-27.8850315946
-28.4267096859
-31.3126381419
-35.7519487475
-34.0616108056
-35.6234274683
-35.8315761306
-36.1102628771
-36.0548817975
-34.9877690754
-30.7815459476
-30.5363811602
-28.4871060042
-24.3902913011
-25.8270760617
-28.3224476132
-32.7197131039
-33.9696421399
-37.6552523901
-32.6304203521
-33.4208167535
-35.3382263631
-33.9596867769
-34.8959065662
-32.4128898097
-28.4475551065
-29.3206886070
-27.7424588466
-28.7615931828
-32.4907228945
-36.2640712882
-37.3250282183
-36.0638713990
-39.5521088870
-38.2683098669
-36.2037876241
-36.3795781128
-35.6482550332
-27.6002602189
-25.4759700716
-26.1987594961
-26.2618019546
-26.9235218517
-29.1667480982
-30.4991786456
