-17.7198809782
-14.7774463560
-15.5957571134
-16.6589362993
-14.9833775389
-16.1706092041
-16.0936822817
-14.6999964185
-16.3024097602
-17.8034374814
-16.2837120502
-16.6480617733
-16.7333012310
-15.7646903022
-15.8533604187
-15.8168220065
-16.0263016441
-18.5339687184
-18.5013982217
-17.0368273919
-17.1537350247
-17.9442405853
-17.1060269223
-18.6100010733
-19.1479340920
-18.1746446079
-17.7892306904
-18.7339719638
-17.3731972054
-16.4576371574
-18.8805152579
-22.1748827540
-23.8131893845
-24.5917625678
-22.7713426527
-22.8824323934
-23.8261417197
-23.5043775014
-24.4125918435
-25.0208479652
-22.9955947625
-23.6906063134
-24.5840144698
-21.7638787963
-22.1416882698
-22.7581689455
-23.5982945511
-24.1970846753
-21.5771632122
-20.7835326178
-22.7289514264
-24.6808805826
-24.0193302262
-25.0959883316
-25.3817384439
-23.4217207602
-23.5209326692
-24.4646212621
-22.2684256752
-22.4787454523
-19.9095599637
-18.3695187044
-18.9734471480
-18.4017836808
-17.1856116271
-18.5001282335
-20.1922885641
-20.2456578852
-20.3276893487
-20.8051237268
-17.9800630874
-17.0537800008
-18.7126889638
-16.5471565200
-16.7631712260
-17.5946310435
-15.8488436057
-17.2903229552
-18.2682535638
-17.7966046551
-19.1170970448
-21.1309827518
-18.7719292393
-19.9971387334
-20.6146887852
-16.8336653369
-16.6566112223
-18.3967775144
-16.9014550706
-17.5453163605
-16.1286827246
-15.6839521187
-17.4160376604
-18.7070419805
-18.2328764016
-19.6738675769
-20.4886452678
-18.9721383222
-19.0545879398
-18.9867075960
-16.6873926053
-16.3607049957
-18.0925445250
-17.9927785166
-18.1614838435
-15.8811629574
-15.2966649004
-16.4063132768
-16.7034946724
-16.8797953450
-17.6746792062
-19.1812981672
-16.9763857360
-16.8277309586
-16.5540980958
-14.7583835694
-14.3066220420
-16.5241452449
-16.5340540121
-15.4441364326
-16.8568423261
-18.1197800356
-19.0966840046
-19.9448400352
-18.5243344094
-19.7298377210
-21.4604238891
-17.7594629607
-18.6521968225
-18.3231647411
-16.5753474381
-18.3426663915
-19.8888116310
-18.6621107677
-17.2752138400
-18.4596141504
-19.6053256997
-21.5117296406
-21.4481305020
-20.3364070963
-21.0776962855
-21.6658346023
-19.3911778106
-20.2615204495
-20.0547413556
-19.2951078515
-20.3399866271
-21.0012367229
-18.3073850266
-17.9237252754
-19.3664421490
-20.3566621944
-21.4566113367
-21.9060217856
-20.8881675563
-20.9628392946
-21.9491871721
-19.4373336978
-20.8217966991
-22.5420662521
-20.5133550398
-21.2266552699
-20.7322436940
-19.6462838227
-20.0502038292
-21.4129915460
-20.8560799382
-22.3788512892
-21.4810492425
-19.7331233798
-20.0651148763
-21.5414261536
-19.8009778314
-21.4627722687
-22.9155116599
-20.8484600042
-19.2602977181
-19.7967121680
-19.7982009435
-20.1733034559
-20.3930996203
-19.2904797048
-19.9881426548
-18.3563838238
-17.2470462286
-17.4962256432
-19.0873836935
-19.9437823575
-20.7271248963
-21.1376317469
-17.7301962496
-17.8127067196
-18.8760696529
-18.9180880447
-18.4586898162
-19.4296593918
-18.6895223427
-17.8587577466
-17.8000780291
-15.7284315227
-17.0119402603
-19.7455682386
-18.3309736866
-19.7641999245
-19.1697867078
-17.3798656194
-17.5545415844
-19.4496775779
-17.8816071989
-18.9527311772
-20.1244159924
-18.3742335812
-17.2565200124
-17.4846481564
-19.0839970555
-23.6984514804
-23.1561661626
-21.6366455675
-17.8553698131
-17.8590723332
-18.8980905675
-18.9444471184
-18.4928992624
-22.4379310115
-21.1221873309
-18.5889808707
-17.9619194589
-15.7627018176
-17.0202942270
-19.7507815378
-24.7449729310
-23.4058530012
-19.8236240268
-17.8009596397
-17.6496613245
-19.4996667361
-17.8940546475
-18.9674713377
-23.4837508394
-21.4678146846
