-34.6794466602
-32.0668470234
-31.2461093806
-31.7438879906
-27.9902620244
-28.0986033374
-31.3235605623
-32.4297038903
-33.8741211264
-33.3960396804
-29.0824135831
-29.7121817458
-32.4131849744
-30.5377702483
-31.6010187939
-30.8585712200
-32.7601766886
-31.7079023876
-32.6476150434
-28.3590351997
-29.6654083572
-32.6962914670
-34.0902548120
-35.1389740922
-34.0592689023
-29.0828874056
-30.7271578018
-32.0877144536
-31.8271052649
-31.6980065769
-35.9744038658
-38.6639403854
-38.8907970801
-39.2502024981
-36.0992265323
-36.5893087528
-39.1472078632
-41.8248287138
-43.7242275014
-39.1211659808
-37.3143932024
-39.0490329711
-40.8154948458
-38.8017347745
-41.1568925511
-41.5055632457
-42.5171406078
-40.5072514602
-40.9006487898
-36.8739816531
-37.9939625934
-40.3095643810
-42.8867071782
-42.0528414488
-39.0742540864
-37.6917894957
-39.8959870465
-39.9484358845
-40.0604576602
-42.8133520850
-35.0331883128
-30.7642684014
-30.5254056600
-33.0122273589
-28.5863787358
-28.9528423655
-30.9388575509
-30.1027790267
-32.6449598496
-30.8590942312
-27.1684329283
-29.1720144632
-31.9166271689
-33.4839394620
-32.2777052768
-32.3094808850
-32.5279538922
-33.8551748675
-35.3919620240
-30.8124580677
-31.9049810745
-32.2678224108
-32.8222520764
-33.6735522600
-31.9007503681
-27.6199586454
-30.3938614875
-31.1062565652
-33.6695027906
-33.1651114720
-34.8647886097
-32.2206761753
-32.4899720385
-32.9177005947
-31.6287993075
-31.3171148255
-32.2834273474
-33.4529833225
-33.6647490765
-29.7892924642
-28.3903861907
-29.6599853390
-31.3224096797
-30.0833537701
-31.2861496245
-33.9031418561
-33.0193760616
-32.8440451339
-32.6478713643
-29.9944338324
-31.6545240122
-32.3925609301
-33.6923483464
-34.1266236037
-34.3049294869
-26.6596088265
-29.3438720406
-30.8333604520
-31.0012837765
-33.1703467718
-33.9832598890
-33.6777661330
-34.0268123269
-33.8368823532
-30.7540463381
-29.2841139590
-28.7796008751
-29.8688253468
-32.9714530887
-30.5166672031
-27.2767703631
-29.9485045154
-33.2133943386
-31.9638122250
-33.5515038679
-35.6263506353
-35.0066169456
-33.3665477165
-33.3359812557
-30.1942182175
-28.9671578965
-30.2873170699
-32.2831761976
-33.3157404093
-31.4922515766
-27.5716977728
-30.2797450343
-31.7787007015
-31.7079748879
-31.7262156016
-33.9600181889
-33.8771413908
-35.0132568680
-33.5692487798
-30.6751167453
-30.0737621795
-32.5639394925
-33.7288660237
-32.8870732850
-30.0298472394
-29.2662279670
-31.2273327059
-32.8328573222
-33.5515362482
-35.7341171261
-36.1493826637
-35.2678876151
-35.3253309891
-32.9358662205
-28.8209007532
-30.3282777691
-32.3756083284
-33.5888721111
-32.7785662815
-32.2149709432
-30.7270309324
-31.3725943018
-31.4047621644
-32.7514887163
-34.3213422436
-34.6867002207
-35.3601514552
-35.1373377261
-32.4916200472
-29.5208302958
-29.9385918792
-32.3529142383
-30.8364881707
-31.6626203678
-31.7689511763
-30.0659881872
-32.3607555273
-34.6779760083
-36.3059873801
-36.9465574037
-36.6064309378
-31.6180309341
-31.0402119598
-33.6394153279
-29.4918975930
-29.3087564094
-31.4577651017
-32.7519418294
-32.6961128153
-32.5765021521
-31.3045482690
-32.6611227460
-32.5405269096
-34.6455220295
-34.1087479674
-34.5103737677
-32.4194015788
-29.5494212258
-29.9740570602
-32.3843105332
-37.0244707418
-33.8428853645
-32.3033820932
-30.1881362501
-32.4067262684
-34.7236256892
-36.3756309082
-36.9681497969
-36.0055153625
-35.4236301712
-33.1461923904
-34.4593645016
-29.5501410131
-29.3298542764
-31.4155137038
-36.3727491589
-34.3810135811
-33.0440197987
-30.6661284305
-32.4157754359
-32.4712432670
-34.5909927855
-34.1067064057
-34.6978919184
-36.4834440091
