-21.0314213000
-21.8372287672
-22.4085529865
-22.4252919870
-21.9104246758
-20.9764699952
-20.0335541575
-21.5347059568
-22.0130063956
-22.0787221842
-22.4669802529
-22.4327306797
-21.9012913698
-20.9622269566
-20.0300510069
-20.8392995105
-22.1420831200
-22.3543862038
-21.8762890252
-20.9352309483
-20.0170792516
-21.4150149823
-23.9186903914
-23.6483005317
-22.8113790288
-22.5048792656
-21.9150955431
-20.9500733803
-20.0195376711
-21.4435981531
-21.2026627010
-20.9316643629
-21.1700714937
-20.5673897808
-19.5075921989
-20.4764593272
-21.3811693237
-22.5949798756
-21.4185971048
-20.9664990914
-21.1771684158
-20.5691193482
-19.5045149670
-20.4613955209
-21.3723544857
-21.3222630588
-21.2375440370
-20.5678014593
-19.4949000740
-20.4708084581
-21.3674376469
-22.3774505499
-24.0324560359
-22.8179969526
-21.5106784416
-20.6252176574
-19.5094240386
-20.4562081134
-21.3676577267
-22.3795257717
-22.2292010068
-20.2892880380
-18.8229644270
-19.8785856940
-21.7065558187
-21.8181944664
-20.9298856008
-21.8685642268
-22.0735541962
-20.2519223924
-18.8109001763
-19.9022326084
-21.7099191539
-21.8134756994
-20.9352620177
-19.7905098096
-18.6968082762
-19.8163238575
-21.6749057734
-21.7835746403
-20.9088887054
-21.6074733619
-23.1835324351
-20.9106519287
-18.9093728908
-19.9165533227
-21.7088317014
-21.8054402024
-20.9164374381
-21.6104560888
-19.4146473649
-19.3062425883
-20.7030960865
-20.8339955932
-20.3873154109
-19.9364446464
-19.6274165249
-20.6766671052
-19.1798961336
-19.2644209751
-20.6826053742
-20.8360151478
-20.3917467799
-19.9381858650
-19.6130142516
-20.0875163997
-20.9167002398
-20.8666178737
-20.3918827115
-19.9263274540
-19.6063652559
-20.2007266814
-21.5700391063
-21.5482576920
-21.2584438379
-20.9475774179
-20.4108535796
-19.9359889519
-19.6087447057
-20.2029041757
-20.9887206652
-21.8061586966
-22.3952485237
-22.4198702598
-21.9294421482
-20.9878053929
-20.0369200820
-21.4451762538
-21.9198958679
-22.0591881720
-22.4637942761
-22.4351502613
-21.9227827964
-20.9734160661
-20.0392555157
-20.8593164039
-22.1478725098
-22.3436709134
-21.8828927097
-20.9483166267
-20.0251173383
-21.4439554586
-21.9210221585
-22.0644053547
-22.4597461050
-22.4255651448
-21.9081177231
-20.9560323612
-20.0264404055
-21.4239670463
-21.1942880224
-20.9205257422
-21.1729208781
-20.5695051349
-19.5086796514
-20.4568605850
-21.3762835551
-22.3840141025
-21.2887578678
-20.9483981855
-21.1789199910
-20.5706624951
-19.5084725176
-20.4890802496
-21.3838763036
-21.3260937395
-21.2379738396
-20.5689898896
-19.5014364406
-20.4552773057
-21.3647772721
-22.3753442582
-21.2676858872
-20.9526107694
-21.1686526271
-20.5644368294
-19.5022559138
-20.4798123059
-21.3773774805
-22.3834172980
-22.1794021576
-20.2679623172
-18.8128757151
-19.8993055486
-21.7228235898
-21.8188702404
-20.9400791734
-21.6347697139
-21.8782878664
-20.2222828382
-18.8077879905
-19.8653783239
-21.7020907907
-21.8091932080
-20.9227666706
-19.7852926266
-18.6935510968
-19.8379175581
-21.6867538270
-21.7938445932
-20.9130352653
-21.6052997517
-21.8451788228
-20.2204393472
-18.7865632464
-19.8546656218
-21.6768230557
-21.7877406188
-20.9116578255
-21.6016671425
-19.4112141219
-19.3289211527
-20.7079210098
-20.8449892201
-20.3968409771
-19.9434444748
-19.6147425244
-20.2024057600
-18.8828468135
-19.1679393352
-20.6470133124
-20.8216711314
-20.3862538500
-19.9358569042
-19.6114918180
-20.1225336659
-20.9231718768
-20.8746378359
-20.3975050999
-19.9334891057
-19.6178145778
-20.1908023825
-18.8706129722
-19.1719603207
-20.6380949072
-20.8088366027
-20.3826367758
-19.9308610954
-19.6186871290
-20.1972300037
