-30.0213379264
-24.4173390841
-26.4238996542
-21.8826156619
-24.9921210815
-23.0064304419
-26.1244126931
-27.9061501784
-31.6502712961
-26.8811616877
-29.4370200804
-23.6895796991
-24.8731900551
-26.7146300286
-28.2650275418
-27.3657524370
-24.6652419808
-25.8340551737
-21.9026455021
-24.9880431359
-24.0188369845
-27.3650947699
-28.8046006229
-32.4083380337
-27.3171290768
-29.0251035587
-25.2795878251
-27.7818634440
-28.4426563939
-28.4439600417
-32.4598379552
-32.1569903268
-35.0431397857
-32.1288033066
-34.9675799969
-33.5746834457
-36.4919429549
-36.2400166007
-39.1186065769
-34.6726643230
-37.7555439342
-33.8396372443
-35.2179360492
-32.6159481827
-34.6949480272
-38.4095167779
-32.1085469208
-34.4373901942
-32.5372710181
-35.6289359114
-34.1351238492
-37.2606678799
-36.1795853410
-39.2932668674
-35.8843719114
-38.3637104521
-34.0410903198
-36.0844242274
-32.5233710517
-34.6815050436
-34.6552754485
-26.2687849428
-28.5037724950
-25.7024527300
-28.8946170560
-27.8596719556
-31.0254730997
-29.3086269496
-33.3476092151
-29.1147225673
-31.5978884770
-23.6515991338
-25.6658858467
-24.9663031669
-27.4252969184
-29.6013871993
-24.9960385088
-25.8892304328
-25.3468493477
-29.0597647940
-27.0714050003
-29.6678693568
-29.9831579963
-32.7990556813
-28.0251109823
-29.7374688884
-23.4217595923
-26.1515226245
-24.1345225007
-26.6935955870
-28.8658060562
-26.7016712269
-29.1681863776
-25.6395746814
-27.8551020629
-26.0670055847
-29.6900248947
-30.5082938234
-33.6303700478
-24.0551954376
-27.3267323058
-22.0325572315
-24.6722573326
-24.0251118479
-26.6815442927
-30.2281739118
-29.4314922143
-28.2956367380
-25.0273856227
-28.2706706298
-28.0946988665
-31.4167293076
-30.5143240000
-31.9466317796
-25.2596162439
-27.8574400788
-23.6760849340
-25.9900527881
-24.2110428981
-25.9297703921
-29.6571035844
-29.0118884248
-30.9560120934
-24.8316208877
-27.6553124760
-27.5432233429
-30.5676881075
-26.3995523720
-29.9383808295
-23.6489905324
-26.5060696112
-22.6728013307
-24.3134213581
-23.7184217843
-26.9299313273
-30.8754759086
-29.6657941395
-29.4819344622
-26.8458751596
-29.7744344812
-28.2193195946
-29.5730745926
-27.7150084391
-29.4903842199
-25.5828899307
-28.0524137897
-24.2231938791
-26.4358538585
-27.0754479894
-29.4883685465
-33.4451834428
-29.1733478857
-31.1300380898
-26.0783785055
-28.7039232397
-24.5924512777
-27.8761468339
-26.8127208056
-30.0906798055
-25.4259640805
-28.3912289405
-23.2807273623
-24.4667870964
-25.7364343121
-29.2159760046
-30.7463772237
-29.6386479694
-30.0209974493
-26.1932665603
-27.5612905815
-25.4463046225
-27.6319490857
-27.6579366182
-30.5345298910
-25.4377616454
-27.4543280042
-23.7970109313
-26.1432062001
-28.5022151079
-31.7825093572
-34.0372725826
-28.7416176960
-30.2458436946
-21.4779745830
-23.8482480529
-21.6851252268
-25.0143297001
-25.0114725675
-28.3441280280
-23.2101568782
-26.2786082424
-22.9126985117
-25.2404848436
-25.7783543006
-27.8138474851
-30.1212825406
-28.2387332014
-26.4129850070
-22.2372662682
-25.2424085860
-23.4887298227
-26.1345557684
-26.4409493489
-29.8335646863
-25.0985373493
-27.1536241378
-25.0769812002
-27.4184666627
-27.5129973454
-30.0719018388
-32.7531250596
-21.5629693486
-23.8237505986
-21.5779865608
-24.8887431938
-30.9688854408
-33.2309877494
-23.4446867004
-26.2986393728
-22.8489634427
-25.1869627696
-25.6764069401
-27.7140193691
-32.2243450215
-35.5711598512
-28.4185719032
-22.3873114024
-25.2518279939
-23.4458608951
-26.1110629147
-32.1817039400
-36.7407597128
-25.5338276844
-27.2054917274
-25.0490569771
-27.3581687292
-27.4452840233
-30.0330215391
-35.3951699847
-34.0766020970
