-35.0330795605
-35.8866270855
-35.4889912181
-29.2420878053
-28.5866829676
-31.0046626414
-34.0446556134
-30.8309175628
-31.4456659018
-33.2193067139
-31.9431855952
-32.0684769054
-34.3749083151
-36.9703596589
-35.8021074733
-34.5190306499
-33.4389707256
-33.8576591729
-28.4358157879
-27.1491267694
-28.8106385692
-32.0242719733
-28.6628227373
-30.0332481059
-32.4106631196
-30.4012406325
-29.2316702871
-31.5558947002
-35.0705591120
-35.0854610795
-34.9341784017
-32.2891054003
-34.8795028600
-30.9066029251
-29.1220447479
-31.1018912131
-33.4092664602
-30.2993774294
-31.8121061857
-33.5454400511
-30.9424409607
-30.1160666614
-33.1641664084
-35.1814339050
-35.2168369481
-36.0754980626
-35.7015362895
-37.8277106024
-29.8210305149
-28.7797937657
-31.2285185427
-34.1013817711
-30.2281777912
-31.4827078803
-33.1224859343
-29.6630237281
-29.4019031593
-31.2103593838
-33.2254689295
-33.2807697591
-33.3668105168
-32.4012553660
-34.0141046825
-31.9228088084
-28.6569763950
-30.1628581678
-33.6742526236
-30.2208284252
-31.5904433128
-31.9859755397
-29.8656044205
-28.2578671916
-31.3150059286
-34.5956571814
-35.9525642138
-33.2159123114
-34.0046296076
-36.5599889628
-31.3913748439
-29.0009414135
-30.7569695235
-33.9980026226
-28.1645715432
-29.4545733760
-31.8859001709
-28.0461350629
-27.6588648368
-30.1709506220
-33.0973877896
-33.8175787869
-34.8468404731
-35.5530201289
-38.6174673438
-32.9058590013
-30.2540475100
-31.3801611491
-34.3217086094
-28.8307227649
-30.2270178387
-31.5081296698
-27.5385123486
-27.0219764118
-30.7058476103
-31.1853635282
-31.8791100718
-34.8647148100
-36.4219460113
-37.9627099962
-32.8603387760
-30.0987696980
-31.2747715040
-34.2513206827
-29.6475650692
-29.7426873669
-29.1723601271
-28.9276432497
-27.5924797600
-28.8756863346
-30.5982934330
-31.2156102334
-33.8594534722
-35.0803850264
-35.2461839114
-31.9603983960
-28.1786346415
-29.1503651047
-32.5814992358
-29.4224883580
-30.4040757664
-32.1385088059
-29.2680623884
-28.1321305253
-30.6327371726
-33.1199588948
-35.5048278682
-33.1552609625
-31.7324024268
-34.3065244018
-30.3050114529
-26.9949467491
-28.1644653923
-30.4886627154
-26.2725612463
-27.2980947748
-29.1123366324
-26.9131690396
-26.1008965536
-29.1414570503
-30.9819038080
-32.6728244992
-33.5004855640
-33.7379475409
-35.4489496845
-31.0754220947
-27.4941313539
-28.1718251178
-31.6596829455
-28.6319170881
-30.0372496733
-30.8801182993
-28.7289825598
-27.7236718134
-30.6913974468
-34.3854229347
-34.1005545339
-35.0440589438
-34.1060785149
-34.5124839327
-31.2413362200
-28.8531320585
-29.3322181773
-31.7922679430
-28.1445171151
-29.3456080800
-30.6780968669
-29.2269696408
-27.7992834006
-30.4250868853
-33.6358901488
-33.5622127001
-30.3119983483
-30.4918318643
-33.5374938731
-32.9860793159
-30.2402006179
-31.2681225135
-33.9343349012
-29.4224508136
-30.2120045302
-32.5141898461
-29.5987565973
-30.2905949602
-33.7495172462
-36.5627529046
-37.2382715622
-34.9838684851
-34.2616100469
-33.8013485761
-29.0539598735
-27.6672213905
-28.5721356943
-31.4912599024
-26.7325134317
-27.9244633849
-29.7579854725
-29.1550269072
-28.6871648365
-31.7587032044
-33.8508832893
-30.1154297167
-31.4323510835
-33.0138507670
-35.3625360852
-30.7698894841
-27.6922612725
-27.7202385694
-31.2770189013
-27.3975629943
-28.7481372422
-31.3651840878
-28.1471386585
-27.9915825007
-31.8219631469
-32.1729318479
-32.7670146818
-31.9948305089
-33.3124961630
-35.8554780368
-30.5490771444
-27.9019518423
-29.2483600849
-32.4488715182
-27.6891503711
-28.6779862193
-31.6888357218
-29.6378971095
-28.7576006769
-30.7641790685
-32.0635626555
-34.0318249696
