-26.9963915048
-28.1511324596
-28.8825269326
-30.9735110223
-25.5338548988
-25.1635139464
-24.4401807707
-28.7876648360
-33.7733544557
-37.0236072680
-37.6196046962
-34.7669632431
-36.6063959868
-33.0838943355
-35.6675948432
-29.0638777083
-30.5250211603
-27.9779453318
-27.6536476582
-24.5272960607
-24.2330767602
-27.8360561140
-32.3911096926
-33.7466588095
-37.7690231656
-38.0721193111
-33.5585231340
-35.9547973773
-29.4429635407
-25.8859434803
-26.1408798474
-22.7190724392
-23.9025935074
-25.9827603972
-26.3823991202
-30.7441621803
-33.0008285366
-35.8603884218
-35.8671642867
-39.3801969943
-39.2088663822
-34.9887335365
-37.7924525801
-32.5136927323
-28.8491563873
-27.9492210623
-22.1984468139
-23.3766523312
-25.1263994552
-29.8742923726
-34.3148964993
-35.2535902371
-37.0977572427
-35.3480056627
-39.0912843503
-41.4300863210
-35.1713982824
-28.1843631880
-30.5956964885
-27.2351895538
-24.9608477819
-26.9866575138
-26.1607983491
-29.2497957822
-33.9131917237
-37.1524172381
-35.2857140856
-36.2999831003
-34.5446841730
-37.8408674884
-36.0353788601
-30.7208674159
-26.5306343989
-21.8366203098
-24.1837892728
-22.5268574559
-22.5443395469
-27.0365495530
-30.7368775560
-33.9603263006
-37.4071295408
-34.7046198813
-38.3160231055
-35.6133102768
-38.7509908961
-24.3166824219
-24.7372028486
-23.6588281076
-20.6470806302
-22.2076901615
-20.3262238815
-23.7526700628
-28.8355373346
-32.0858800243
-35.5855232926
-38.6653230014
-35.7719902350
-36.2979752028
-35.7773032145
-25.1241507552
-22.7736638486
-24.1362326525
-23.8157151236
-25.7720341432
-23.1274574326
-27.0322838955
-30.5311186664
-34.9658737359
-34.1700375408
-36.6050599735
-39.8910689137
-35.5984329023
-36.3793839243
-24.2556737551
-22.8623753701
-23.5840476310
-24.1891048466
-24.5349341203
-23.3228842804
-20.1759211122
-24.5413539584
-29.4347817538
-34.3578663824
-34.1717735808
-36.1798908686
-38.6777574947
-32.7552106575
-34.9309199287
-34.8116406896
-36.9281963096
-38.6752084550
-34.8928293384
-36.8200375666
-32.9291667382
-34.7162504374
-35.0344453611
-33.8487278355
-37.5744456593
-34.1401908616
-37.9152983827
-39.6877011896
-36.6346542031
-36.9529021705
-34.2970778229
-35.5121202892
-37.6407193873
-33.8348278674
-34.7879834318
-33.3744667015
-35.1690991015
-35.8343361862
-32.7061756340
-34.4053530898
-32.2819916516
-35.0357658355
-37.7371064610
-35.3803832504
-36.4897279262
-35.4331492677
-37.5234726538
-38.1153649413
-35.0120658588
-37.5895094646
-34.3928642218
-34.9178290829
-35.6798338616
-32.3656335454
-34.7980125837
-34.1531703803
-35.8528280471
-39.0779876670
-36.4122249728
-37.5247478134
-35.1556379987
-37.6628386751
-39.4703739441
-35.7749768444
-38.6706683426
-34.2240942597
-34.8746740690
-35.8931297942
-34.8531308686
-38.1538762681
-34.8984594919
-36.7257917351
-40.1079935347
-37.5296012202
-38.0462845555
-35.9464382412
-39.4941865446
-39.2792970109
-36.5528635782
-39.9353269059
-34.6054520235
-36.0266455896
-38.0785093862
-30.8099685784
-32.8982002450
-32.7665810064
-35.1990066176
-39.5287908156
-35.3484134565
-38.4098119449
-36.3407936206
-39.0904299279
-39.1653514794
-34.7208733973
-35.7865362006
-32.9257749244
-34.3702775848
-37.9065754765
-34.6292232091
-37.0195668657
-36.3487436708
-38.5011048194
-40.5365479276
-37.6908159640
-37.3737771375
-36.6957625281
-39.0637407540
-42.2672416061
-35.3851770996
-36.4766590899
-35.2472415888
-36.8727505039
-37.8441906957
-30.9211968072
-34.2427673574
-35.4843203569
-36.6083870606
-39.9481096440
-37.2504665643
-38.1683225532
-34.3207234340
-37.2823651492
-38.4307220980
-36.5402944460
-38.3120681523
-31.7568196096
-34.6934476001
