-21.8329941753
-25.6088269605
-27.4661320480
-27.9886852184
-28.3872105723
-25.2753726583
-26.3802229124
-26.3840743135
-26.1680286114
-28.6131598367
-33.5910444123
-32.6359572959
-32.0850618468
-34.8882180163
-30.7063848784
-26.9920572343
-27.9430640064
-28.1540155034
-26.3320785584
-27.2317873841
-28.7992151431
-28.9389915926
-25.9359831155
-26.4918110590
-29.3626034121
-33.5399691184
-30.9392187392
-33.7291534174
-35.1733893539
-23.5797392400
-24.9689389423
-26.4760352341
-26.7945176413
-24.8540483090
-24.4788500587
-27.6167157029
-26.8086622916
-25.1940959533
-26.0504348852
-28.4570081735
-33.4296406397
-32.8734710706
-35.0148272072
-32.0957965499
-28.5684771986
-25.3881686495
-28.2734462286
-28.4579596940
-25.9936595166
-29.8536877455
-30.3528580749
-28.3077605343
-26.5976033381
-25.2583915725
-28.3106629918
-32.0084806195
-32.9941005732
-28.8976515773
-28.3414611934
-28.3243105143
-24.7670896612
-23.5047231551
-24.0050004528
-27.5304457839
-32.9100495790
-32.7733724020
-30.3265184278
-26.5425743688
-26.5723938653
-29.8431666518
-32.9939775857
-27.6290090933
-26.8222942824
-25.8680186396
-26.1662809132
-22.6997313210
-23.8175845058
-28.0198484857
-31.9307057871
-36.9265159233
-35.6443906940
-30.5013807335
-26.5428721231
-26.8994710317
-30.9944638885
-30.4342681072
-26.9771591383
-27.2124669782
-31.2210177085
-27.2903894075
-25.9206409764
-30.1582377815
-33.5372336735
-35.2379412809
-39.1974571883
-35.5402749354
-29.5935937928
-26.8206553381
-28.4940799377
-28.7854705279
-30.1989085088
-28.4958768225
-30.5091094112
-28.4028465795
-23.9089201480
-27.3405753210
-31.6740450822
-33.1031241144
-36.0947524417
-36.8667669288
-36.8436533920
-29.9992199216
-27.0109698418
-27.8955501112
-32.3954077155
-28.7369546202
-29.7054576660
-30.4656320367
-29.1087260496
-26.5212978423
-28.6575550713
-30.6596477344
-30.7283281063
-31.5538000676
-28.4947803076
-26.3387715655
-28.0707075899
-22.0391350268
-22.8078927068
-25.0064586380
-29.3372023352
-27.2229660720
-28.3142800679
-31.4995219595
-30.5507963677
-24.4729661598
-25.8181783718
-25.5780533653
-29.4493328955
-27.8297709027
-28.5373411147
-22.2837017884
-19.9069190123
-20.1238088321
-22.6266454546
-27.1688264723
-28.7625951902
-29.2722231919
-30.6361056968
-29.6823751963
-25.3408450550
-27.7476579003
-24.4702591830
-28.2054830531
-29.4594151395
-26.7534067695
-23.1746684006
-20.3433965682
-21.2717288810
-23.5844709567
-28.6607358582
-29.7091744240
-29.4535959772
-28.5631357427
-25.1797001537
-24.0243558107
-26.2481997360
-23.9014633330
-28.2374399050
-32.5997231282
-28.2490277549
-22.7004019167
-20.7521104186
-21.7887296808
-25.0875968203
-30.1376927056
-31.7433856935
-29.4280835678
-30.1201938013
-25.2683676514
-24.8193236258
-26.1866913628
-26.1900171559
-26.2467433293
-30.6604335439
-27.8362270034
-22.4218108409
-20.7228916055
-22.4329546411
-25.5240302822
-29.3326674062
-28.0306375732
-27.5109557970
-30.6059573775
-26.8512917152
-21.2323164931
-24.4717324151
-26.2085452708
-24.9898529837
-29.1612797543
-27.9970883767
-22.9152229656
-20.8497028080
-21.7144294923
-25.6419813133
-26.6002248761
-30.7755999048
-26.0763706194
-28.1963458723
-25.9686817715
-23.7578976093
-27.0750479591
-30.5804307336
-29.4792572593
-29.6283081153
-28.7313166987
-24.3308374300
-21.9181818359
-22.8666436187
-24.6706171007
-29.0977725483
-33.7222092537
-28.3632684963
-29.8710934632
-22.6374669004
-23.1196316592
-26.2120678352
-29.1213288407
-28.9786098028
-28.8704678607
-31.4263804548
-26.3046113192
-22.1611303653
-24.1484833159
-27.0323667540
-29.3308795856
-34.0114727819
-29.6526320894
-29.2904457848
-22.8559645755
