-33.3580979564
-35.0481938516
-37.3490906837
-34.3237372288
-28.6044964637
-30.4270637214
-32.0782251390
-32.0830371160
-33.8438420678
-35.5394632337
-33.5527195070
-34.2741144602
-37.4458311792
-40.8559752288
-35.7673245375
-33.1359742293
-34.9667773625
-35.8735116431
-33.8283109214
-28.8076571365
-28.6582036649
-31.5989034349
-31.7622581660
-33.4186094819
-35.9791161725
-32.0352539493
-31.9934245909
-34.5805946823
-38.1367204219
-35.4587600552
-33.9332733456
-34.8360112604
-36.3328733496
-37.7062668436
-32.7568961983
-33.3766674905
-35.7810549256
-34.3425087216
-35.3396271032
-35.9099827093
-32.8176692410
-33.2495301128
-37.1514346419
-39.1971270768
-34.0294131554
-32.4540032683
-34.9490324729
-37.2039546939
-33.6253988427
-31.3057859059
-33.1304825931
-35.6883146919
-34.8601824753
-35.4828600623
-36.3318014327
-31.9965393579
-32.4891396188
-34.8514168233
-38.8003547447
-34.9999718329
-33.8321467807
-37.0020951300
-38.0427373948
-36.0141101160
-31.8864853239
-33.1736440797
-36.0201221728
-33.0490026636
-35.0496929893
-36.6679263486
-32.8820528752
-31.2604818732
-34.8015506784
-38.1957716494
-35.5333100643
-30.7118868665
-32.7104749402
-37.9435307078
-36.6774208353
-32.5906934006
-33.9807328534
-36.7548176387
-34.0823539494
-35.3201759483
-37.2284404867
-31.5805449222
-31.1234745584
-33.6535224197
-35.7967012879
-32.9059418686
-31.5457917644
-34.1231023228
-39.0271997810
-38.4982450885
-33.7448567426
-34.0852123940
-37.3621944780
-34.9263849954
-35.7972242967
-35.7452881108
-30.2812441627
-31.3959136695
-35.8037036940
-36.9519972626
-34.4515089492
-34.6554100844
-37.8751351693
-41.3362858412
-39.5655881166
-33.3798236942
-34.4746781525
-36.9823151674
-34.3145029469
-32.4183387237
-32.4876003591
-32.0133625058
-30.8203692856
-31.5797811133
-33.2946114748
-30.5645448718
-31.7709966172
-35.3223573267
-38.2615132940
-36.4033971964
-33.7622171407
-33.8744383077
-35.2081800542
-32.8674085265
-34.1990699172
-35.9172660493
-31.8045950008
-31.2914846148
-34.6532299986
-37.8349654777
-36.5000121173
-32.8785251273
-31.9242237998
-34.2590027539
-34.6265149327
-31.4764032554
-32.0363181015
-33.1944390159
-30.9683935238
-31.9072750785
-33.9252016040
-29.1122524997
-29.6857022877
-33.3962558651
-37.4347132769
-34.5513681111
-33.2645977970
-35.1464969203
-37.0579746290
-35.9417621967
-32.2283142354
-31.9120974096
-34.8578418639
-33.1339999833
-33.9252080745
-34.5457340818
-30.4659129591
-31.1729212610
-35.1119146549
-38.5532364898
-36.6455105906
-33.5759133036
-34.7515589642
-37.8163920581
-35.9057092782
-31.3619541011
-32.6333577710
-34.6537827945
-33.2951448416
-33.6651840566
-35.3956360604
-31.2755249544
-31.7909565435
-35.6480038712
-34.6945997826
-34.3723243253
-33.6414335855
-35.7219985122
-37.7874218246
-36.6758880496
-31.7929359587
-32.3872544197
-34.8378495784
-31.4906216939
-33.1339481990
-35.2330917672
-31.9287030614
-32.6116656896
-35.4077171323
-36.2562778953
-36.4200999393
-33.7531951744
-35.7716484573
-37.3273144570
-34.1664916643
-30.8254647739
-31.9562829209
-34.1126718564
-31.2996301441
-32.6670894931
-35.6810896094
-32.7365051876
-32.3630883893
-35.4094440977
-35.8449712070
-33.8011414515
-35.3383843037
-36.7855057796
-37.4831592604
-35.4719609474
-30.6732046412
-30.8158058640
-34.5454453857
-32.5386484601
-33.5918354141
-35.7661568325
-32.8580551385
-33.2135380383
-36.4011860376
-34.7408618062
-33.3571399660
-31.8188988859
-34.3825774340
-38.7456274314
-35.7328782058
-29.9966281632
-31.2699219889
-34.2212396985
-32.3288634225
-33.1493395276
-33.3391633489
-31.7870999750
-33.6964146394
-35.2983570087
-37.3206835907
-36.0678548359
