-32.7367136178
-34.2524275659
-34.6933764054
-34.2547940694
-34.4794266992
-33.7311069545
-32.8743138486
-33.8376358231
-34.8112393710
-34.8198587226
-34.8040220558
-34.2677049728
-34.4810035046
-33.7327148300
-32.8656427130
-33.0137187262
-34.2987892703
-34.1705074768
-34.4501082166
-33.7151408285
-32.8462731206
-33.6418763350
-35.2600450421
-35.3252947493
-34.8905806444
-34.2744057485
-34.4781049272
-33.7256528647
-32.8485671265
-33.5639772267
-34.6254261910
-33.7458950077
-33.3681413584
-33.1201673391
-32.4870216799
-33.2137866006
-34.2114992387
-34.8891125838
-34.9875839499
-33.8029707039
-33.3918633479
-33.1252226965
-32.4914310391
-32.8870693989
-34.1228214113
-33.5424210820
-33.3481154113
-33.1152284944
-32.4811960438
-33.2118550787
-34.1818130936
-34.5849742711
-35.4427421506
-34.4539168871
-33.5234023225
-33.1500593245
-32.4980165971
-32.8849980616
-34.1014322659
-34.5709668538
-33.3956383599
-33.1920569812
-32.4737016863
-33.1366953125
-34.1618596440
-33.9522247877
-32.9696497337
-33.3145429161
-33.5965800764
-33.1926680257
-32.4672908974
-32.7997379372
-34.0391976464
-33.9242707980
-32.9643173349
-32.4099044982
-32.2596652266
-33.0448056144
-34.1410012788
-33.9556230752
-32.9792193118
-33.1709811239
-34.6241510241
-34.1218245801
-32.6428056609
-32.8417860835
-34.0583329181
-33.9296601584
-32.9720706092
-33.1659115260
-30.7008815931
-30.8516697794
-33.0160632229
-33.4619509260
-33.2272399384
-32.8101036885
-32.2974360615
-32.7811917030
-30.6100159054
-30.7030552043
-32.9477077992
-33.4557058443
-33.2325179645
-32.8126604953
-32.2965000760
-32.4908174043
-33.6130847501
-33.6079452450
-33.2635841391
-32.8212500720
-32.2737011254
-32.3292272056
-33.5876137755
-33.4650294506
-33.9175790843
-33.6915767788
-33.2886175441
-32.8307303237
-32.2879493367
-32.3477747364
-33.6599448700
-34.5349501850
-34.7480778295
-34.2606611319
-34.4850426120
-33.7358995109
-32.8679535486
-33.6324206810
-34.6423917366
-34.7803026567
-34.7949431263
-34.2591788312
-34.4811368469
-33.7345078312
-32.8620592996
-33.4010652615
-34.4022810417
-34.1584924267
-34.4441207577
-33.7094342945
-32.8417834971
-33.5602902465
-34.5671012215
-34.7685089809
-34.7689271321
-34.2540470935
-34.4684822716
-33.7185054568
-32.8468259087
-33.6448331687
-34.5990904339
-33.7186776371
-33.3656842347
-33.1100203758
-32.4779764089
-32.8685115116
-34.1175407961
-34.5686624916
-34.7384124525
-33.7514190051
-33.3712729614
-33.1107272197
-32.4744253600
-33.2009417206
-34.1857564017
-33.5592662318
-33.3436905172
-33.1064486137
-32.4765005811
-32.8635907912
-34.0903972171
-34.5569335448
-34.6465370003
-33.9161576295
-33.4152112020
-33.1225364310
-32.4876806240
-33.2063841592
-34.1796330111
-34.5848344559
-33.3692702371
-33.1641560687
-32.4640337195
-32.7913800913
-34.0340710869
-33.9167492548
-32.9595972752
-32.9450759063
-33.2924779990
-33.1211667591
-32.4445735059
-33.1277121819
-34.1595423356
-33.9477519939
-32.9744060418
-32.4074460798
-32.2564701888
-32.7264307224
-34.0169644311
-33.9192089678
-32.9748410227
-33.1715209662
-33.2871650191
-33.0992325924
-32.4378183572
-33.0984959701
-34.1456358957
-33.9554547791
-32.9755905878
-33.1710432640
-30.6796309659
-30.7013308161
-32.9347904224
-33.4448287347
-33.2211670366
-32.8000162760
-32.2931975876
-32.3474614468
-30.3514197869
-30.7633583093
-32.9629942681
-33.4469855147
-33.2190387376
-32.7982245692
-32.2817236736
-32.2601131515
-33.5374615235
-33.5898754171
-33.2623413367
-32.8163358244
-32.2710925349
-32.3339291412
-30.3386745890
-30.6302205084
-32.8990249010
-33.4146118086
-33.2072204641
-32.8091159195
-32.2665109958
-32.3339446763
