-15.1894718256
-16.9306194860
-15.3517819215
-17.8609960858
-20.8888083709
-17.1028267007
-18.5137938768
-17.9054262461
-17.5927202090
-17.1513801577
-18.7130074096
-21.7702261444
-20.4106153736
-20.2760871357
-17.2296145882
-15.9858768633
-16.8152886598
-17.9147874495
-19.1033550111
-19.4024678919
-17.3970163003
-17.7851346105
-16.7206957964
-17.6829722923
-18.1265714210
-20.5072458720
-23.9603281546
-18.6742255059
-17.9382466463
-15.9544365387
-12.3818409462
-14.6038293228
-15.9910694717
-18.4043650853
-20.2507922163
-17.6770651218
-16.6139817695
-16.9461247331
-16.1624248071
-16.7744962574
-19.2666152771
-21.9722812947
-18.7239130286
-19.2827807919
-15.6524871652
-15.2663728496
-15.9582879259
-15.3924811350
-17.6547891795
-20.3642860079
-16.7835169405
-16.2741217437
-14.2427820638
-15.3883526741
-15.6884546812
-17.3617387997
-20.4073568903
-16.4831443870
-16.4345119548
-12.8401647638
-14.8121852711
-17.1409211715
-17.5187229641
-20.6614000406
-24.0780060400
-19.9387619434
-18.5459073858
-18.4382638156
-18.4152007494
-17.3938005325
-19.5124261548
-20.3852699598
-18.4046265936
-18.5165241559
-15.5063348177
-16.1095992064
-18.0645257550
-17.7826451235
-21.0255840013
-24.1851757711
-19.7347079519
-19.1647429944
-18.2281304061
-17.3596920513
-17.2385718496
-19.9763334230
-20.0589138083
-17.1441822697
-17.4770696331
-17.2826227394
-17.7430424056
-19.2462954317
-17.2997812030
-20.4044479562
-22.9111903249
-20.3101826492
-18.0754973992
-17.4526951247
-17.2841412772
-16.5793464033
-18.5641390395
-20.4470605634
-16.0307511366
-17.6090954495
-16.9335802159
-18.3263157313
-20.3114435474
-19.3583069637
-22.7665669161
-24.0308339121
-20.9347480586
-19.0775383519
-18.4380216993
-19.7598565657
-16.7028098289
-19.0955369953
-19.9000848923
-18.3116079694
-18.5003638382
-18.7107043372
-17.6803365323
-18.6559135733
-19.7082686195
-22.5314389860
-21.8566449700
-19.1151862329
-18.0304445098
-16.9697898095
-17.0307635424
-16.6348272140
-19.0117474801
-22.5261091723
-20.6228705675
-19.6095072147
-18.8383790591
-18.5272588570
-17.7550743065
-18.7423039241
-22.4922052554
-22.0449153534
-19.8020160898
-18.6709566761
-16.0116676225
-16.0045745897
-15.6650343248
-19.0439658487
-23.6978689334
-19.7146146788
-20.1765463956
-18.8361096337
-16.9374510343
-18.2046505236
-19.1611867738
-21.7316384212
-21.8156635444
-19.2553485042
-18.0502115456
-16.5362897430
-16.0343811531
-17.4718071514
-20.9376181551
-24.8127523003
-21.5835934212
-19.5367216830
-18.1573825775
-17.5644878777
-17.2731554452
-18.0800090457
-21.6082850568
-21.1313983094
-19.0559343075
-16.5860070595
-13.9161721200
-15.7882647163
-17.6560785898
-20.5041479383
-24.9793836560
-21.9061447677
-18.5658246047
-17.0970606017
-17.6584722726
-17.6768787041
-18.4550403784
-21.3797789294
-22.4749782012
-18.6542914628
-16.9070179071
-17.5313270551
-18.1908851925
-18.5899272205
-21.0165231953
-23.1632980482
-21.1759463205
-19.6957396114
-17.7921189045
-16.1164890098
-16.8962547139
-18.2051334143
-21.6886128449
-21.9273733888
-17.0707662659
-17.5945701958
-17.0277238518
-17.1866757733
-18.6445367589
-19.2024530083
-22.5243226465
-20.2496426211
-17.7199237091
-17.3696448588
-15.7522350794
-18.0442499692
-17.1408771900
-19.9777354690
-19.2827846714
-18.0210470996
-16.8920641366
-16.2065249011
-17.0698367464
-17.0677084551
-18.9669068930
-21.5884390552
-19.6114827480
-18.2245094858
-15.7361757345
-16.0706580563
-16.7822495407
-17.2222743154
-20.1675787922
-21.2823807353
-18.6332738571
-17.4248240195
-17.2209162862
-17.4658183892
-17.8372494880
-19.9054768360
-23.2196695055
-20.5346742824
-18.5709058625
-16.1715503639
