-31.6933887892
-31.9264854410
-32.8970247617
-31.4398130841
-25.2750347686
-25.3902490534
-28.3793058270
-29.2921455778
-32.3429614601
-31.3692594471
-29.7884535739
-29.1266159356
-32.3240061349
-33.7523524001
-31.7716698054
-32.8972072937
-32.7280385989
-27.9636867626
-26.8280409520
-21.6013732704
-24.6710689066
-29.5576586681
-29.9998542757
-33.0314791429
-35.0693085545
-28.9259615840
-28.8660714500
-32.8405704577
-32.7679959897
-28.9442916271
-25.7139512447
-23.8687672651
-22.1588713146
-24.4191320911
-22.9481468846
-26.0159755834
-31.0768733402
-30.1464376477
-33.0944866327
-32.6634426531
-31.9277748489
-30.7129950384
-32.9640713578
-26.7521303048
-28.2532908284
-23.8205594601
-25.2835453799
-24.1018044274
-24.0109866185
-25.9858609285
-28.9147284602
-32.9486127066
-29.5906369596
-31.2657055255
-31.0680520427
-28.4234266150
-28.5041790052
-28.4031650489
-30.7833156472
-28.2060966976
-28.0006394288
-24.8848529845
-26.5780266050
-30.3353876283
-29.8990837078
-32.0792711622
-34.9510649792
-29.5809288620
-32.1389865223
-31.1692744167
-29.1591022742
-28.8783842555
-31.1641672738
-30.4486263604
-26.4004339955
-25.4672523298
-26.0723599952
-29.3329315005
-32.5974161846
-30.3500527063
-33.2856179809
-36.1438379493
-29.1288374398
-30.4394153809
-31.2207588023
-28.6953595767
-29.6283391874
-30.1800256775
-33.7179681923
-31.7378746434
-30.6039973769
-32.9894193412
-34.2461928407
-34.1090444291
-30.6014949443
-31.1037373001
-32.8490746024
-26.9034700041
-29.3964529499
-28.6181556484
-26.6469671998
-29.8222357848
-31.5469102849
-28.8064350509
-27.2944078051
-30.8860863356
-32.4177600438
-34.1844255636
-31.6918663559
-30.7039057508
-33.0731117316
-36.6552316355
-30.5284039156
-31.1314867413
-35.2912872672
-30.9935654516
-28.3090020430
-29.5170604605
-27.3862081937
-27.7853912024
-31.5265076031
-31.3903728496
-32.6727002322
-31.2328838882
-28.7514047891
-29.5782904930
-33.5291593350
-30.8890755449
-33.4390419286
-32.6676863040
-29.4987886776
-31.1393591233
-32.8817797236
-33.9162469530
-36.9039953219
-29.1807011381
-27.6681832701
-30.1228839446
-32.6873355244
-26.6893260515
-29.0977518405
-32.4224218412
-30.8764507446
-33.6000159000
-32.2972923612
-29.3814564721
-31.3810531245
-33.5159196142
-32.8315044831
-34.2227129380
-30.2917329025
-30.8706743028
-31.9101516532
-31.6479035145
-27.8376911815
-28.8350531665
-33.2392433267
-31.1106322645
-34.0378965788
-33.1288410613
-30.4405287248
-31.2741941260
-33.3814043848
-34.6830753803
-31.8588575665
-31.7658985421
-31.8623154124
-32.4084040714
-32.7993780442
-29.6236307784
-32.3928806898
-35.6974428127
-30.0583876784
-32.0285570555
-34.4862867039
-30.1820141613
-29.8297845249
-30.3145525731
-29.6851261990
-29.3476405913
-30.5678447700
-26.9898978648
-30.2617580553
-30.2192956480
-29.2435778910
-31.0468661432
-33.0658633480
-29.3776969949
-32.9484198119
-32.9445244114
-31.8854949701
-33.2537051515
-34.0939883922
-32.2961867852
-33.9180697292
-30.7550975587
-32.6454595597
-34.6462418287
-31.8727225842
-32.0657323869
-31.9782675796
-33.6768392122
-29.1146720826
-31.1772801322
-33.3113815386
-31.8871688673
-34.6986427702
-32.8333181981
-32.0480638801
-32.0169549775
-34.8945718475
-34.8085906461
-38.2245826462
-33.8461904424
-30.0891716394
-30.0675818318
-32.2312464773
-27.2746381788
-30.8052899361
-31.6736826037
-27.7158020237
-28.7864129841
-30.7112706493
-27.5426006562
-28.8738713283
-30.5237693027
-31.9350491269
-34.8204982415
-31.0451326897
-28.6916026886
-29.9776560096
-32.0438940183
-30.1926737833
-31.9831986531
-29.8372982979
-26.1740199543
-29.2211129335
-32.2959330443
-32.7326900470
-33.5523389013
