-25.3859341880
-26.3339375806
-28.1103711234
-25.0314234364
-28.4781655740
-27.5294295361
-23.1337866597
-26.2565394427
-27.0009070253
-29.3789397912
-33.9695476278
-31.0705505884
-27.0612321439
-26.6498437705
-28.8068544947
-22.9810474941
-25.5333318776
-28.3467016792
-27.9342504690
-31.3277796106
-27.3593947217
-26.0027759904
-30.1156057706
-28.1727779354
-30.3290286265
-34.3269050723
-31.8991877990
-30.5561067644
-30.4111157335
-25.1060886899
-27.2743404204
-29.3858930169
-33.4939142345
-34.1805728793
-37.7202405884
-36.6994559808
-34.0399303797
-37.0157284110
-34.5534329817
-34.6959215579
-38.9088539493
-37.6344186391
-37.7921988467
-35.5115312523
-30.9153323337
-29.7950197139
-33.2295753615
-36.7376074157
-34.8208322476
-37.5560690161
-38.0627245059
-33.9805606751
-37.0084644876
-33.4557679781
-35.0204974908
-39.3763067642
-37.1412501426
-34.9856239462
-36.6049641734
-30.4418932130
-24.0118617532
-25.7760654810
-26.4443696604
-28.6800718062
-33.3767360967
-32.2225106077
-27.9430976668
-29.8241944898
-27.4490292719
-27.9310877950
-32.2223940862
-26.4665834549
-27.2847851446
-27.4481347156
-23.8074362413
-24.4234171718
-25.4878012916
-27.3534486919
-29.8291877178
-34.3031325865
-33.2508415274
-27.6141964370
-30.6608219171
-27.9675744008
-28.0553473355
-31.9867186168
-28.9897885521
-29.7499512927
-30.9916870108
-24.8411594039
-27.2899699508
-28.4385214815
-27.6132824649
-29.2565379885
-33.6853485121
-31.9759580345
-28.7918243521
-32.0530894454
-27.7475672752
-26.0567317477
-29.8553745859
-29.4925513619
-32.1992093541
-25.9255759295
-26.4217234641
-27.0632646431
-28.4638979557
-29.0996755992
-29.9856604350
-33.5269779546
-30.7267228179
-27.3475958689
-30.8150032096
-23.7278191833
-24.0921739986
-28.3389276776
-27.8100582425
-28.7867133282
-26.5895484194
-27.4113140949
-29.8842891707
-32.8313245251
-32.1839733809
-34.3378456173
-38.4998827309
-33.7055246374
-31.5301712909
-33.4934132300
-30.4921852850
-27.8920883914
-30.6423934944
-32.4668740394
-30.8012676676
-29.1229548412
-29.4508799359
-30.1934583004
-33.8279419517
-32.5354806071
-34.7435351134
-38.6482008095
-34.5715765969
-29.1060566119
-32.1608921980
-29.3770199214
-28.7157078793
-32.0336499485
-33.7455881881
-29.0535119563
-28.4576231008
-30.3118054585
-32.9292068675
-33.3204747037
-32.6592986725
-35.2581122054
-40.0192846444
-33.0217283200
-30.3488034306
-33.8291756908
-30.4401985987
-29.4999149688
-33.4430887966
-34.5217104557
-31.9333389692
-33.6440564037
-32.8199386540
-31.2437532318
-33.8859601148
-32.3257525264
-34.9328125995
-38.2702828088
-33.0285430231
-29.5021520113
-32.8895731154
-29.8414396763
-29.7816893624
-33.5993802515
-32.8321103478
-30.7829039683
-33.6414814738
-32.6717720149
-29.8008311058
-30.2483008436
-28.4897650774
-28.6318549552
-32.8295121022
-31.2395600686
-26.6995571645
-28.5907104080
-26.5496816401
-27.8898254531
-32.5382574833
-35.5920933150
-31.3504685242
-31.6191248643
-29.4188790658
-30.5388227458
-31.2634529472
-26.4910640804
-28.4692627198
-33.1308761390
-29.8810449425
-26.8130716525
-30.3788365141
-28.9906183781
-28.9412351093
-32.6530988978
-36.6673968577
-31.6119813360
-33.5825532146
-30.6731580364
-28.3676597328
-28.6421611550
-32.8464414008
-31.2272343166
-26.6822135950
-29.7973434771
-26.7410952502
-27.9731087596
-32.6282920418
-35.6229562375
-31.3201635638
-31.6071059290
-29.4110455262
-32.4864015580
-30.2112122420
-26.1772124020
-28.4191480014
-33.1348259198
-29.8708410163
-26.8136865807
-30.3715363445
-28.9608221880
-28.9434838050
-32.5914947385
-36.6536522422
-31.5690114428
-33.5326728259
-30.6369394069
-33.8122425066
-34.0147908159
