-27.9823404527
-28.4551595027
-30.2349329496
-31.1730740206
-32.3690408927
-31.4688985403
-29.7146311040
-30.8029208501
-28.6752908972
-28.6158810566
-30.2860393169
-31.1943867873
-32.3925635166
-31.4839882330
-29.7134323174
-29.5069134983
-30.5271546443
-31.3364326306
-32.5044325598
-31.5357263562
-29.6904352930
-30.5788707570
-33.0386265579
-32.0899864477
-31.2433156633
-31.4921518897
-32.5408518470
-31.5442848629
-29.6971516048
-30.5992553070
-28.0882466443
-27.8327562194
-28.8874398842
-30.3216637286
-29.2341869585
-29.1342708195
-27.5000670315
-28.6079012260
-27.6817181620
-27.7483595683
-28.8700445326
-30.3136282340
-29.2401433486
-29.1022673602
-27.5013875096
-27.7028406299
-28.9170587166
-30.3581348026
-29.2817021464
-29.1449563320
-27.4910411778
-28.5246425186
-31.4542541879
-30.9159744510
-29.6690565015
-30.6015376626
-29.3331256888
-29.1379202574
-27.4961742117
-28.5263215968
-29.2664894737
-28.3725506811
-26.5332080382
-27.9439585585
-30.0161725276
-29.7189368966
-28.6361762841
-29.3946004008
-29.6080154825
-28.4055069562
-26.5450975165
-27.5998601871
-29.8717109807
-29.6947643885
-28.6291324417
-27.7917424430
-26.4545334541
-27.9494967969
-30.0840075343
-29.7933458114
-28.6446195735
-29.3079783617
-31.1315773713
-29.4553384885
-26.6916718440
-27.6443188600
-29.9234504012
-29.7373795676
-28.6245263047
-29.3156630239
-28.2293215686
-28.4019869746
-30.6093064752
-31.9802845432
-30.0597948928
-28.3056076400
-27.8030260544
-28.6188521349
-27.8636372747
-28.1508657742
-30.4945841577
-31.9420567185
-30.0491754046
-28.2985210763
-27.8015579939
-28.6110444855
-30.7143362278
-32.0283421582
-30.0780511434
-28.3012189936
-27.7767899743
-28.4946832160
-29.8316966281
-29.9756273950
-31.1669829982
-32.1849637391
-30.1132742364
-28.3088661129
-27.7871557245
-28.5085974262
-27.9227092333
-28.5260821010
-30.3086945706
-31.1966574910
-32.3021289305
-31.4248554354
-29.7288275333
-30.6286216929
-28.5939054565
-28.6228601697
-30.3177398419
-31.2034864310
-32.3490330688
-31.4499587495
-29.7223986196
-29.5839180571
-30.5686655403
-31.2879232038
-32.4651600048
-31.5178597768
-29.7061036664
-30.5966195293
-28.5239046043
-28.6001984420
-30.2845854970
-31.1959156927
-32.3930748781
-31.4917389184
-29.7053204420
-30.5902255700
-28.0892447703
-27.8217405869
-28.8839393238
-30.3121096846
-29.2280998154
-29.0995008298
-27.5071574795
-28.5355235142
-27.6148864539
-27.7187730994
-28.8412374059
-30.2959195933
-29.2243791754
-29.1307249485
-27.5026652658
-27.7023694004
-28.9050734398
-30.3554783124
-29.2747709336
-29.1239231938
-27.5010535062
-28.5414824930
-27.6200958685
-27.8125464367
-28.8991532978
-30.3244859257
-29.2649618555
-29.1414415311
-27.4894553100
-28.5281935681
-29.1747926569
-28.3394597689
-26.5322707578
-27.5817463392
-29.8615044653
-29.6764848352
-28.6251671249
-29.2688067800
-29.5079841227
-28.3954454340
-26.5419905100
-27.9468933846
-30.0394841361
-29.7440971740
-28.6350279862
-27.7926771341
-26.4564067201
-27.5782418942
-29.9004883308
-29.7342414914
-28.6229870422
-29.3142273279
-29.4364970875
-28.3530995267
-26.5406286054
-27.9571723976
-30.0724184014
-29.7771233553
-28.6354720292
-29.3105869521
-28.2249756435
-28.2412615353
-30.5395270013
-31.9570855653
-30.0581261713
-28.2978880238
-27.8155835386
-28.5160814279
-27.7881486705
-28.2811554972
-30.5628942767
-31.9673451579
-30.0651622459
-28.2983476019
-27.8076749128
-28.4412867211
-30.6298826232
-32.0027714991
-30.0705477235
-28.3058303089
-27.7920065383
-28.5062762335
-27.7170927284
-28.1162368930
-30.4976329075
-31.9456038837
-30.0661085884
-28.2947253503
-27.7910058233
-28.5036417510
