-28.8151489056
-26.9872452535
-26.7098180514
-26.0597895504
-27.7641936419
-30.0772666264
-33.3507938986
-35.0283310320
-32.9020179704
-33.9043898232
-34.8668159036
-32.6833714714
-34.6574723319
-33.0150702438
-34.2077177203
-29.0659373927
-30.3162238800
-32.2752287354
-29.8870919560
-30.4270093647
-31.3203241051
-31.2391470989
-33.3503317374
-30.1527112042
-31.4454794800
-32.0097894501
-31.8188691116
-33.5301548784
-30.6748487666
-29.6590778358
-27.9097323039
-27.8580213619
-30.9286587967
-28.0460522063
-27.6394939497
-30.4329929347
-31.7768507393
-27.0432102057
-28.1232872032
-31.5515643153
-32.7281356934
-32.3087196705
-33.7365001958
-32.1056625779
-28.6804291132
-28.5730898158
-29.9474287240
-32.5695308037
-34.0299724276
-32.8839572171
-33.3137079097
-30.1643469446
-31.2629661799
-30.5713893497
-32.7672800770
-33.3442963805
-32.5218913465
-30.2838773530
-31.1975002691
-28.6172986300
-29.4181748102
-25.8847990624
-27.3823076000
-29.8922379369
-32.5789851667
-33.0465390631
-30.7288524193
-31.3296645415
-31.0409641258
-32.3786247116
-33.7950737289
-28.6020017856
-30.5429356258
-30.6053942366
-29.6998404625
-29.8835189003
-28.6689927433
-31.0214987242
-32.3100207291
-34.5980521661
-36.5792770063
-31.3218750083
-31.1455109914
-31.0008617315
-32.7760651334
-30.8431954221
-28.5608391475
-31.0368693421
-31.9060283921
-31.8406401593
-30.3537189720
-30.6355632663
-32.7805677115
-33.1026917182
-33.4150467866
-34.8258772490
-31.4807258710
-31.6171066065
-29.8633725486
-30.3611887325
-32.4544965044
-27.4947398065
-29.3641349015
-26.2995481934
-27.3154810719
-31.2113406791
-32.1714366127
-33.4962872194
-33.8413474017
-33.2251621279
-34.9583638512
-32.2810919087
-32.1275074305
-31.9364317367
-32.3867573016
-29.9907183811
-30.6415869759
-32.1343389614
-29.3846346767
-28.8552538893
-27.5584981627
-27.5683667907
-29.4451487965
-26.9549737993
-27.6431071244
-26.8813830492
-25.2559421277
-27.9811972077
-31.7781490112
-35.5431486794
-37.3329765406
-34.8986081703
-36.6970271267
-33.9446031550
-35.8860117195
-23.9616835819
-23.3659952979
-24.6584842418
-22.9946380641
-24.6001967923
-25.4899386570
-27.3011525911
-30.3640186934
-30.2795340236
-32.4652402662
-33.5926095784
-31.6497211134
-32.2038595144
-31.7391795856
-27.8502473700
-22.7025561052
-22.3885969386
-22.7840386615
-21.0531366885
-22.5037076607
-26.7841596480
-28.6651504116
-26.6984968976
-27.4579502620
-30.9840890730
-34.8333702945
-33.5476977413
-34.7070005317
-29.7282281110
-23.1460113961
-23.3759053417
-26.5884842643
-27.0862759084
-25.0902170665
-27.3799333257
-32.1923402774
-30.9502071815
-30.6532291857
-30.9932249796
-33.2937816413
-32.8472608826
-31.0905040451
-31.3031915559
-28.2279389471
-23.4682365342
-24.8054909674
-25.5933993855
-24.0837837704
-26.9749298270
-30.4021494017
-33.9447782810
-35.1051671999
-33.7816565342
-35.7235311935
-32.2090169986
-34.1855076681
-33.1195174407
-27.9309039545
-27.4596112152
-29.3845893638
-28.5609711975
-26.5632890400
-27.7440615383
-32.2528026064
-31.3672139998
-32.9495577558
-33.8358376424
-31.6560723514
-32.1825001431
-31.7804367415
-27.8539136374
-28.6904660405
-23.2026392256
-23.2008371678
-24.5933445507
-25.4227030325
-28.6249638630
-29.0537385099
-31.7342588480
-30.8276513238
-31.9560473028
-34.6474652031
-33.0100822262
-34.0755198280
-29.2575127979
-22.7011812536
-24.1133223540
-22.3055738254
-22.3719640942
-22.8406677466
-26.1058094984
-31.1591740444
-30.7065156329
-33.3427234465
-32.6559806588
-33.9900085626
-33.0993633378
-31.1656767622
-31.1406563017
-28.2057186733
-23.4566486932
-25.5766746212
-26.1671936037
-27.9056970756
-27.4641448571
