-34.8212568611
-33.4799456625
-35.1653564467
-35.2363152849
-36.5627334968
-38.8351014186
-35.1613380546
-34.1916312292
-32.7111623765
-33.6203460765
-36.4580986123
-36.4732116092
-37.7423534163
-30.9503599365
-31.0726853634
-33.5626308521
-31.6437012869
-33.3608152858
-35.3593863672
-36.8947338606
-36.8136436070
-33.3075560341
-34.3135876736
-32.8178012898
-33.9088742828
-35.7574611000
-35.3067044976
-36.7354376906
-31.5732771083
-32.7459957881
-35.0309020802
-31.8053950580
-33.9261116856
-36.7832635693
-39.6996631537
-37.2974095248
-33.5852809249
-34.4295385363
-33.5643500627
-35.0066143494
-36.7438641506
-35.5386126907
-37.6887705148
-33.3733468807
-34.2132909401
-35.7834020059
-31.6143180689
-32.9613216542
-35.2200410484
-37.4159068307
-38.3578201010
-33.4525988269
-33.5376362844
-32.6885200698
-33.2236591093
-35.3983935221
-35.1587916105
-36.9732776583
-32.0519450376
-32.3692143668
-35.5924389673
-34.7495083429
-35.6280115940
-36.9249740880
-38.3706766299
-37.3207768001
-33.0912993600
-32.5164087703
-32.0869182808
-33.0060741948
-36.0038103873
-35.7316884898
-37.2541677830
-32.5670840323
-33.5506559320
-34.8950145987
-30.5754867096
-32.2683946055
-35.3298257977
-37.3396660996
-37.5773390666
-33.3676416421
-34.8121869989
-32.9524589237
-33.0194472676
-35.3974536505
-35.5355315752
-37.2922078830
-31.9911849461
-33.0984040444
-34.5015809417
-31.5537327515
-33.2390802118
-35.6387113487
-38.3578317494
-37.6599776388
-32.3525621074
-33.1563639509
-33.1633922588
-34.6900920337
-37.7251807352
-37.3431407669
-37.4304540947
-34.0833054732
-34.4625116402
-35.5114212133
-32.1977205843
-34.0723571530
-36.5839880063
-38.8238139217
-35.9493031504
-32.7859091693
-33.8164939398
-32.9610161405
-33.8440051842
-37.4899998380
-36.8913847672
-37.2715268834
-31.1831899090
-31.0164576159
-32.2012159704
-30.3342794707
-32.6240289763
-36.2720575952
-35.1673060989
-36.8846360867
-37.7261439036
-35.9796107017
-34.5676268200
-36.0826428847
-39.1385626192
-38.1656634756
-39.3351752043
-36.5846987288
-36.3236908517
-37.2202587023
-32.8624282478
-33.0041659774
-32.6187910935
-32.9669531103
-31.8908014759
-32.7856489588
-35.0165295877
-35.1496350045
-37.3062178852
-39.7242162652
-37.6120443137
-37.3950640079
-34.6735511139
-36.2254317937
-38.7222562824
-31.2277145980
-32.7178385439
-32.6636433101
-32.7304827769
-35.4434554605
-34.4567209550
-34.6321580292
-34.5752687578
-36.3339012424
-39.8251771010
-37.8948387631
-38.4543922972
-33.4005085799
-34.1407553005
-36.8819614774
-30.1243066901
-30.5988397432
-32.7348053988
-35.3614641650
-38.0371991603
-35.4751469175
-34.5652201817
-33.2428176839
-34.9896785809
-38.3236663425
-40.5135806915
-38.5584950948
-32.7247645844
-33.4913017670
-32.8696132039
-29.9826052096
-31.1297325804
-34.4805892249
-38.1678668574
-39.5747563739
-35.4059034099
-34.2552652950
-33.3838226710
-34.9319750131
-37.6745015955
-34.9126364957
-34.6312984298
-30.5651222548
-32.3878602788
-35.0380714951
-35.5951692535
-37.6554918948
-36.7906427045
-37.5805677620
-39.4568908391
-35.4736167188
-35.2995363748
-33.6770178636
-35.2271405488
-33.3286163550
-31.3980600997
-34.0987822337
-31.7225558008
-31.0827494750
-31.7411331133
-31.1305753606
-34.0161669561
-35.9423473514
-37.2718777137
-38.8071474354
-35.1016796627
-34.7318657295
-33.8771193924
-35.3918286766
-36.4901486708
-32.7287816869
-34.1245160146
-32.7101267047
-33.6884788285
-33.8439650532
-31.6788091629
-33.9125392492
-36.6468297809
-38.3725641317
-39.7864935971
-35.9279165990
-34.6522085766
-35.7574753367
-33.1452706436
-34.3618964315
-35.0192857629
-35.7255314395
-36.0146745519
-33.4109351777
