-22.3571695597
-23.8575367287
-24.8679780569
-23.8237881610
-25.6560664156
-23.2767322848
-22.3287935284
-25.5710988434
-29.5439606613
-33.7337919158
-37.5474729737
-37.1647313380
-34.1278081510
-36.1376265250
-35.7833062006
-26.3666232879
-27.7576404562
-29.3107837309
-25.3091289888
-24.5680561062
-24.6213632808
-28.3604061602
-29.4514573223
-31.2482286173
-35.3475913880
-34.4266477317
-32.9960204414
-34.7738245413
-37.6822276784
-23.1751603375
-24.4248243880
-26.6835767980
-27.7544622444
-22.9682181480
-24.3406892338
-28.8101543855
-31.3095660950
-29.0544142868
-30.6931037254
-33.7541803471
-33.7868867662
-33.3394287352
-36.3711749484
-28.7866356515
-25.2495780295
-28.0183402919
-26.8197219391
-26.6460519269
-23.2516030714
-27.4332909779
-33.0034746588
-34.2435298762
-30.5060593676
-29.8799924503
-33.2064398227
-33.3138800870
-30.7921990947
-25.7290577697
-26.0503999311
-24.6572517975
-25.0923337165
-25.1850610354
-23.1083117971
-26.9551265682
-31.5130426199
-35.6443259583
-33.7695703882
-27.7222490646
-28.2588963871
-31.8024692905
-33.3593770075
-23.2833230147
-24.3359329237
-24.6651824302
-27.6549784858
-26.3273326070
-26.1442574226
-29.5155315522
-34.1521372951
-36.6463365358
-39.0046481055
-33.3059856996
-26.1857501963
-27.3178941813
-31.7221855446
-29.0290844171
-24.9455418870
-25.9771677818
-26.8860422903
-25.9233311286
-24.7914809608
-28.7703847042
-32.8970195832
-34.9156282839
-37.0059025150
-37.3183533375
-30.5832153877
-25.9249415913
-27.4405096038
-26.2431974572
-27.0401355720
-24.2749164890
-27.9209731845
-27.2879491146
-27.5116250973
-31.7394151832
-36.0235735321
-37.7966457469
-38.8250865082
-38.4943936975
-37.7250486864
-32.4797564576
-28.0704538602
-25.3991208508
-26.5617290648
-27.1501792692
-26.4787952934
-27.1609528147
-29.0293472184
-25.6185700236
-26.7189371221
-27.6166962898
-28.6469122858
-31.7172557669
-31.9992877673
-34.9776764762
-28.3076686136
-23.7567648460
-26.1151175798
-29.4346302898
-33.8964488432
-30.4484321672
-29.1295546410
-31.0171515088
-34.9009036590
-29.1420901177
-32.7432098399
-30.4215216141
-28.4320472592
-26.2066344585
-29.5807916218
-26.5624928667
-24.4369209972
-25.4723750006
-29.7381614867
-30.0675870083
-32.5100225793
-31.0367101136
-32.1835901814
-25.1381465259
-26.7510803988
-30.6600594110
-30.8437274927
-28.3408346142
-28.0009177633
-30.0228422326
-28.1235746053
-23.8584817761
-26.0256798069
-29.1910526483
-30.9538203666
-30.6117234653
-32.0153108541
-26.7932580114
-27.5122141353
-26.3757061090
-30.7820650627
-29.4828212520
-28.0108355862
-30.2083123773
-33.4616557548
-28.3887873749
-24.4925972673
-25.1512814010
-29.3222498688
-31.9723318974
-32.6873225792
-26.6722168034
-30.4208691321
-28.5425194620
-27.7997157939
-28.0495747748
-27.2379858612
-28.8430342898
-29.8368244811
-32.6238089040
-27.6678039529
-22.9103579131
-25.2434028516
-29.3145548517
-32.6108423333
-33.8217564313
-33.3141985542
-33.7975929923
-28.8083342066
-25.3388488011
-29.6689360878
-28.8290385220
-28.2215294541
-28.8264946602
-30.8026891237
-25.3085425390
-21.2018600570
-22.6350434355
-26.7591120034
-28.1696696381
-29.6280000044
-30.1336432549
-34.4361525680
-29.9408159705
-28.7265565001
-30.5902346316
-31.6633634546
-30.2272094471
-28.8561264360
-29.8609529675
-25.5103322592
-21.2683215292
-23.2973511573
-27.9311874639
-30.3725577833
-30.2949305282
-31.1840106865
-30.7924593064
-26.2547270321
-27.2370421033
-30.7800312733
-33.5471618460
-27.4562297572
-27.5627534766
-31.2564880667
-26.2242382385
-22.7575695510
-24.9917767346
-30.1506230290
-29.6068969600
-29.6853695785
-28.3938971086
-32.3821485663
-27.5658708332
