-32.6956066352
-31.4361053896
-33.3252530225
-29.4360090257
-27.2767703631
-25.6491572123
-29.2818678488
-30.0329167052
-31.3022672208
-31.3202399560
-30.7658089636
-29.0927728691
-31.8742268908
-36.0972121520
-33.5379689972
-34.5398178162
-32.1596532889
-28.4742688895
-24.8121658570
-23.5305190794
-25.6935912893
-28.9171519236
-29.8858219700
-31.2446283738
-33.0567015634
-29.3129120305
-29.7457283546
-33.5266504272
-33.9373111589
-30.3364038875
-27.5805423831
-25.7778015272
-25.2208006739
-24.8718035592
-22.4436492191
-25.5328438201
-30.0911536448
-30.3979705100
-32.2014580569
-31.8417729246
-30.7197579548
-31.4953404584
-35.2553793462
-27.0096700730
-29.2119252588
-24.1586328709
-25.7635908535
-26.4968224040
-28.6793610786
-29.5388444614
-30.4746009320
-31.5209849109
-29.8753552430
-29.6455520025
-30.5186453336
-27.3706938747
-28.4768761857
-28.2700583087
-29.6216733640
-28.4682076385
-27.5566274990
-27.0807506214
-28.8525132496
-32.8153260357
-30.5500209149
-32.2664449690
-33.3686760216
-29.6644192981
-30.9870666349
-30.6649866165
-30.3238580569
-28.3045137139
-30.9175991527
-32.3060101029
-27.0776630294
-24.4687781778
-26.8057442931
-30.6641127643
-34.5276979101
-31.8474781611
-33.7541298636
-33.4283797277
-29.7591907531
-30.0704182700
-30.7399159525
-30.1531966734
-29.2067249123
-32.6397439543
-34.2384538062
-28.6669848377
-29.6476686461
-33.7896273904
-34.7807246906
-35.5237909797
-30.7481987090
-30.5760071395
-30.9472153993
-28.2708531840
-29.0974553866
-28.5467074486
-29.4140204859
-29.7076662348
-33.3744446855
-30.7042772976
-25.4003053941
-28.9001125702
-32.7110277401
-34.8509352501
-31.8324428413
-29.2039544993
-31.2121938196
-32.6836653773
-31.3212005380
-30.4928843663
-32.2046129591
-28.5428871227
-31.0611933209
-29.5282159111
-27.7150615242
-27.9986664800
-32.1367054528
-34.8326323966
-34.4520928152
-34.3114257173
-32.4555580644
-31.9548964213
-32.7853680370
-30.6123409856
-31.5282203489
-31.2635409800
-29.9081613442
-32.2931716889
-33.6982697858
-37.1465385212
-41.0338849298
-34.1168352368
-29.9968611887
-29.3696563221
-32.4881052414
-28.8076946828
-29.5763382600
-31.3058519285
-30.9384484623
-32.9378326950
-31.6836586823
-28.9182613879
-31.9313750865
-33.2661254104
-33.6253561272
-36.3680420539
-36.1627842111
-35.2035622670
-35.6942866152
-31.7192105972
-29.9247566403
-30.2821231950
-32.1437700193
-30.9936418366
-32.1277521085
-32.0839381466
-30.4293137279
-31.8265201127
-34.1040214354
-37.3885807157
-37.6822949982
-33.1338769982
-32.6789207216
-35.0178681896
-30.1714166786
-28.9928450739
-31.9194519533
-33.7201314546
-30.3768998282
-30.9960989606
-33.0146469451
-29.7223481321
-29.5607863999
-30.3933591946
-31.3844527075
-34.3915631578
-32.8932083259
-29.8333873550
-33.1279723855
-30.6291110496
-29.6015943366
-31.1656521640
-30.7364024460
-28.7910657293
-30.9061860874
-31.1514337294
-29.3217216878
-31.6490764064
-30.5695821086
-32.9892847115
-33.5786332339
-28.0294323114
-31.5283135466
-34.7067663006
-32.5040674879
-31.3304645951
-31.6381035023
-32.4302346736
-29.9479439694
-30.7872265932
-32.2420446184
-32.6765775193
-33.4425502611
-35.0901423213
-34.7821202545
-31.4530825860
-32.0393616681
-34.6584847185
-38.8143064887
-34.9871541409
-28.6643930771
-29.2306307368
-30.6835988775
-28.3450705040
-30.4822571109
-32.9524977644
-31.9302164345
-29.4695983547
-31.8701191712
-29.1153828110
-27.1511540924
-29.2122165421
-31.8615710235
-35.9858428289
-32.0105247703
-29.6999880460
-30.5279857705
-30.1627455475
-30.4216575479
-31.2666389242
-28.4747362345
-28.8697014660
-28.5296745810
-31.2442296352
-34.9235161951
-34.5347469328
