-17.2995235637
-15.4266232586
-15.6052969141
-17.4144375334
-15.0075953598
-16.0987920043
-17.4922900705
-16.9026939684
-17.4861382023
-17.1776680177
-17.5911900067
-17.9223995959
-18.1539894596
-18.2477084558
-17.3627356307
-14.8143809018
-15.5161853428
-16.5067887144
-16.1065621241
-12.5427283030
-13.6962632654
-15.5556158601
-15.7156513563
-16.8482863936
-18.1585011025
-17.2004786430
-17.0559924314
-17.4997469073
-16.7605095478
-15.8932362659
-13.5384182189
-14.2217890747
-15.5578930429
-14.7833898008
-15.8407226604
-17.1978998346
-16.8299654137
-14.4339808755
-15.2394286330
-17.2797876089
-17.3272898564
-17.7613271478
-17.3737046715
-14.9990912203
-12.8582812262
-12.6488248713
-13.4682399749
-12.9560574695
-13.0770249332
-14.3934874857
-16.2295478240
-17.4741943565
-16.7306356651
-16.1424467651
-17.5550011533
-16.9916942054
-16.5335607553
-15.3461880100
-16.4484222840
-13.3982157777
-14.1148005516
-12.0416883063
-12.2089993975
-14.6246100393
-16.5946043957
-17.0118949294
-17.6953174973
-18.1779535685
-18.3533311920
-19.6367789630
-18.1416831222
-16.8518814604
-17.5732082112
-16.1450644220
-15.1583525579
-15.8040250108
-19.1683704291
-18.9360025310
-19.0208743107
-15.6162737073
-16.9380789044
-18.2011538503
-17.8569194285
-18.3292259924
-19.5899485949
-14.3277885142
-13.8833647135
-14.8925480439
-15.6407789500
-16.8198249167
-12.1615398431
-12.2918633004
-13.6697100120
-13.3846213154
-14.0652968347
-15.2993744467
-15.7978563027
-15.2872169919
-15.1602387681
-15.7733588429
-12.3994965220
-12.9361234234
-13.3225122263
-11.6385565881
-13.5111645756
-16.0599751299
-16.6919909661
-16.5086464470
-17.3644703853
-17.5454522773
-18.5832937355
-18.3867341071
-17.2289427198
-16.8390780045
-15.9084424751
-17.1070599907
-15.4146444398
-13.8768490519
-16.0184745646
-11.8471999507
-13.1024337957
-15.5161115495
-16.6149320024
-18.0042757289
-18.8375142528
-18.9655087284
-20.2611812633
-19.7851657445
-18.9158950119
-19.5192602967
-19.0861059173
-19.3283981210
-19.9356005607
-17.4580469779
-17.8490949436
-16.9320047151
-17.9168341855
-18.6535302494
-17.9927914602
-18.8292418617
-19.5663456858
-19.9807919876
-18.7959023825
-18.3377404873
-19.2036737971
-19.0712298384
-19.8198710090
-17.6867279123
-17.8643891899
-17.9762155688
-17.0712452635
-16.4704483823
-17.0230322606
-16.3944988741
-14.7495700110
-15.7611910216
-17.8289537667
-16.1214149050
-17.2524705326
-18.0651782532
-16.2035939605
-14.6017579966
-15.7515295219
-15.9252513849
-15.9617185933
-16.9636612424
-17.1402467262
-19.3825001898
-18.2722641872
-18.1629894440
-19.6172902579
-19.2613722205
-18.5301703979
-19.4524971860
-20.6594672243
-17.5836205623
-18.1382822438
-17.4611721193
-18.6519689736
-17.3015509058
-17.7160891396
-18.5579211525
-20.0394587574
-23.8194952925
-21.0513851060
-20.1560996918
-19.1683250976
-19.7006603195
-20.0800647478
-17.3489418197
-17.6644920940
-20.9407613981
-18.6572677092
-17.1804060814
-16.9820353065
-18.1125963668
-19.2254267235
-19.7178809175
-22.8383141669
-20.5168193464
-19.8536610190
-19.3637196243
-19.7900696315
-17.7601400267
-17.9790623629
-18.0369459131
-20.9116836987
-18.2093304487
-18.3276284694
-18.7750103538
-15.6437357727
-16.2077573523
-18.0452726896
-21.8520841178
-21.4754449637
-19.1667224089
-16.4801305854
-14.5909197185
-15.6377055899
-15.8868047545
-15.9915626970
-19.0762942488
-18.0651666053
-16.7130448307
-17.0668734322
-17.9987090059
-19.5857994402
-19.2268650196
-22.2851478288
-22.8377859958
-21.8172804821
-17.7751636897
-18.1837222282
-17.9331407956
-18.8216038092
-17.3683619244
-19.7607899798
-19.7854272580
-17.8051916450
-19.6794873665
