-18.7235738453
-16.0913546116
-15.6608411544
-17.4518472088
-16.7296064774
-16.3584135716
-16.7347874149
-18.8324692681
-22.5815653519
-24.9498800163
-25.8628104800
-25.3902632481
-24.1691914577
-24.2075124960
-24.9501169046
-20.1584907867
-18.1690662346
-17.5451338251
-20.2840138831
-17.2241514600
-16.4187270690
-18.9355779017
-20.2317579159
-22.0153793695
-23.0705189420
-22.5567636906
-22.5152851488
-19.8026167787
-19.7182485878
-17.8039397805
-18.4988906078
-18.8895035782
-17.3296693242
-19.1594636746
-19.1542413179
-20.7915668162
-23.1328493843
-21.7660006284
-22.5804235470
-22.1724812978
-21.0323676405
-21.6897352581
-20.1859062557
-13.6885268190
-13.8109895513
-15.9962827711
-17.8059334450
-16.3860193380
-15.8806036991
-18.2137281683
-21.4772832910
-23.8532840125
-22.2718653891
-22.2852565915
-22.9280795040
-22.6308489781
-21.3494907971
-14.5195374996
-13.9958953559
-16.4048827553
-17.4235643891
-16.8347566810
-15.7765746087
-18.1361474847
-21.0889604816
-23.0915844461
-24.9364422412
-21.9623544086
-22.0170739862
-22.3254107741
-22.6490832243
-16.8083354474
-15.0664938792
-16.2048341871
-17.4117085659
-17.7047187928
-17.1933856187
-19.1352031250
-22.7052915658
-24.1007855886
-24.6766123322
-24.4909544390
-21.5199878071
-21.4649653047
-22.3331032054
-14.2371286100
-15.4665055802
-16.7618300347
-17.9836102533
-18.5309005519
-19.9608527767
-20.6923121817
-21.7807420850
-22.9748529045
-22.7374594490
-22.8308962104
-23.5971048263
-19.8812279431
-20.0901042771
-14.9228426523
-12.9644010886
-15.3499073537
-16.3742839138
-15.9267349958
-17.0276591303
-20.3352730297
-22.8920317504
-22.8799830371
-24.5986238722
-23.0722666321
-22.9680589148
-24.5306775178
-21.6822124135
-16.1632753621
-15.7203468309
-18.0880290065
-17.8640047094
-17.4789765733
-17.4277950968
-18.9264679028
-20.6572107669
-19.4873396888
-17.6984374579
-18.8827264160
-22.8149313635
-22.4521792433
-19.1843210268
-19.0226815629
-20.8213215877
-21.8587862181
-21.2131786275
-21.1709505173
-21.7627551040
-20.2260526735
-22.1644626266
-25.9618178671
-22.4246990598
-20.8455886131
-19.0431036625
-21.2035572517
-22.1382394913
-22.5487916244
-18.8173303809
-19.4657019707
-20.9601582074
-20.1861211585
-21.4016703910
-21.1791556051
-20.6577635576
-23.1456800175
-25.9680318853
-23.9854509066
-20.3952097932
-18.1561967526
-21.0273808826
-23.0052614369
-23.4440148297
-20.2806699733
-21.3553669196
-22.7927525211
-22.9693224316
-22.2883467687
-20.8482994757
-21.4835387323
-24.9718556377
-22.2458338454
-17.2419830963
-16.9016622048
-17.1779373197
-18.7394415925
-19.9324922726
-21.0138408170
-19.1600138770
-20.1631176499
-21.7697342181
-20.7403905276
-22.2499868796
-20.0678114952
-17.9576861625
-19.6821736399
-22.0373238949
-22.1887542451
-19.1445772249
-21.6841491008
-23.6041538478
-22.7558917689
-21.4195809930
-20.7134268850
-21.6161121380
-20.1461093776
-22.0981940507
-24.0763036696
-23.0190293636
-20.0944735045
-17.8768767807
-19.5436839621
-21.4548261039
-22.2396133586
-26.3070088780
-24.4076659396
-22.4642978697
-20.5847941986
-21.5961729184
-21.2435548005
-20.6899896949
-23.1779074467
-24.3655944831
-26.9513554420
-22.6092902271
-20.9117199657
-23.8255125399
-23.9799786818
-23.6631248375
-27.0377146824
-26.3493962312
-24.2052599841
-23.3464729384
-22.4005252564
-20.9371430506
-21.5352975866
-25.0068405333
-25.3955477939
-25.8510738039
-24.0021523628
-20.4353393803
-20.1234359868
-20.4445956742
-21.1900391913
-25.0056728119
-24.2841779577
-23.0464202197
-20.9959690517
-22.3134164277
-20.3970714058
-18.0389098105
-19.7386797457
-22.6727741515
-21.4894498130
-17.1700325696
-16.9147802497
