-27.9970430494
-31.8250843832
-30.3099218209
-30.3009231680
-31.3212134688
-31.9822134405
-33.2175382608
-22.7098860401
-25.2870109700
-29.3320421147
-30.3294325178
-30.3843941782
-27.2436134230
-29.3535594315
-30.9790971586
-30.2695074405
-33.2164430530
-33.2007280791
-29.8766394667
-30.4710265697
-30.5528365983
-31.9687484396
-25.0096808524
-27.6872900464
-30.6270681805
-30.1182104735
-29.9516658946
-28.8876418370
-31.6023056020
-30.3953606105
-34.6258844406
-36.1911990593
-36.9072641447
-31.3432317948
-32.4023725910
-35.2810872231
-38.3295204436
-28.5966460854
-30.8641418067
-33.8442433772
-34.6330305827
-34.5415577484
-34.6166255919
-35.5627644640
-37.8868395161
-36.4283658594
-37.5241678440
-39.9021596061
-32.7828604078
-32.0804142799
-35.2966080147
-38.6653100478
-28.9140423170
-31.0885103661
-34.3601500378
-34.0471800585
-33.5289573856
-33.7676634603
-37.7265219115
-41.2743528487
-34.7384784698
-36.7677790227
-30.6407001704
-31.6829479486
-31.4004382439
-33.2406453470
-37.4282183147
-27.8578750551
-30.1958882227
-34.4364697443
-34.7456414018
-33.2924249153
-34.3957135941
-34.6207708189
-36.3431769359
-35.7649929814
-34.3688069224
-32.3066353817
-34.2273708479
-34.5610347609
-33.6740001444
-34.0817195765
-26.8053675597
-29.1211877226
-32.4981473378
-32.1500163825
-30.6776385995
-31.0849619190
-32.4263871476
-31.4665695795
-31.2686170441
-31.7130638992
-30.9120699792
-32.0887993134
-34.7430082218
-35.0000495050
-37.3756762755
-27.4309736710
-30.0288335618
-31.2954253239
-31.7945515857
-30.9057990023
-32.0418861111
-33.4991637845
-37.3803613885
-31.7720982780
-31.0325285748
-28.8570533590
-30.6149469825
-31.6715490964
-32.2237145331
-34.5031370027
-24.2206759040
-25.4057193375
-29.0585660017
-29.5738966115
-29.9415642373
-29.2282292743
-30.7628288190
-31.2136308036
-31.3274650041
-33.7785289058
-29.9071903872
-30.3885239123
-31.9263546813
-33.3891304688
-34.1135042638
-22.3954983659
-25.2028421562
-30.1837475988
-30.4636629728
-29.8236430075
-30.2650100636
-29.2489348839
-28.2763823487
-31.3392392704
-33.6687376651
-29.2805033514
-29.4297949921
-32.3700001730
-34.7096765255
-32.2950138853
-24.9344925855
-27.7014346913
-32.1269365104
-31.0980954930
-31.7332037732
-28.8435624752
-28.6143327247
-30.2165899434
-33.3210468637
-34.0737889618
-30.8155818939
-30.0105138924
-33.4097558039
-31.1342584558
-33.6664630996
-24.4983516908
-27.2444095788
-30.9684880235
-34.4998319493
-31.0453255767
-28.7131342297
-30.9513334518
-34.5144620254
-35.0048420217
-33.4868819997
-30.4959136674
-29.7546635752
-31.6675682656
-33.4641776105
-34.0850246805
-25.5225932841
-28.1394591595
-30.4627205104
-33.9252468965
-30.5224565781
-29.0885162550
-29.9918096920
-32.6820328615
-31.2940931985
-31.9075145489
-28.6130044697
-27.9354194782
-30.2627251125
-32.6486636513
-34.1158901926
-23.9312219714
-26.6830887187
-31.2056652173
-32.4891978503
-29.9187225728
-28.9391831768
-30.9089966016
-34.5688721647
-29.5250040318
-28.6390411997
-25.1732401678
-26.6751490403
-28.9049336228
-30.1913947310
-30.2800816276
-23.8997376411
-26.7864911942
-30.9510991478
-31.8182282830
-31.4203671004
-29.3737989862
-31.0558104124
-31.0434885594
-28.4973073290
-27.9522465074
-30.3114326121
-32.7124388310
-34.1867389856
-38.2605060834
-38.2417630549
-35.8159660060
-33.5657145282
-30.1507188394
-29.0728634172
-31.0531111951
-34.6930760125
-32.9051016816
-31.7408897287
-25.8512433906
-26.9956846625
-29.1054779331
-30.2462735220
-30.3148697398
-35.3188632236
-37.5858599915
-34.8699216352
-32.6054076551
-31.7764494068
-29.5076410467
-31.1293959668
-31.1277169043
-32.5448780107
-29.2742271968
