-19.1149117794
-22.1811640740
-23.8707207852
-22.0733289279
-21.3631201953
-24.0735526602
-24.9237242194
-20.3575593257
-19.9486318708
-22.4933496680
-21.6676677298
-19.9451235418
-20.7487263526
-24.6079953535
-19.9285243472
-19.1736885899
-22.5885328242
-24.6992080320
-21.9996786203
-21.2266073634
-23.8440458345
-23.5001403145
-19.5364420422
-20.0783066993
-22.7945183274
-22.8154608526
-19.3924685044
-20.1944388600
-23.8022229234
-22.4039002371
-20.8852443761
-23.2890191852
-26.6735890532
-23.2303446550
-22.2166240916
-23.6529299635
-23.3414732377
-20.1890171348
-20.6731885413
-22.9419755827
-22.1765993686
-19.5381871479
-20.7021691446
-24.3215655825
-22.0605630123
-20.9277482344
-23.5482005229
-26.2547309091
-22.2841691235
-20.8692238660
-22.3176251221
-22.8019155959
-19.2145793878
-19.7282337208
-22.3237278037
-21.6446694054
-18.7575916868
-19.7519117037
-24.1320472368
-22.6639360030
-21.9048346466
-24.4949844712
-26.6668326132
-22.2434051918
-20.8921639357
-23.0589997017
-23.8879866841
-21.1680894703
-21.3518236322
-23.4409091130
-22.2770035965
-21.4826467594
-23.3808610180
-26.8411304992
-23.4767251253
-22.7791399397
-25.5611641804
-27.1172928874
-22.3015554150
-21.6015635654
-23.9810441230
-24.1319760495
-20.1386279505
-20.5216119011
-23.3436183656
-23.6156432969
-21.5709271871
-23.6294060313
-26.8866054269
-24.2085637606
-23.2421888360
-25.8444273857
-27.5241010092
-22.9015637699
-22.1662426757
-24.0124210081
-23.9578632647
-20.3931073743
-20.5788753361
-23.1556263165
-23.0925048913
-21.8100359746
-23.6516392517
-26.7953073274
-25.4908098952
-22.4268351244
-24.3814738625
-27.2524929806
-22.4067923320
-21.9056217525
-23.5072631284
-23.0183898328
-19.7308630242
-20.7077734100
-24.5295835874
-23.8529979024
-21.4011292441
-22.5431549871
-25.6290807611
-25.0670633898
-20.1747067786
-21.5371022274
-24.0354050981
-21.1722541525
-19.0894019568
-21.1496959905
-21.7354898140
-20.0270113078
-20.8056298984
-23.8671671420
-22.5387818815
-21.2057658214
-22.8273386752
-26.6917741039
-23.5283907683
-19.9958195418
-20.6585972623
-22.3660271173
-18.8982899270
-17.7305030691
-20.4103680986
-22.1135245445
-19.4180831915
-20.2835128750
-23.2052180366
-23.1998856416
-21.0153943159
-22.6240523880
-26.3763676299
-20.9441842845
-18.7491419230
-20.9966642320
-23.7329444518
-19.4624758501
-18.4488988570
-20.9702248963
-22.9434125764
-20.5856136599
-20.9471022916
-23.6579723702
-23.4043098654
-21.5318449209
-23.1818093265
-25.9696967230
-20.7157648911
-18.9276873965
-20.5436703599
-22.8313946181
-19.1586687903
-19.5924872828
-22.4184889248
-23.8803667501
-19.9868998406
-20.6376599126
-24.3222672589
-23.8874817948
-21.2905974712
-22.1890455206
-23.6993836061
-20.5687555594
-19.0737128609
-21.0438065956
-23.3360476303
-22.5910883439
-22.4113920077
-24.8393676949
-25.5645870726
-23.0485265005
-23.6014533317
-26.5325931018
-25.2904299823
-21.7249738878
-22.4001964229
-24.1530376732
-21.9690435332
-18.9607058215
-20.4560902968
-22.4203997361
-21.1808864599
-21.3572142921
-23.8288862360
-24.8165350830
-21.7363934321
-22.6006268496
-25.1808782222
-22.4906180935
-19.4708803111
-21.3806903103
-23.7960801312
-20.4477570459
-17.7846336071
-20.0228971020
-23.4898328155
-21.3078245277
-20.9144696594
-23.1089422487
-24.6446088608
-21.8701785648
-22.0934843394
-23.7180165820
-21.0580522258
-18.6472294939
-20.1777891889
-22.9800208858
-19.4595940998
-18.9963043616
-22.1622294545
-25.2838897292
-21.2962586905
-21.2479913412
-24.1148059457
-25.1674197036
-21.5718812889
-21.4418103250
-23.5682730915
-21.7553500608
-19.0237715970
-20.0845220086
-22.5846413074
-19.5649578979
