-20.9123310011
-22.7897296629
-22.7461538912
-21.0606245768
-19.8285434623
-18.9394034123
-18.1705990279
-19.7141240297
-22.7597017339
-23.3754897941
-22.8776514872
-21.0761298370
-19.8296956442
-18.9278686474
-18.1696203206
-19.5903745190
-21.7843410349
-20.8709689776
-19.7761696765
-18.9146599824
-18.1563909418
-19.6515786785
-22.2442220911
-22.9678427203
-22.7713827876
-21.0489266950
-19.8150266861
-18.9251176514
-18.1635254076
-19.6670412182
-22.3757326349
-21.7123685105
-20.5144217809
-19.4786452480
-18.8855874557
-20.3319705454
-23.0903675361
-23.8818917806
-23.8707518661
-21.9917363429
-20.5620612632
-19.4985870565
-18.8834384423
-20.3131407873
-23.0900827271
-22.0514245369
-20.5590176907
-19.4875261105
-18.8733471413
-20.3148599980
-23.0742745349
-23.5922695477
-23.7602110360
-22.0311085949
-20.5652355889
-19.4868114988
-18.8733044200
-20.3105231337
-23.0783058764
-23.5933246354
-19.1561935453
-17.2697519817
-16.9450230870
-18.0632894606
-20.3090887353
-21.1800644050
-21.4833316010
-21.8571615135
-18.7224747400
-17.1654445601
-16.9075422189
-18.0637477441
-20.3090240059
-21.1774558137
-21.4809314381
-18.8600271375
-17.2257994759
-18.1283670264
-20.3278964856
-21.1630936732
-21.4733270382
-21.3792662825
-21.8249742150
-19.0418181369
-17.2711203592
-18.1709835173
-20.3479405660
-21.1724548268
-21.4790258070
-21.3828988917
-18.1080937990
-17.8068733135
-19.4749789787
-19.8912247448
-19.9483276544
-18.6378243295
-16.6408392748
-17.6898271606
-17.3890960220
-17.6205266552
-19.3925578423
-19.8712078505
-19.9427777627
-18.6394736327
-16.6342045189
-17.2124872401
-19.2309041349
-19.8070805151
-19.9095094825
-18.6208018128
-16.6249042095
-17.2948203515
-19.5613524863
-19.9354892414
-20.1333292222
-20.0643018782
-19.9919202607
-18.6464462750
-16.6329410025
-17.2992077050
-20.5185981096
-22.6412173200
-22.7054054950
-21.0453872960
-19.8219203585
-18.9326249579
-18.1750303972
-19.6703035761
-22.6819475901
-23.3661856031
-22.8774197563
-21.0729736356
-19.8287700149
-18.9377346904
-18.1764337289
-19.5932692141
-21.7889199865
-20.8743128940
-19.7753243116
-18.9086841716
-18.1578369948
-19.6572204861
-22.6428355510
-23.3504266052
-22.8567270900
-21.0657511386
-19.8197286238
-18.9281353323
-18.1663074739
-19.6469104003
-22.3861514650
-21.7101793651
-20.5154367367
-19.4796110093
-18.8781539406
-20.3133932315
-23.0897189483
-23.5888207704
-23.6362116868
-21.9654458853
-20.5649456016
-19.4990272158
-18.8868367316
-20.3338917117
-23.0922317403
-22.0482113739
-20.5554109732
-19.4785947591
-18.8681493769
-20.3020358257
-23.0580637262
-23.5940897359
-23.6006649395
-21.9471261951
-20.5560064830
-19.4880594801
-18.8805126771
-20.3297464462
-23.0800988783
-23.5958451947
-19.1407517189
-17.2558740147
-16.9369772319
-18.0741937623
-20.3106551848
-21.1750802477
-21.4784108785
-21.3996301251
-18.5043925977
-17.1313166714
-16.8982742742
-18.0263963362
-20.2978232449
-21.1647766354
-21.4810453617
-18.8637633136
-17.2233850721
-18.1507310071
-20.3391050142
-21.1738244990
-21.4762243223
-21.3845313650
-18.4646604464
-17.1155330729
-16.8825515213
-18.0276119529
-20.2901424641
-21.1568757752
-21.4688607155
-21.3820315188
-18.1027549245
-17.8000948588
-19.4631542268
-19.8833782568
-19.9500779352
-18.6394852839
-16.6396197742
-17.3036792069
-17.0758578794
-17.5318876145
-19.3701148927
-19.8638895539
-19.9421097562
-18.6311416745
-16.6401984544
-17.2085931241
-19.2358675791
-19.8077601730
-19.9175915852
-18.6222841142
-16.6197439877
-17.2983843480
-17.0261664720
-17.5110771372
-19.3453908820
-19.8451581838
-19.9326269111
-18.6261821139
-16.6282455372
-17.2953653724
