-22.3291922541
-20.2179653928
-21.3135129487
-24.3158046927
-21.1091107165
-19.3229039172
-20.1515052143
-23.7029825507
-27.2811357046
-28.2648786701
-29.3403248872
-29.3333198829
-30.7726987499
-29.8045155017
-28.7943785739
-24.1948709269
-22.0410303025
-24.9106540806
-26.6626873581
-22.6634129968
-22.9062514840
-26.5548547994
-29.1977637774
-30.8876566639
-29.6552303059
-29.8535984143
-32.0005667845
-32.7759796723
-30.2965332024
-25.0872252702
-23.2452091108
-25.3205226387
-26.9189221864
-29.2381315656
-28.0968634142
-28.3097839733
-29.5547458600
-29.8669753886
-29.6749792343
-28.2511457020
-28.3779452215
-29.5923730013
-30.2178923174
-24.3238984449
-22.7955449448
-23.5209715054
-27.9248543505
-27.6047446673
-23.7648767222
-25.7970623748
-27.3747096816
-28.3877141662
-28.5858583179
-27.7904375000
-26.3971133852
-27.1230719330
-28.2831064412
-24.9305933023
-21.5463533543
-21.3449752803
-21.3316617542
-20.9742303578
-21.7843733988
-25.1434064252
-28.7232138850
-27.8527549858
-26.8145099380
-25.8262902504
-26.0349283331
-24.6755947884
-26.0686406486
-27.1065555970
-26.6658189622
-26.0809909975
-23.2266589799
-21.9670058634
-21.8605675698
-25.8876367863
-28.2969869911
-30.1883537494
-28.4361032004
-27.8364004814
-26.3613129020
-26.1667702743
-25.5278790917
-22.4050550112
-25.1278765707
-25.8492976340
-28.3561068444
-23.6833514498
-21.7390758258
-24.2100201754
-27.9791570619
-28.6454416362
-28.9780363054
-27.1110711198
-26.6035299545
-25.2927874317
-24.4292415171
-22.1173345122
-21.2614408049
-24.8192847774
-27.7630194604
-22.9031859014
-20.9179275067
-23.5764160380
-26.7915892895
-29.5714265974
-29.6101204795
-28.1696087920
-26.9081861850
-27.9149054694
-27.0881802487
-25.0639745115
-25.1923081262
-27.5203311807
-23.9901826159
-24.0575891321
-23.9384703734
-22.3528326991
-22.6180908313
-24.3502678764
-26.4314017903
-25.9435331446
-26.5557662012
-24.0235376276
-20.8583441685
-21.5106240666
-23.3493766933
-23.0543366137
-23.3535064251
-24.4904573165
-27.5343463745
-23.7508822436
-21.8302884885
-22.5641285921
-23.9387966077
-25.4171052402
-24.0427492900
-24.2081702154
-19.5739112647
-20.8991585892
-22.2104851719
-23.4545126274
-22.5613711237
-23.9471868216
-24.3711469630
-25.0884797327
-23.6030068440
-22.4314412707
-24.5742325740
-25.5657923400
-28.0914766414
-25.8509301049
-24.0359319980
-23.1396783260
-23.8004907884
-23.8544594963
-23.0594567007
-22.2739263726
-24.7010579999
-24.8502228071
-25.5418204884
-25.8817451391
-25.8344344894
-24.2125601581
-23.5706162985
-27.5459756310
-24.1517443805
-24.0889025811
-22.3813537281
-22.9230668655
-22.5740218206
-21.5531473434
-21.7834775452
-23.2450317519
-23.8663968778
-25.4050125113
-25.9627732812
-25.3072945624
-22.9984260233
-23.1139160614
-26.1102719434
-26.0162319183
-23.9083039257
-22.9818695618
-23.1043335340
-22.0929069664
-23.3333639582
-23.1112349733
-24.0873607302
-26.2486127079
-26.1708197392
-26.3060962165
-24.3440681035
-23.0341786130
-24.9852287197
-25.8685597789
-26.5547732543
-25.6216252490
-23.1941195600
-22.7963307591
-22.2975357431
-22.6032859436
-22.2401117802
-24.7780392679
-24.2580454429
-27.6023263749
-26.7867980280
-23.8505472582
-25.5236030685
-24.3771162980
-24.9848416403
-24.6413037901
-24.5650643170
-21.7619136208
-21.7691011658
-21.0088631327
-22.3900378115
-24.2599433025
-26.2228297328
-25.2450172034
-28.9838606353
-26.6855665781
-21.8487065678
-22.2564248606
-22.7221237812
-24.3578062517
-24.2236806534
-23.9357737513
-22.3203450577
-21.2856029636
-21.6825360631
-22.0509571908
-21.7146508646
-24.3771007576
-24.3436719610
-26.9323004325
-26.2496665041
-26.8094312764
