-20.3075792306
-18.3465566224
-20.3164393902
-21.2884717588
-17.6684664781
-18.8418032390
-17.5248709491
-18.9986307259
-21.4590386632
-23.7539218969
-24.2627136717
-22.2476552656
-21.1914437451
-22.9675293557
-25.3327266372
-21.3395587174
-22.8298579403
-19.6908279389
-18.1133627701
-17.8270287318
-18.2834701352
-20.2929983199
-21.6206574293
-22.6743173006
-24.3657058171
-23.5963785629
-21.1097593014
-19.5924044360
-21.1594235182
-17.8776354013
-17.7695257903
-18.2514122914
-16.1963248710
-16.6120360201
-16.6933515874
-19.3991459820
-21.7419109698
-22.8443430778
-23.0473717409
-23.6736083978
-22.7137879400
-20.9305846763
-19.7020261259
-16.3807257682
-16.5591366226
-19.1645436246
-18.6899858036
-15.4083605325
-16.0608204984
-18.7204771932
-22.5894519864
-24.1721651862
-23.3405204306
-21.7181035256
-23.4935353361
-22.8923437446
-19.5852829125
-17.6983442437
-20.9382783827
-19.3766111217
-17.1382452950
-19.0955758331
-18.2538033835
-18.7959114503
-20.3602417250
-23.1155083966
-23.0296993434
-21.8505578267
-20.9292926792
-22.3520533557
-22.0939607577
-19.5652569483
-16.3149581862
-15.7819885694
-18.9733332172
-17.5299884537
-16.1758212119
-18.3416837969
-20.2502005922
-21.6195427888
-24.4988294013
-23.9029831760
-22.3380226315
-20.9623123984
-22.3833914053
-15.5579072698
-15.4959755585
-14.9857414543
-15.8385451705
-16.4216191754
-18.7196486588
-21.4196263016
-21.9263636221
-20.7775127905
-20.5175054835
-22.6602930423
-22.7007009682
-21.0514537281
-19.7542575074
-17.4265134506
-15.7251342095
-16.7554192414
-15.1447503439
-16.5738353556
-16.2939341062
-18.6581959307
-22.9636663788
-23.0351508466
-22.9616416522
-22.4897610862
-24.3220225926
-24.3930759574
-22.9909705011
-16.9207806428
-16.4793150108
-17.5862123484
-17.4462817925
-17.2166817020
-16.7840800939
-19.4130563156
-19.4860282699
-17.8919263495
-16.8456726346
-18.3719279252
-20.4531710085
-18.1041077684
-15.0659475643
-16.3232590746
-17.8543574476
-20.1941087498
-18.9047136701
-17.5645979297
-18.0226679278
-19.1283055745
-21.2857350076
-21.9983490899
-21.0608226493
-18.7637888762
-15.3618680451
-16.6939885200
-18.5094738537
-18.9602967349
-17.5836658926
-17.4503946930
-19.8683519868
-18.7173300556
-17.0945957232
-17.1617226226
-19.2259057343
-21.6632829740
-24.9418044097
-21.4957505566
-22.3681075169
-16.1555803411
-16.7931137117
-19.3739248549
-19.0106548549
-18.8153561416
-18.8280819249
-20.5045220722
-19.1226508151
-16.4670902253
-16.6304553953
-18.6239398870
-19.9612294986
-21.3036948007
-21.1188861387
-22.7705296494
-15.7580231730
-16.2945477357
-19.0185544192
-18.8172268190
-18.2423708995
-18.1366756849
-20.2589843576
-18.1080213025
-17.5508727251
-17.3496085477
-16.6443152409
-19.0306613889
-20.1902262868
-17.9719460288
-15.0609375144
-17.6534311459
-19.0836682341
-20.7730464642
-19.0725464394
-18.0328977476
-18.1727273258
-19.1273242781
-21.3162471117
-23.6383218594
-20.5477910303
-18.1279592328
-16.8846422771
-17.9173131886
-19.0178424019
-19.1160885560
-22.1630618579
-20.0271860789
-20.9754524451
-19.0531263477
-17.1369299954
-17.1893426251
-19.2444209088
-21.7095631387
-23.4699894072
-22.5371727164
-21.2209306100
-18.8276961339
-18.6474547553
-20.1971329037
-19.2754702683
-22.1165745744
-20.9278051927
-21.4227255365
-19.3965335095
-16.4904109064
-16.6190928096
-18.5871930516
-19.9717208264
-22.1046682767
-25.5115090417
-21.6540732802
-22.4893778833
-21.4094288356
-21.0756650749
-19.3924400326
-22.1742704028
-20.8739970061
-21.3428871094
-18.2803229875
-17.5936613967
-17.6262888612
-16.7113204490
-19.0631179647
-22.7386828295
-23.3938923361
-21.6797772981
-23.0299427211
