-23.6387684832
-25.8702828741
-27.6005955225
-27.0248944114
-27.9585123038
-26.7388439734
-27.5141508370
-27.4949223507
-29.5513410983
-29.1299935090
-30.2438992508
-27.9969291451
-30.3438205685
-33.6771201354
-30.0429924650
-26.3942821254
-26.4966618749
-28.1914834084
-27.6379753989
-26.3746510205
-26.5852322759
-29.1547200957
-27.6163752313
-29.5289525281
-29.7344317984
-29.9296954854
-28.7745869436
-30.9704920495
-31.5961304408
-27.7579912900
-27.6882402901
-25.9605673075
-26.2677712914
-25.2373260675
-26.4044290890
-27.4474550585
-30.3215057892
-28.5068160753
-30.0010517656
-28.1040574310
-29.4556258883
-28.1506055646
-30.0696259815
-27.2050257005
-26.9800434779
-27.0643792811
-26.7958122322
-27.3472644584
-25.5900295797
-27.8955449304
-28.0972543814
-30.2900615940
-26.5244721706
-28.6280540480
-27.9178377086
-28.9731401806
-27.0270926179
-26.1394027233
-26.4982982320
-26.9174541258
-27.3603190591
-27.1107241715
-27.7920544380
-27.2891181265
-30.0087040607
-29.9307881171
-32.2844604248
-27.3899663786
-30.0360081736
-29.4040223997
-29.9527326420
-27.4378323993
-29.7906232989
-26.7365836239
-27.7776702910
-26.7453078406
-28.2194516474
-31.0695925931
-28.4632273650
-30.8916401165
-30.2169407963
-30.9873022476
-29.4244949814
-30.7769048589
-29.8674349667
-27.5034976862
-28.6819204773
-27.4997679854
-27.4423841652
-26.8913591549
-26.8070880763
-29.3191130913
-31.3418634235
-28.2830688962
-31.2977361628
-29.7446473756
-31.5851277532
-28.4466307727
-30.1988774371
-25.4363699724
-25.9035679762
-27.2329822843
-27.3569078288
-27.0217110242
-26.6736020145
-28.7224720857
-31.9682177063
-32.4540369270
-27.7524737620
-29.8303787321
-30.2024958070
-31.4835105341
-29.3648598799
-26.1525971456
-25.5987447347
-27.5506814629
-27.7196327049
-27.1740669712
-28.2023941820
-27.3063322371
-29.6592046956
-26.9850017400
-25.5234386607
-25.1950681852
-23.7244959905
-21.3969101982
-23.2856001988
-25.0150987047
-29.0211473045
-28.9570976717
-30.9104530408
-27.6746678505
-30.8619928027
-32.3357752200
-31.8120608843
-29.4305911829
-28.0974964688
-24.8093954433
-22.8728278559
-22.4996685549
-23.5638132477
-25.9126624342
-26.9905956490
-29.7010120566
-28.4874568363
-30.3076161744
-27.9178053422
-29.9981156429
-32.6015614509
-30.2011649688
-30.7791496605
-26.7377565183
-23.9803295232
-24.9327384299
-22.9840535272
-25.0229218861
-29.0582087119
-28.7312933984
-30.7423225831
-29.7533573500
-32.3919576504
-27.9717520338
-30.0737065135
-24.6305872004
-26.9458418028
-24.6688512855
-22.3820100844
-23.1971411253
-22.3494512390
-25.2408991109
-28.4673532096
-30.6259302520
-26.9688284765
-29.7792089257
-30.1297361954
-33.1853005284
-27.8272878864
-23.9611981268
-25.2018997177
-28.3037926226
-22.5230798471
-23.0088655680
-23.2865581954
-25.3897338029
-29.6115173302
-30.2497883241
-32.8844879932
-29.1077447547
-32.9290152677
-32.2250816600
-34.3425087202
-28.0771701647
-25.4247666014
-25.7246043951
-25.4816533027
-20.7670357017
-21.0590115237
-24.6255331277
-27.6124371006
-30.4881410021
-29.3044842753
-30.7952905607
-30.4303235052
-33.1264188870
-32.3325012111
-23.7546844413
-23.1516882013
-23.3279681234
-22.8151941742
-20.4758689990
-20.9111011535
-25.0393385224
-30.1337895349
-29.1669979536
-30.8710924516
-30.1285943702
-32.9506542713
-30.4424382378
-32.5532759873
-22.1083099463
-22.3354994843
-25.5514638548
-25.5320178833
-24.2318896239
-20.9584700652
-23.0735637991
-27.6544256965
-31.0887058625
-27.9972398442
-29.3345846886
-30.0578711430
-32.5925381846
-30.7365267243
-25.0186406941
-24.1907813331
-23.3838554101
-23.5288464730
-23.0211447190
-22.0854294363
-21.3747404085
