-34.4594279356
-34.5859516807
-34.9586266537
-33.9826812068
-27.5517494926
-29.0800160110
-32.1829623080
-32.1024701427
-33.3976475500
-34.6151963733
-29.9590217315
-30.0737932526
-32.2238323830
-32.0501986484
-33.2895146848
-31.4996022352
-33.8928032958
-34.7136638505
-36.2471109353
-28.0624559028
-29.2281451281
-32.3561157475
-33.7696079339
-34.8478826176
-34.7203374460
-29.0295517588
-31.2898340097
-34.0511829171
-33.9640702439
-32.3852762967
-36.1855417229
-39.6399141530
-41.8532772285
-42.3651394573
-35.7783194606
-37.3825544214
-40.6700675896
-43.6255917519
-46.2340010828
-41.7980722263
-37.3531699216
-39.9606075679
-43.6607086728
-41.7954429216
-42.7123925602
-42.9675747503
-44.3029161878
-45.4456530568
-44.3263637152
-37.7457762969
-39.4980638317
-42.7959994682
-45.1230916183
-44.8566012461
-43.2132417322
-38.4288268222
-40.8502207986
-41.5799074014
-42.4783768381
-44.9143915278
-36.7121610406
-31.3801870429
-31.3146175676
-33.9754522381
-29.0832058734
-29.3486400106
-31.9159345643
-30.9990855668
-33.0734651544
-31.7098235562
-27.0696288273
-29.1129347382
-33.3306617993
-33.8412308887
-34.2788345242
-34.0249364860
-33.9670995745
-35.5491027149
-37.1072530346
-31.8912403378
-32.8945741123
-32.4047779375
-32.7624952924
-34.0282467439
-32.8854472821
-27.4631350798
-30.0255763928
-33.7717634132
-34.5744091529
-33.7318099127
-34.7165158275
-33.6732532050
-34.8715929521
-36.0738215814
-33.0494453971
-31.9797602359
-32.7654909642
-33.2810519764
-33.9433076793
-31.9518399026
-27.8138837424
-29.9722705266
-34.6407100582
-31.0976799289
-32.3490110597
-34.3347891046
-34.6744741511
-35.1052617849
-35.6225833897
-30.1588553018
-31.2799835038
-32.1988921890
-33.0021464233
-34.5198203539
-35.7986211554
-26.1789173664
-28.5652886300
-30.7007003543
-30.9979890554
-33.5557656640
-35.9451022281
-31.8186956297
-34.6220667257
-36.8329471678
-30.1621539099
-29.4245364075
-29.9215357102
-29.8695878624
-32.1912075258
-31.1720733096
-27.3091142995
-30.1068103608
-34.1722551610
-34.1246480623
-34.0830141751
-36.8343038828
-34.4633272263
-34.7130825771
-36.1383748020
-28.2187318484
-29.5601960631
-31.3423009916
-32.4304741706
-32.8416902861
-32.1286492574
-27.7271736687
-30.7856704885
-33.8943762214
-33.5606643805
-34.9989698218
-37.2144641390
-35.2182066113
-35.8785928716
-35.3669208557
-29.0899765563
-29.6631221155
-32.7678574672
-33.2323173023
-32.8455041360
-30.9401534292
-29.4986320339
-32.3778932656
-35.2056348938
-33.3515473475
-35.9275204464
-37.2179465736
-37.2539425025
-37.4796832580
-36.3596324302
-29.9641845411
-30.8488579391
-32.8302836881
-33.2302045389
-34.2268413698
-34.3991364902
-30.9714073142
-31.9027479145
-34.8538558210
-36.9232173215
-36.7716420632
-36.6601212781
-37.3770123033
-33.9953189445
-32.0297804437
-29.5834041077
-30.5037990209
-33.3382843226
-31.7585219899
-32.5126091671
-32.9747219202
-29.6007800330
-32.2819320870
-36.9410606009
-36.3843861893
-38.7101557612
-37.4867478516
-31.0403077658
-31.1054319098
-33.9134933686
-28.0123826130
-29.5518925902
-32.0203053684
-32.7305591563
-32.6413699610
-32.8324288169
-28.5903544081
-31.4627803178
-33.3787750826
-36.9309058645
-36.0919561363
-33.5708825437
-31.9467301747
-29.5971396644
-30.5295250316
-33.3464648101
-38.0801560851
-34.6312621776
-33.5383211271
-29.7132899053
-32.3386789612
-37.0095661871
-36.4108565815
-38.7275536960
-36.2405305527
-36.3874245895
-33.9680886390
-35.0187510969
-28.0880278613
-29.5941064481
-31.9878345669
-36.7387686456
-34.4502855680
-33.2909516782
-28.6046867696
-31.4550464621
-33.3519823358
-36.9050076796
-36.0877241360
-34.8669466871
-36.1284971070
