-28.3820917798
-29.1880259141
-29.4336425262
-29.0037895045
-28.3239972341
-27.7078895182
-27.8976732376
-28.9374872835
-29.3972335913
-29.4481626019
-29.4930847338
-29.0174331458
-28.3234975239
-27.7114858782
-27.8954866818
-28.5872978967
-29.2870604443
-28.9698092124
-28.3090836036
-27.7016742108
-27.8882965512
-28.9739816611
-30.0612564859
-29.9802167023
-29.6200253569
-29.0468992167
-28.3307756864
-27.7133940979
-27.9000293841
-29.0145099691
-29.1303495209
-28.4503902529
-28.3638886069
-27.9590430868
-27.8670640462
-28.5911635304
-28.8877648270
-29.2188396489
-29.0638129815
-28.4338130795
-28.3542620655
-27.9533818622
-27.8671792644
-28.5176271635
-28.8672935393
-28.3817150559
-28.3066225960
-27.9140018507
-27.8474691925
-28.5777632711
-28.8684793800
-29.2166323796
-29.7859433730
-28.9163130365
-28.4343645730
-27.9512017794
-27.8573054569
-28.5095541254
-28.8461658964
-29.2247287200
-28.5107050127
-27.4163642821
-27.3561634431
-28.2208692190
-29.1447168361
-29.1101902289
-27.6890507008
-28.0958510502
-28.2085344048
-27.3617249844
-27.3447076513
-28.2402621172
-29.1467286227
-29.1159433689
-27.7002203890
-26.9902279872
-27.2575884845
-28.1910044147
-29.1247154832
-29.0842441374
-27.6726405286
-27.7512969865
-28.8780839136
-27.9217162876
-27.4648620640
-28.2769584515
-29.1575293532
-29.1016356049
-27.6712630892
-27.7536544276
-27.6094660271
-27.6484874385
-28.2644152088
-28.4976659432
-28.6658598473
-27.9693415179
-27.6747778919
-28.3478771672
-27.7988872626
-27.8119522249
-28.3108610702
-28.5043460069
-28.6711171609
-27.9621397360
-27.6786629445
-27.9351812773
-28.3430496561
-28.4943323844
-28.6461679002
-27.9532316898
-27.6762498362
-27.9157598987
-28.6515171296
-28.7467831212
-28.5232832106
-28.5474363010
-28.6713411243
-27.9615066835
-27.6782473825
-27.9230419449
-28.6562786165
-29.2236775164
-29.4330366600
-29.0091607416
-28.3278330924
-27.7113033415
-27.9021719239
-28.9839201978
-29.4357527012
-29.4588261063
-29.5053133925
-29.0196455932
-28.3295859619
-27.7138459085
-27.9051960768
-28.7171176830
-29.3345005461
-28.9753720483
-28.3133958695
-27.7064486440
-27.8977301994
-29.0138562031
-29.4303439215
-29.4542160858
-29.5014697669
-29.0155689421
-28.3225874300
-27.7126238192
-27.9014275370
-28.9828353345
-29.1304284906
-28.4460546845
-28.3602132773
-27.9551424992
-27.8591981416
-28.5106389885
-28.8675420998
-29.2203711441
-29.0636472746
-28.4356539808
-28.3663923362
-27.9672209866
-27.8703471163
-28.5824639127
-28.8860443223
-28.3805589906
-28.3203374399
-27.9304003716
-27.8509865826
-28.5150366969
-28.8607507019
-29.2238315720
-29.0361541531
-28.4178171751
-28.3516042805
-27.9462111504
-27.8682460033
-28.5876085973
-28.8871770850
-29.2265061865
-28.5069222325
-27.4179863984
-27.3555821739
-28.2464774242
-29.1580433039
-29.1297475388
-27.7008560307
-27.8362399529
-28.0028738850
-27.3247166537
-27.3405390843
-28.2189415804
-29.1500867786
-29.1119715792
-27.6887283489
-26.9921646880
-27.2545436182
-28.2100555421
-29.1380691372
-29.1022531225
-27.6825324602
-27.7534162238
-27.9820634153
-27.3275750997
-27.3340312003
-28.2157335963
-29.1407411627
-29.0944713663
-27.6801232357
-27.7564597955
-27.5975092306
-27.7583317669
-28.2961895273
-28.5087760801
-28.6751834554
-27.9627986803
-27.6796429462
-27.9014301264
-27.4898877060
-27.6128164154
-28.2570062932
-28.4968594162
-28.6695921387
-27.9658694383
-27.6768194541
-28.0558781191
-28.3693232786
-28.5094518540
-28.6653627263
-27.9589123332
-27.6766032582
-27.9249385134
-27.4648594746
-27.6460173683
-28.2782595113
-28.4925743366
-28.6515520831
-27.9573057519
-27.6765462964
-27.9236892379
