-34.7718580696
-30.3241428629
-33.4576257026
-36.5894162024
-36.8452638617
-37.8341356498
-33.5532515813
-34.8330777322
-33.7046210217
-34.7349274251
-38.5723303266
-35.8258618277
-36.6936937795
-32.3340870768
-33.8353715916
-32.8740186809
-30.1297323106
-33.3142555072
-36.7636337663
-37.0260566256
-35.8543698994
-34.4616196714
-36.4366991133
-33.5131064776
-35.3952010749
-38.5087998416
-38.2315190427
-38.5391009159
-33.1559134359
-32.7593067305
-36.5150008235
-36.6642704386
-37.9621636890
-40.5295248045
-44.9031584040
-45.9280828284
-42.2524496796
-42.5144025556
-40.5683636592
-42.0892684851
-45.9986234753
-45.2705176823
-46.0305958541
-37.0290367521
-36.6911512142
-40.3197061542
-37.4696580264
-38.4608522805
-39.6225369370
-42.6690084091
-45.7864047214
-42.4991549259
-42.4260561647
-40.4401660428
-42.2310812527
-45.7024068480
-45.9390168974
-44.2563654912
-37.4964002778
-38.8557176927
-36.8967430566
-33.1742926726
-35.4832005355
-38.9683802915
-40.4578112432
-41.8260585661
-37.4578565825
-36.0612485677
-34.7706178590
-36.9660525787
-39.2202535567
-37.9918601874
-39.6109154403
-31.8810092233
-33.0363325490
-33.0731440985
-30.7324798479
-33.7540016899
-38.3558173735
-42.3207545842
-42.7551902485
-36.2209654798
-36.5292710491
-35.0502328338
-36.7935076232
-36.4358615187
-37.4187199686
-37.6342348099
-30.8467840102
-32.5824015769
-31.3304361127
-30.2588711368
-34.1611139443
-38.9906859973
-42.6894304897
-40.9303996532
-36.0566191253
-36.6133155476
-35.2362492601
-36.7539800400
-37.2056221213
-36.7512394041
-38.5271247027
-32.7277589653
-32.5526882489
-34.2524495701
-32.3502189082
-35.1821342697
-38.1550258646
-40.4502133186
-38.1374000798
-34.9118623356
-37.0305164700
-33.2030337711
-34.0077909948
-36.7369627123
-36.4062659953
-37.7759543844
-31.6715271111
-30.5875923877
-33.5676137129
-33.1380442686
-35.5006334207
-37.1272181282
-38.4840823182
-39.5361375952
-37.4763484458
-37.2425760655
-35.6727356477
-37.4272111541
-38.0621043992
-37.9239423448
-38.1556550318
-34.0645249109
-33.9300407625
-35.4769567512
-33.6461523487
-36.0052124189
-36.4125058960
-39.3619536984
-37.7772101316
-35.1499068697
-35.8821284040
-35.9201231989
-38.6154905186
-40.8659810850
-39.8021852621
-40.0412369433
-33.7793820428
-34.5985013914
-37.0682212764
-34.2915318187
-36.9494158556
-37.9826259074
-39.5983942068
-38.8118571384
-35.6897879285
-35.9258206691
-35.7113350121
-38.6330489765
-42.1751059679
-41.2842344343
-41.9227032513
-33.7685139979
-34.8802511404
-37.0071427292
-34.9624702763
-37.0474198715
-38.9284397428
-38.9276953499
-39.2345134136
-34.4443214128
-34.2186298148
-35.2322658201
-38.6309711703
-43.0277250551
-41.0556287687
-40.7409500252
-34.4816779734
-35.9020689032
-35.8771753185
-33.9052106104
-36.3367571018
-36.3638191231
-37.6801136238
-39.8190821935
-34.5141319470
-33.8237591600
-34.2060580933
-37.3904488023
-38.8236741141
-39.2346532261
-39.6236282625
-34.9194887382
-36.3732618268
-37.5668024354
-34.5487064503
-36.5597442971
-37.6980255132
-37.7819509044
-40.1176420832
-36.3951946988
-35.3563324366
-35.4070724298
-37.9566526354
-39.5574581232
-37.2621929184
-39.1956033484
-36.5547523732
-35.3378716439
-37.3908837878
-36.5639050990
-37.7643341824
-39.8706274085
-34.5249274974
-37.7916175552
-35.7928460080
-37.9886470194
-39.0607696833
-39.2692290155
-39.6214196990
-34.9304318708
-36.3515658661
-39.4300074738
-36.5467350039
-37.7630059367
-38.0621497098
-37.8646762164
-40.1480441281
-36.4071540809
-39.8159013879
-37.0654146129
-38.3787108269
-39.6464116816
-37.2863201101
-39.1893207252
-36.5697553259
-35.3414770649
-38.7767868042
-38.9815138624
