-22.3613484812
-23.4210035550
-23.7433451644
-22.0334828637
-22.9089817669
-23.3659603325
-23.7637698444
-26.0149916927
-30.6644829961
-30.2490413092
-28.5727622369
-28.5592855879
-33.1660059683
-33.7825964415
-33.9125417795
-26.1655002684
-23.5319754878
-23.6814859522
-21.7717602431
-22.2519999643
-22.1511814685
-24.4555138358
-26.7269169506
-27.1288198946
-26.7945292961
-23.9759577059
-25.8629995285
-30.2858502955
-31.2044729040
-23.3960374573
-23.3662788097
-22.3355046622
-23.4802645376
-20.9406539666
-19.4551200226
-21.4782943586
-25.7297050566
-28.2360521222
-30.7391508464
-27.6919725764
-23.6448698764
-25.4779546659
-30.2081194761
-25.9268938280
-23.7491229028
-23.0611564917
-21.7331272001
-22.3433511490
-23.3491760354
-23.4924375332
-24.7786969230
-25.2063336764
-25.7779970104
-28.9660419556
-27.7353062526
-23.4839424556
-25.0871760802
-22.1447253681
-21.7509070460
-21.9091585685
-19.5622949445
-18.1959755111
-18.5987731311
-21.6004774075
-23.4549152468
-24.6370562525
-27.8106343287
-25.8622693866
-28.7894643193
-28.4196904371
-24.2923377328
-19.6128860835
-19.9307342232
-19.0676503181
-20.6272475646
-18.6941025891
-19.5818250742
-23.3629685408
-28.2616797386
-27.2617285664
-26.4687984988
-28.1932686398
-28.4772762131
-29.7827483320
-27.8909051354
-22.6156738388
-19.0174009441
-19.4842702241
-19.5311446088
-18.3637552072
-18.0820519051
-20.3215025170
-24.9088300058
-29.0518289890
-25.2173739001
-23.0078234264
-25.7534218732
-26.0337709721
-27.9423105572
-22.4211234100
-20.6551005879
-18.6399474508
-19.8295894863
-18.5305031149
-17.9314474862
-20.9000143036
-24.5720278945
-28.4154325324
-32.3009625070
-25.4997283089
-24.8024383383
-27.2709524889
-27.4010376768
-21.8380909583
-18.7991284991
-18.4992103734
-19.8892504991
-19.8780769259
-20.8930597984
-19.0602297481
-20.7393224916
-23.6775128667
-25.7142308768
-24.6081429664
-23.1449058648
-24.0083974459
-25.4801231045
-26.8687712102
-30.0010504669
-29.0150265082
-25.8700252493
-26.5595373255
-31.1077776921
-30.3011225347
-31.1586911745
-28.3486720389
-29.5156506566
-30.6702050903
-25.7928575554
-25.7235764937
-26.3078905132
-28.9174833272
-29.0190125383
-30.3197244410
-28.9081791506
-25.4642618355
-27.9465904549
-31.3804459621
-30.2009565380
-30.2073323768
-32.2760067791
-29.3526182721
-26.9234027469
-26.9328648789
-25.7175929140
-26.1363617265
-27.2223809173
-28.0838592991
-26.4724039192
-25.8555569566
-25.9241790819
-28.2718318829
-32.6392468325
-29.0680100201
-28.3222508355
-27.5678670940
-25.4132654969
-26.2796918377
-24.9676081081
-25.3116417764
-27.1197953305
-29.8969398665
-28.3164938112
-29.7829684089
-29.3791546966
-25.7229874540
-27.9025628774
-28.6758682909
-31.2360012468
-33.5400493902
-25.2225017483
-24.5678994616
-25.7042496184
-29.2338076368
-32.0480936543
-29.4054542088
-25.9509032205
-25.9697510960
-30.6648221911
-30.0967255457
-30.9855131294
-32.0322660497
-27.2871762405
-26.1082951156
-26.6286229164
-26.0005635452
-26.3893109146
-28.9294893173
-34.3810070988
-34.4815977149
-29.6087080813
-25.6555382270
-28.0397372120
-31.4734373575
-30.3039369621
-30.2527762257
-31.6370574772
-28.4957499513
-29.5224666517
-30.6471614615
-27.0142956251
-26.6005666302
-27.4056166233
-30.5607180641
-27.5322543188
-26.1049356639
-26.0383848773
-28.2997755215
-32.6510366252
-29.1033858755
-28.3447377941
-30.9066314190
-33.1993403157
-29.5655530601
-26.9584963853
-26.3428520921
-27.5940992830
-30.1871122349
-34.6725193209
-34.4938639171
-30.1828504603
-25.8815807233
-27.9898140903
-28.6212833683
-31.1998305181
-33.5006564404
-32.4729223430
-28.8727243271
-25.6583215840
-26.3648367636
