-32.0244985327
-24.7561775824
-25.9554407397
-20.6542992342
-23.5758541759
-21.0078067456
-24.3850741010
-25.4861079715
-29.3603663508
-23.7813606821
-26.7609114705
-21.9494590315
-24.4251091864
-26.0739691629
-28.8106968225
-29.1357686574
-23.6641825033
-25.6210362010
-19.9311795538
-22.9607470725
-21.2662307677
-24.5566132378
-25.9220598371
-29.5030724407
-23.6168265436
-26.3754847190
-21.2085401175
-23.9765635575
-26.4914498671
-28.5094596123
-33.1054828383
-36.1108881514
-40.0188910948
-30.3949385760
-33.1439087288
-32.1101353820
-35.4927053714
-37.4952959981
-41.2354661073
-33.9014368804
-36.6172756662
-31.9155177003
-34.2880856230
-35.4922548645
-36.9836395255
-37.5797172208
-38.2207312534
-41.0221896354
-33.8046782432
-36.3088678247
-33.9094594348
-36.8757603994
-38.6851664051
-42.0400832919
-34.3798031377
-37.0463414698
-32.7781312912
-34.7476130569
-37.3953177310
-38.5671998860
-32.7303973247
-26.8409337186
-28.3097645437
-23.1656736108
-26.3495489800
-23.8728244913
-27.2832173827
-29.0406269433
-32.9876328063
-24.2904761096
-27.2844096971
-22.2869874381
-24.5519397894
-26.0267025212
-27.7857614481
-30.6889597506
-27.6850439366
-28.9950342073
-23.1851441872
-26.1414675713
-23.4742964891
-26.6836596323
-28.1165799514
-31.8278418581
-24.1275912754
-26.6680559866
-20.7058185898
-23.2274512553
-24.8937234804
-26.5544560721
-29.4116539781
-29.0320956159
-29.6652128750
-23.0848551834
-26.2076973015
-24.3422051879
-27.5670579587
-28.4369576196
-31.7936997544
-23.0834829087
-25.6139431574
-20.2761505689
-23.2627701563
-25.2003487994
-28.3335784511
-31.3163069963
-30.8006138924
-30.2269324088
-23.1267000924
-26.1482550848
-24.6387858144
-27.8832023354
-29.1688233145
-32.0725910838
-23.1279182906
-25.8718777834
-21.8288657298
-24.3783603802
-26.5699069509
-28.7406247646
-33.0586266012
-34.7747152168
-32.9504665586
-28.0409217630
-31.4586505853
-29.3088405464
-32.4212075062
-31.5261166395
-35.3546403949
-26.4641496219
-29.2955632592
-25.9689316194
-28.2019268268
-32.0337405709
-34.5675646748
-36.7520757032
-37.3382731139
-34.7010610629
-27.8895755931
-30.9606001016
-31.2399044193
-33.8711849902
-33.9714700778
-37.2131889392
-27.2260614106
-29.7539437731
-26.3690053224
-28.1027317668
-32.4139565378
-36.3632572618
-40.0193571548
-35.5535483193
-35.3150377450
-28.0388620710
-30.9712040565
-27.2611395251
-30.4799708511
-32.1536774671
-35.5919832522
-27.7725035860
-30.6790742762
-25.9476991123
-27.8959009399
-31.0592048317
-34.9877289302
-37.7823664580
-37.8397424774
-34.9734354200
-28.5493678137
-30.9211385378
-27.5986484491
-30.5834470957
-32.8796967159
-36.6317465306
-28.5976778620
-31.1397397070
-25.7666706629
-27.5383233349
-31.7820342468
-36.0697928180
-37.8834023906
-34.8807301050
-32.5175842541
-24.4247557638
-27.2944530946
-24.8985574597
-28.2047062839
-28.6974088969
-33.6636900812
-27.3691053994
-30.3212028332
-26.7995794671
-28.9902623655
-31.6992118291
-35.5277977028
-35.6323834092
-36.2393874106
-31.5937095603
-24.6432378880
-27.7128710579
-25.2589288083
-28.2165970550
-31.1854593068
-35.0880230511
-28.3499860273
-30.8916750490
-26.7957047706
-29.3901353596
-33.7899730407
-35.9315724990
-33.2240902058
-24.4003709386
-27.2209995782
-24.7474779632
-28.0586989920
-34.1468178189
-39.6384111192
-27.7243164957
-30.4184327067
-26.7443524260
-28.9431368472
-31.5781615804
-35.3788090163
-38.5739420896
-39.4955795171
-32.0922442054
-24.6014978417
-27.6372840652
-25.1572209446
-28.1288150636
-34.3627430673
-39.3505911134
-28.5492538773
-30.8165709459
-26.7581695427
-29.3481622945
-33.6993119067
-35.8872523591
-39.0693437176
-36.8593696611
