-24.0476505872
-21.7983924677
-22.3569222870
-23.5547006480
-22.5560257757
-24.7061703144
-20.7929571949
-20.6609961316
-21.2201305531
-24.4156574131
-24.4667107202
-24.2053920304
-23.3132693791
-21.4001867926
-23.0579497994
-21.2153159871
-21.4168843656
-21.7696021675
-24.1788737267
-24.2903673723
-24.1697313608
-20.9962059588
-22.1181345651
-22.0078500582
-25.2108569486
-24.4408746672
-26.0785002116
-23.3739298116
-23.0209764204
-22.2681576945
-25.4063187428
-27.4444956325
-31.1608751323
-34.0767768753
-30.4930539527
-32.1717524834
-31.5102799745
-32.0318608397
-31.4285941997
-33.5006926857
-32.5479384109
-34.6659078776
-33.0962123167
-29.3363077857
-29.3905366969
-30.4567356422
-30.0621872896
-31.6525044697
-34.6909192766
-30.2125806272
-32.7357349042
-32.0311371656
-31.7661237975
-30.3178278731
-33.2722617350
-31.8375694009
-33.6922874998
-30.8196378399
-30.7654050510
-29.4541707724
-23.9208730582
-21.8865434387
-21.5981743462
-24.7006204167
-23.7703916586
-26.5913880210
-23.6684209854
-22.9426578363
-21.8705294058
-24.6212739395
-23.0970320653
-23.3209423998
-22.8219493238
-21.2985889553
-21.9944200168
-23.5665616477
-22.0022406137
-22.1607678799
-25.6953156650
-25.8485998478
-27.7601014600
-24.2787005595
-23.8081676832
-22.3810326694
-24.4813356562
-22.0571479028
-24.7957582669
-23.3104536635
-22.0601824112
-22.0080092911
-23.3402317330
-22.6039643026
-23.3514816880
-26.8720568558
-26.8971148735
-26.9592575996
-23.4309615116
-23.6529584512
-21.7913434486
-23.3432571745
-24.0583995413
-25.1303337017
-23.1120233730
-22.1270749778
-23.3671021659
-23.7963662337
-23.2615208916
-23.2195180431
-24.3880154136
-24.1312264810
-26.1875522573
-23.2846642091
-23.3084017462
-19.8453031701
-21.9754737396
-20.2723043567
-23.4220754623
-23.2350142412
-20.6361763264
-22.1732878191
-24.6197553999
-24.7462507079
-25.8975326109
-28.1893887547
-27.9183335276
-30.2529768788
-25.0352204524
-23.0333086477
-22.0052634738
-24.8053576169
-24.0181871040
-26.1923461050
-26.2870489656
-24.5334103869
-25.3809332056
-27.1260805427
-26.2120056962
-25.9975691629
-27.2365307337
-28.3626755732
-31.1433334952
-24.4903304391
-24.7534952128
-22.6406567614
-25.6341179919
-24.8567565829
-27.6225270959
-27.0386558493
-25.4594925699
-25.7319395130
-28.3348471497
-27.4901763905
-26.8116281809
-28.3317802665
-29.1705580595
-29.3792038831
-24.6572763875
-24.7286236222
-23.4285018009
-26.1310112042
-27.0623584341
-29.3370651089
-26.0073575224
-24.5282385160
-26.3557358189
-26.4973298778
-25.3063197321
-24.9123681155
-27.6959495361
-25.6024058209
-28.9196336378
-23.5931472695
-24.1405617440
-24.0349455225
-26.9926721555
-28.2969326121
-27.8825071546
-26.8137396508
-26.4067684011
-28.1981919472
-28.8180785507
-26.6870359275
-24.7956106839
-23.8909357508
-25.4246992810
-28.1164958041
-22.5991613846
-22.5229452097
-23.3130829696
-25.3348731269
-26.5108337004
-26.8803901191
-26.5484155295
-24.9010586068
-26.4611021752
-28.0414007488
-26.3149744762
-23.6035130202
-25.8513676601
-24.0574285989
-26.0283155811
-22.7929738902
-23.2293012302
-22.4842901636
-24.7341346721
-24.7903650247
-27.1113805140
-25.1766992936
-25.3734724997
-26.9872789091
-25.4127489498
-24.0194570880
-25.4695644572
-28.1076719055
-22.6033390145
-25.7785549574
-24.5878826877
-25.6863882089
-26.5314551616
-26.8826867148
-26.5342553472
-24.8965107256
-26.4563419822
-30.3753230083
-30.5018351250
-24.5571738048
-26.1538205123
-24.1427612461
-26.0170617445
-22.7970790231
-26.2222613905
-23.5118640872
-25.0092277538
-24.4294123990
-26.9799321317
-25.1127208477
-25.3354220246
-26.9848839254
-31.4471870292
-31.5870929199
