-30.4961777886
-34.2269656377
-30.2907865538
-30.7038487847
-32.1391794152
-34.6305799307
-31.3259982619
-25.8263161348
-24.4801614700
-26.5124506420
-25.3719643114
-25.1778605447
-25.1493162106
-27.2606203974
-24.2513679599
-26.6664416426
-31.9392500394
-33.0035083267
-35.1995956532
-33.9418797487
-33.9829051726
-27.8943357821
-25.8023494678
-26.8698975038
-28.7153881147
-26.1778169733
-28.1125175430
-29.8899762894
-30.2454579318
-30.9136312473
-31.3294975281
-34.7846951611
-36.1106564201
-36.4634232467
-32.4752487056
-30.7846296524
-28.3112287225
-26.7876951762
-27.1656210864
-28.5312060729
-27.6957527646
-29.5296865471
-28.4783274040
-31.8364392031
-34.1654896464
-34.2693270743
-37.5120246208
-35.8109650229
-35.3855395797
-28.4079990178
-29.8930586962
-29.4360737506
-28.1463399003
-28.1046917752
-28.5758123280
-28.5285392234
-30.1070770501
-30.3426450810
-33.8691304922
-32.0036427425
-34.6057717665
-38.7216801793
-37.1844336158
-32.7312659792
-30.5813291590
-32.5532099419
-33.2254067710
-31.2408481587
-31.1004529159
-30.9311197938
-30.9498705676
-32.6553087446
-34.8443561464
-38.4691583158
-36.8623666050
-35.9684190011
-37.7930804536
-32.0243418745
-30.8877006904
-30.3343066571
-30.8691311562
-31.1242008174
-29.9434517541
-29.9677537179
-31.0529532856
-31.9078680006
-34.7742478722
-36.1045537482
-37.1461592102
-38.0534928086
-33.4471162575
-31.1314401432
-29.4394681599
-31.5785952694
-30.1427804385
-30.5716404959
-29.7655950671
-28.9291462642
-28.7215697609
-31.8705373125
-32.9062668114
-34.4356671078
-34.9386278920
-36.3433012307
-37.4456059180
-27.8889826621
-29.3118103245
-28.7215878821
-31.5804128603
-28.0848418761
-28.7762789628
-28.4965279926
-28.6283789911
-29.3025294463
-31.7474351535
-30.4539548667
-31.8941557403
-33.0244068187
-36.2736615796
-33.4275783682
-26.5749674913
-28.5450905004
-28.4840753706
-29.1872219621
-27.4037575891
-28.7863689639
-26.3668822026
-27.5634266582
-29.7228866758
-32.1989582099
-30.8728246034
-32.0904861561
-34.3913637940
-35.1799179551
-31.3497966381
-30.2638604683
-31.9302539754
-30.8613403357
-31.7530549485
-28.7773301559
-29.2880831633
-29.7969810076
-30.4217753541
-30.9459907163
-33.7305554529
-33.7896804829
-35.2067715419
-34.7964681447
-36.1734528908
-28.3496973399
-28.8711216180
-30.8709060301
-32.3621239171
-33.8118386080
-30.9037418970
-32.2640253847
-33.7503794470
-31.3467634294
-31.8788912857
-34.7057539297
-36.0557219825
-38.0442921924
-34.9542250591
-33.4825853179
-29.9669536618
-28.2281085383
-29.4902625313
-31.1760101385
-31.2590707705
-30.5686461169
-32.7956884692
-32.8494474343
-31.7003795489
-33.3497271595
-35.6258651707
-35.1138293523
-37.6498682165
-30.6553276920
-30.6745704254
-30.3219368811
-29.2459482745
-32.3362503179
-31.1453685853
-31.6607302717
-32.2653135009
-33.5477560670
-34.2316235703
-34.6136959485
-36.9589737864
-37.9672048007
-34.6228447787
-33.2140804551
-32.5691566661
-32.7899948823
-30.4586930530
-29.3153859812
-32.3387993632
-33.1811254915
-36.0599902218
-34.7097956281
-34.8795209948
-35.7733974470
-36.7403480564
-36.7080313141
-37.1830665557
-31.6833945760
-33.3751554044
-34.9051667311
-34.2263261242
-31.0737029032
-30.3020106184
-31.4404202423
-32.1973645756
-33.5403950524
-34.2794481560
-38.2106179396
-39.8363610272
-38.8070891709
-34.7670862226
-33.2757338078
-32.6421790722
-32.8271986886
-30.5260166973
-31.8881359212
-30.1374713390
-31.1964102241
-35.0086766238
-34.5031486804
-34.8258202858
-35.7337416993
-40.3028040404
-38.4718355375
-37.5721218871
-31.6348463127
-33.3486358150
-34.9212791446
-34.2188861401
-31.0274227535
-32.8407892485
-30.8632420785
