-22.9248003155
-22.1470116088
-25.5493601499
-24.1806887395
-22.9961734430
-24.6037387835
-20.1186123603
-23.7142195485
-24.2942097065
-26.4229623813
-29.7237825308
-26.5313451273
-27.6295903640
-29.1154255265
-23.9486626474
-20.5149901017
-23.8987977688
-24.9853568854
-20.8686322471
-22.2468501000
-23.8575574423
-23.1621510483
-27.2457792542
-25.2248954484
-24.5297156419
-27.8559176503
-26.4868359626
-27.8792111426
-28.2991204625
-24.7955110043
-18.4151839410
-21.2199052864
-26.4577841481
-22.6658494094
-25.4712991984
-27.8662368034
-24.2867710105
-27.4725402382
-25.5288280163
-27.1771493740
-31.9828206230
-27.5374740941
-27.3044408466
-23.8700890343
-20.2954748639
-20.6763810005
-20.8072947491
-24.2286285524
-21.8988976781
-25.7384318520
-26.7323050179
-23.2417629203
-27.1451122434
-22.7303392203
-24.1782238456
-28.6444603275
-27.2148334834
-27.2709020034
-28.9879683669
-18.6674198610
-20.7141738509
-21.9172536168
-26.0062066315
-27.4887225770
-31.5972826074
-31.1221488998
-24.9003245796
-26.7068909928
-23.3550987615
-25.3969718328
-30.4033715043
-23.0162097474
-23.7895269372
-25.3095458477
-22.9287785773
-22.3027464483
-22.4652183202
-25.2342294117
-27.2347584575
-31.0406184640
-29.7805967306
-24.5136912514
-27.4087029121
-22.9447226987
-24.9833528617
-23.9890498534
-21.9067752344
-24.6096032538
-23.5732650202
-22.9524941048
-26.5814792607
-28.3329713000
-27.5769563796
-27.4564601975
-31.1671681146
-30.7041685505
-23.2263664022
-25.5211083987
-22.4169626127
-22.6512477723
-24.0104208837
-24.3149114341
-24.6815744810
-24.7452810644
-23.7425800601
-25.8002017422
-27.1045645290
-26.8847464080
-26.3811291296
-29.8244106877
-30.8452188596
-23.8352219431
-26.7539750850
-20.1027666173
-22.5061686637
-27.4216241719
-23.0667102655
-25.5400753763
-26.3126623558
-24.5242952064
-23.7339516483
-26.8629792317
-22.3815984027
-24.9594133695
-26.8709758982
-25.9737733813
-28.6006502504
-31.9677736490
-27.2473780775
-28.0278179650
-32.0722493222
-32.0560734819
-28.7817019858
-30.2698815890
-30.4517437223
-24.3090430700
-25.6043800662
-24.0747967696
-25.6423800500
-30.2042603114
-27.4612838245
-25.6129411655
-29.0288410256
-25.8459109907
-26.7567972892
-30.3382266552
-31.0338840377
-27.0812373817
-28.1726523628
-26.1060891382
-21.3694921521
-22.9191805157
-22.8616232154
-26.8010242219
-30.6017253798
-29.9833573661
-27.4140171949
-29.7491628850
-26.0958424872
-27.3767059311
-32.0106386858
-31.9025809129
-28.8434110143
-30.3445222308
-23.9967422819
-23.1568548957
-26.4157062228
-25.6143198987
-28.3484856165
-31.1298646318
-27.2600468981
-26.6452156218
-30.3598384664
-27.3150693940
-27.4155719947
-31.7827203760
-30.3747870632
-25.4311747992
-27.7732971751
-23.1774918916
-22.3439764351
-24.7335456392
-29.0308502246
-27.6332333300
-30.1070187972
-29.2448867163
-23.8162342460
-26.3659397388
-24.8842937232
-26.6063754513
-31.1116731018
-28.4891022539
-28.1846583520
-29.3750236735
-28.9695412263
-23.4093652258
-25.5785090541
-27.3277563375
-26.9341957114
-30.6907281467
-27.8808798627
-24.3156221592
-27.6633764593
-23.9791980505
-26.1308234972
-29.7742959756
-28.3008668620
-27.9767115941
-31.8305113094
-23.8940272219
-23.5894771245
-26.8710056603
-28.3930012540
-28.2859519406
-31.0154025245
-28.3926400641
-24.2588053599
-27.1789669670
-24.5423171411
-26.2073814359
-30.9542786452
-33.2059116333
-25.2189079842
-23.7962328962
-20.6056758742
-21.1935190390
-24.8783088448
-26.6461192456
-26.8700179042
-30.6120341564
-28.3813448006
-23.3376373822
-26.8094053707
-27.1412051948
-26.0489279833
-28.1181904225
-32.4442886864
-27.5183168089
-30.7657675236
-23.5238843199
