-33.7624682927
-35.5969881436
-33.5346496792
-29.2684184024
-30.0554826302
-28.8517028372
-31.3465757103
-34.1878691594
-34.9780247259
-30.7368736717
-33.3652738398
-27.3053366920
-28.1757062874
-32.3927978244
-33.6837781884
-32.0466864396
-32.4255366207
-32.9748850377
-29.4911376709
-30.9523898545
-27.2950486212
-29.6313775720
-33.5560375277
-33.7314293046
-30.0960109358
-32.7899184945
-28.1719364524
-29.0891907453
-32.9016270083
-34.3420776221
-36.9658001374
-40.6090485881
-38.9945464562
-36.0630959410
-37.1249228324
-35.8933550524
-39.3356451290
-41.0654378660
-43.0917203021
-38.1394882473
-40.6440502994
-37.3623653623
-37.3678505249
-39.0769403457
-38.6388370786
-38.1973782331
-39.5471027355
-40.1269877021
-34.6703780858
-36.7590328034
-36.4514560975
-39.7232440236
-40.9420056186
-42.9698273239
-37.1060438862
-39.4782696152
-37.2933691302
-36.5001312235
-39.5722565236
-39.2061050324
-34.1960871911
-36.4034191944
-34.6658211446
-29.0808549070
-31.2479334471
-28.8496056081
-31.7572144504
-32.6229221117
-36.3014977647
-29.4119374889
-31.0048995469
-29.5664670413
-30.7922715917
-34.9622165286
-33.1831100952
-31.4688273413
-34.7359074167
-31.3938034986
-27.6890118624
-30.5926723331
-29.8986862681
-32.5920552981
-35.5520181221
-37.0658534781
-30.0367059483
-30.6038135442
-28.8152680109
-28.5115607337
-29.9263839348
-30.7200816013
-28.0595443840
-30.3079178121
-30.0840554361
-26.7817141879
-30.0243374705
-29.6869580367
-31.9343215653
-34.4809530125
-37.0964341778
-29.4763211302
-30.4133942016
-29.8220040598
-29.6120934283
-31.8107688820
-32.3397599544
-30.6717068104
-32.1221789152
-30.9397534042
-26.5041536411
-29.4186770971
-29.7270280601
-31.5283821710
-34.6334694464
-35.8521885196
-28.9267486868
-29.9934059402
-27.8920171887
-29.7613177534
-33.4452235770
-30.2459472838
-31.0260983979
-34.9542807196
-30.8648046448
-29.1683896342
-32.7252642903
-29.6492467459
-30.5429589495
-33.4265271677
-35.3998835953
-30.4163937564
-31.4689205502
-31.1193616590
-31.1968762817
-33.6646040780
-33.8648726131
-32.4172965812
-35.4453093031
-31.9203698083
-29.5903055434
-32.9152965343
-29.3941576505
-31.8458935792
-35.8590071019
-36.6364989870
-31.5271445446
-32.8050250243
-30.6059806840
-30.9428008600
-33.8337753642
-32.3709465238
-34.7985627787
-37.6702812424
-32.0413928710
-30.2817632990
-33.8246006271
-33.0360231456
-35.0792224866
-35.6507885375
-36.9591576196
-32.3074328490
-34.5298443313
-30.1036127415
-30.1206248998
-33.7568264750
-34.2121957239
-35.1653771649
-37.8211755463
-33.4051289596
-28.4002405767
-31.1398096297
-31.8792848419
-35.0591641695
-35.8691488893
-37.7765977922
-32.9357134569
-35.3437749485
-29.7701131687
-29.9010812525
-34.1066326016
-37.0834443088
-37.1304649507
-37.9152970981
-33.7311056489
-29.6157092015
-32.6260808937
-31.4352872088
-34.2037226512
-34.4849558709
-36.8468924502
-32.7855220875
-34.9306260562
-30.0831505159
-30.4760236804
-34.1797378609
-35.5458558917
-34.8974173480
-35.9516890798
-34.0171042442
-30.4479350479
-32.7187085130
-31.9631688245
-34.8689196256
-36.7473867150
-37.4978010249
-32.8891433226
-34.7550491648
-31.4287676693
-28.7184381593
-31.2910586906
-33.6165425855
-32.7224744645
-29.4186848749
-32.5135930390
-31.3784587738
-34.1773700641
-39.3953669442
-39.8591936279
-33.0573747431
-35.0455127688
-30.0576601194
-30.4853149234
-34.1807774136
-35.4939805497
-36.1825331183
-36.5495326070
-34.0938667031
-30.3991123299
-32.6780611083
-31.9286707014
-34.8330078185
-40.2233203807
-39.4953943976
-33.0848639769
-34.6738902927
-31.4001210738
-28.7394195140
-31.2794074183
-33.5771133874
-36.3135568328
-35.4327479462
