-22.5402693682
-20.4761395580
-22.8051779496
-15.8659632075
-18.3261500494
-17.7764582892
-19.7263384513
-21.4173115768
-26.2639095153
-21.3689290003
-25.0151970754
-21.7707569320
-25.2773093402
-22.8100533569
-25.5756920257
-24.1081258902
-25.2969055078
-27.0314760845
-20.3728484027
-21.9955864406
-21.2335502356
-25.3165327099
-28.7259648772
-33.3467198248
-29.3961797918
-32.8764770829
-28.6935588010
-31.9137842446
-30.0813096115
-24.4705595237
-19.6872199386
-19.3471139651
-22.2830156540
-14.1158711690
-17.0436589118
-18.3871341383
-22.8577394338
-23.2641437155
-27.0837216711
-22.0618226450
-25.6040162666
-20.4110762373
-23.8890197495
-20.3811803604
-20.1869367470
-21.2676289274
-21.5436023446
-24.2470414459
-18.9659359546
-22.4890581080
-20.1214241983
-23.8678713892
-23.5414712699
-27.4167008499
-22.1217089119
-25.6821238259
-19.9173973856
-21.3111930453
-21.3931908476
-19.0936676196
-22.5221192574
-18.1689859539
-19.4095091483
-19.1524431329
-23.4407239704
-21.8450622992
-25.7603802579
-24.5583984835
-28.5650529988
-22.8663976337
-26.4158874477
-16.4882036208
-19.2034096930
-21.2039831552
-21.7014163044
-23.0758940615
-16.2889693616
-19.6507812021
-19.5008020896
-23.5059866520
-22.2079555483
-26.0348868873
-26.0351173323
-29.5302147328
-22.5008673325
-21.6055042965
-15.2206364152
-17.8543535589
-20.6516984079
-23.8224547215
-20.4334570533
-20.5841948010
-24.8076529156
-20.7264478263
-24.4148521711
-22.5687489657
-26.4089653004
-25.9867994915
-29.9264913573
-19.6725095453
-20.7615893752
-13.7762454318
-16.8681466427
-16.4161223520
-19.3897421027
-24.4566724834
-23.4211045319
-26.9046661882
-21.9404655447
-25.5227123814
-23.5278509344
-27.3485978630
-25.7982132559
-21.5875548560
-16.9697678077
-19.1998418227
-18.3778933833
-19.3985530714
-15.9660153372
-17.2954456371
-21.6306114941
-20.4032776563
-21.6847174407
-23.7222848281
-23.6798470084
-19.7276848252
-21.2826979100
-22.4052854466
-27.1061723850
-20.7614637954
-24.2971393352
-20.3013950026
-23.6618833141
-23.1465072589
-26.4045404113
-28.5415938328
-21.9256412364
-23.0251087396
-21.4757427356
-22.3150760918
-21.3698766430
-25.3835922682
-24.7611371458
-28.5575715882
-20.7288505746
-24.1109247648
-19.9569392349
-23.2776501301
-23.5413418140
-24.4814690033
-27.3233547438
-22.7641900609
-23.5547006556
-24.3547083079
-25.0161201374
-21.4855777026
-25.1984353870
-24.1845543588
-28.1555896866
-22.2333074235
-25.7439377231
-20.2688620465
-23.7966600891
-20.1191962151
-23.3750975198
-25.5362291702
-21.9218675184
-23.6767257566
-21.8392897487
-25.6623969276
-22.0923917165
-25.6316362678
-24.8929713234
-28.5658038609
-22.9346391660
-26.4135080064
-21.5719978104
-21.6807844893
-21.0286871321
-24.3370812121
-24.9960618180
-21.0759589472
-22.6670443120
-21.3252121187
-25.1386785824
-20.8918687663
-24.5730001053
-23.3558327865
-27.5923023735
-22.1687166295
-25.7797770424
-25.6255478161
-24.4085721490
-21.1856893794
-23.0207537499
-23.6185600042
-24.1370637676
-27.7576973956
-20.8484224538
-24.3425055185
-21.2612763854
-24.8087390681
-25.4581306627
-29.3577642290
-23.3340617342
-21.4760728553
-20.0162779018
-21.6164293095
-19.9777678386
-21.7822593341
-22.7758309863
-21.8220096081
-25.6723587650
-19.5596539783
-23.1848373541
-21.3490040240
-25.0724669766
-25.2233807650
-29.3546183739
-19.0119390770
-20.0266824906
-22.2710808708
-23.2973796408
-20.5665677147
-22.0819728889
-25.3701260014
-22.7774284956
-26.1122435835
-19.1019672034
-22.4946222354
-20.7321142342
-24.6033154349
-24.4339175508
-22.1186782936
-20.5706378916
-22.2023655246
-20.7573845626
-22.3382271762
-23.6802068945
-23.5943836064
