-31.8972342709
-28.6744753124
-31.6041374416
-28.5190356699
-26.9303883343
-25.0833687049
-28.4988206977
-27.0899201673
-29.8401308392
-27.7631657459
-27.1997295490
-26.9383901686
-28.6110781432
-25.8581966137
-27.3753621455
-29.6332495358
-28.7854886488
-31.0697129862
-29.4493277196
-25.8929225935
-26.1273967318
-29.5836876121
-28.0929641169
-30.7156670501
-27.8641628731
-25.6089201811
-27.0301905559
-29.2587064166
-27.5991429955
-28.9067007229
-32.0562676689
-32.9190275446
-35.9154795151
-32.1987795540
-30.9174683981
-32.2212302623
-36.3746470263
-36.6286123713
-39.8273960136
-34.0492617464
-33.0624805954
-32.7906227602
-35.9038127074
-35.8209475814
-35.0628770528
-37.1839559229
-36.6543409647
-35.9387626428
-33.2315767982
-30.5165118543
-32.4667458722
-37.0976847383
-36.2242343094
-37.4337928293
-33.9331542405
-33.8101660098
-32.8427427835
-34.3514555982
-36.3785761043
-34.3359542342
-32.3100051946
-29.5271155090
-30.5368329671
-29.6404707492
-26.0974413031
-25.5666092236
-29.3472224282
-27.3624680721
-29.8073363942
-28.8476766755
-24.2777296219
-24.7215111679
-28.8987118342
-29.6111652089
-29.4344166873
-29.8767948212
-27.2330664312
-29.1443219793
-29.8688473569
-28.1629067192
-26.1697154541
-28.4942870648
-28.1813351493
-30.7728812780
-29.5472476156
-25.3478371155
-26.6536809202
-29.9982528632
-30.3162161112
-31.1474528727
-30.5866861722
-27.2720153447
-29.3466800025
-30.1411143058
-28.6229184225
-26.5966142686
-29.4700346170
-28.4290658284
-31.3687351312
-27.0308624419
-25.4867164303
-25.2064760799
-28.6729438092
-29.5752300929
-29.4368725174
-28.0446928951
-26.5717672814
-29.1404563423
-27.8596162868
-25.6724299821
-24.8130863080
-27.4335421363
-25.6966672231
-27.3274676342
-27.0035402112
-22.6178953455
-24.7544467301
-28.5234631478
-27.0379399508
-28.5118895508
-29.5109383675
-29.1743550860
-32.0026459187
-32.4354363066
-29.6817667408
-26.4433831820
-28.5476278923
-27.9574300288
-31.5896833903
-29.1309320731
-25.5116242657
-27.4008978551
-31.4225834354
-28.2552844876
-28.1085509381
-30.1178389466
-29.9810374645
-31.8617017727
-31.8267129991
-30.0333529762
-27.1811095124
-29.4973672055
-30.2994706426
-32.2967874688
-30.2137107973
-26.9940547821
-29.5736351575
-32.6245843594
-29.7487240106
-29.5883067010
-31.4051052344
-30.5663948375
-33.3255779528
-31.1722998558
-30.1412075193
-28.7574738107
-32.1722392442
-31.0872779297
-33.0287449790
-29.5119753258
-28.8025771859
-31.2533875325
-32.8092311315
-29.7140899673
-31.1578729962
-32.6879310331
-29.4653417481
-31.3122368138
-31.2746770038
-28.3463870950
-28.8068752086
-32.0893119607
-31.5457425627
-33.7978272967
-30.0360664234
-29.5594477954
-31.2920568133
-34.0010565433
-32.1229854245
-31.6211780727
-34.0370253146
-28.7056139837
-30.7501082111
-29.2554013410
-26.7951532863
-26.0236214175
-29.4668810084
-28.2628254549
-30.8937282794
-28.2321411746
-27.0802897457
-28.8376798781
-31.9081204421
-31.2121666290
-31.2666182005
-31.6710494122
-28.4151153689
-28.4016956902
-29.6373015940
-26.5015735319
-25.7493167478
-28.8346026423
-29.3789954559
-32.0384554510
-28.0925381903
-27.3730280105
-28.8350673991
-30.2314233242
-27.8540184960
-30.5944420222
-34.0968403531
-29.9273199153
-26.9071673438
-26.0569712496
-29.4862208272
-34.9980532461
-35.4582732898
-28.7594571096
-27.1991599299
-28.8735489715
-31.9299303296
-31.2274103775
-31.2649287660
-34.1499546185
-38.1281373102
-32.3183410293
-30.5092802834
-26.6022004116
-25.7696637574
-28.8410716884
-34.4146132456
-36.4762577669
-28.5033828181
-26.9517930171
-28.6610569216
-30.1356899913
-27.8337841172
-30.5625900316
-35.0184869987
-33.8607273486
