-27.2656511506
-31.0856363907
-33.3704470130
-33.0570239167
-35.8438073667
-34.0289639397
-30.2413748075
-30.0048591437
-31.6389566337
-34.3183698733
-36.9987240397
-35.3965357983
-31.4723770896
-32.6207510902
-29.8305392603
-28.4933536755
-31.2594254868
-30.9391423592
-30.7737849075
-33.5687943714
-33.4159296929
-32.1878079454
-29.0106495107
-30.3315880222
-33.3774209463
-34.5482740576
-34.2190725623
-31.4703730742
-32.6700359740
-31.7880230135
-31.6294401335
-33.3411052174
-34.2949572924
-30.4553879790
-31.9154503860
-34.4816080721
-33.1610102208
-30.6526414440
-31.3158992094
-33.0813051625
-34.4681171965
-32.9254137335
-32.2739056678
-33.0376348937
-32.0844145498
-30.3081145958
-32.4182455094
-34.3120730078
-32.5251381625
-33.6209830089
-35.6243789899
-35.0546810306
-31.4334230039
-31.6134299879
-34.4622514243
-33.9684239358
-32.0209241804
-33.3053254554
-37.0564638494
-33.9478659091
-30.0012873797
-31.6833583319
-32.7033974535
-32.1502390654
-34.2317077155
-35.2957639539
-32.3461681509
-27.7119221496
-28.3439649257
-30.0723938070
-32.5427367627
-32.5384426257
-31.7276318793
-34.1691818097
-32.1899893134
-29.4201218693
-31.6478478435
-33.9568619918
-32.3855714592
-34.2279728306
-36.6781121462
-32.4765730737
-27.2838892866
-27.7980897938
-30.4216057625
-32.9812932307
-32.3119082328
-31.6606888465
-32.4141352029
-29.1096762741
-29.4211420026
-32.7274404868
-35.0532531027
-32.7919458240
-34.8930273982
-35.6491405289
-31.8227852255
-27.8236513950
-28.0526157610
-30.7842153732
-34.9327297596
-33.1109472935
-32.1306196165
-32.3539110696
-30.2577008296
-30.8163042808
-35.2116663605
-37.3185967216
-34.9064082456
-35.4811071873
-35.7508820150
-31.8107300452
-28.9250437224
-28.8750843531
-32.5000892216
-35.9784455732
-34.5750227867
-33.0774084643
-34.9708553102
-32.6786566188
-23.6685115970
-23.1817122451
-25.8129003419
-26.2471381772
-26.0211759453
-26.5649771812
-25.0282322795
-23.9267012900
-25.0240766628
-27.6474258698
-31.0128845575
-30.1366648177
-30.1194455318
-32.4519358084
-29.8484369104
-23.6007128308
-25.3205834786
-28.4046771237
-27.6261027460
-23.1333749816
-24.3749556296
-24.9156136476
-23.0606011145
-23.4621597491
-26.7588893343
-30.0194387666
-29.4399859946
-29.1385300088
-31.6051964188
-24.5044245923
-24.0377586599
-26.2079342237
-26.5080386963
-25.8315954630
-23.7668962757
-25.4127437687
-27.2845275229
-25.2356392197
-25.8258565610
-27.7919327385
-31.4175617364
-29.9148530545
-30.3348167242
-28.2586853673
-23.4914329279
-23.8912581047
-27.1754871279
-24.8212991593
-24.7724673740
-27.6653830698
-30.2684834391
-27.5798924982
-25.1457185616
-24.6494765119
-27.6277403913
-31.9479820301
-30.2074954924
-28.1842919859
-27.0808956134
-23.9304581771
-22.4098851152
-22.4866631417
-22.5268807582
-24.9332096518
-29.1693994060
-32.0301403365
-30.6886801221
-24.7547820281
-25.4139140842
-28.9904513750
-33.6207745778
-31.2605608378
-27.2461779982
-26.8243928077
-27.0307083966
-25.7806418431
-28.8975570669
-27.4948835107
-27.6054049099
-29.3306413827
-31.2087062059
-27.5644105461
-23.3121197943
-23.7736824965
-27.3004755203
-27.4108480486
-25.4872549768
-24.7161567615
-27.4652569004
-23.9484270270
-24.9812077303
-28.4633814090
-28.8179529822
-27.8677320507
-29.0287555918
-28.0601321282
-27.4962648353
-24.1194845876
-24.8728599380
-28.1240600677
-25.0639783879
-25.7234017202
-27.3717386065
-25.2985755234
-25.4293067130
-23.6701078342
-25.9591044141
-28.4783274161
-27.6431977584
-28.9138300124
-29.7658876461
-26.8518224937
-24.6362510196
-25.7412915969
-29.4414877144
-26.3722974587
-27.9410729279
-28.0534442950
-27.9875382180
-26.8432613925
