-25.0068327658
-23.3616856181
-23.3039872069
-25.6171265569
-21.9719485885
-22.8929224222
-22.6640266286
-21.8693254308
-25.4239937101
-30.0994661630
-28.8038096119
-28.3386260446
-29.8078283423
-30.6527799366
-32.4019401203
-25.6992317661
-26.7715879229
-27.7116295720
-30.0096387523
-23.5145438763
-23.5729271320
-27.1261452651
-22.0216270230
-25.1772015664
-29.9434439559
-28.3938375507
-27.3556559619
-27.9726569463
-31.3960029888
-26.1179436569
-24.2923079375
-23.8898521742
-23.0070635025
-25.9710987583
-24.9706400224
-28.0628300178
-29.0375056506
-20.9294570531
-24.1766508734
-27.4313063597
-28.9914636976
-29.2763710358
-30.7194342981
-25.6169504929
-24.7386670064
-23.7702324095
-23.2569587568
-21.6290554097
-24.6282711839
-26.8758409469
-29.1974634106
-30.5430792309
-20.8393124346
-23.3230499557
-27.8827970980
-27.5629825467
-27.5770262753
-24.4054677338
-25.9169876502
-24.4195722362
-25.2936327794
-24.1681532358
-24.2363041549
-27.5786173209
-27.3775797532
-29.5539095050
-31.9587153696
-22.5529329880
-25.0775378622
-29.0061676210
-28.1485160677
-27.5233980528
-28.5232223613
-24.9595376457
-24.2740944083
-25.0051834653
-27.3928183404
-27.5382961553
-29.9217493103
-29.8233698184
-32.1022655397
-29.1827970264
-22.2808666311
-24.9264622475
-28.9943972505
-24.8709659527
-28.1872513938
-27.1203727135
-26.0589687888
-26.4098456197
-27.1909522478
-29.5960444255
-28.1294753270
-28.7025471149
-29.3938288122
-29.1174567186
-29.7077917622
-21.0663103774
-23.9685008575
-27.2320411075
-26.0550021676
-28.8681608916
-27.0947670980
-26.0997327149
-28.0241672290
-29.0019006766
-30.3006305576
-28.8530996892
-27.8647933390
-29.2439804951
-29.4493613683
-30.5358865758
-21.9104337096
-23.1919459250
-26.2197965090
-27.3091466471
-29.5982672412
-27.8457033644
-30.1366156008
-26.2520640534
-26.7723607693
-29.2583400273
-24.1010457948
-25.5602023118
-28.1674377661
-31.1753641335
-29.4285094888
-23.1136804335
-26.2942546134
-30.4928351483
-30.8231487431
-29.4066724110
-28.2287415933
-31.6443718725
-31.7325835994
-29.2957587373
-24.7536376127
-23.1156042015
-23.4488281018
-26.8401776863
-31.3130083902
-31.0670694460
-22.6631424067
-25.0939519075
-28.6962152595
-29.7247728788
-28.5608728031
-27.9316625854
-30.6480883771
-31.8422195335
-24.9287834596
-24.1874814321
-26.5276568506
-28.9139724198
-25.5808535520
-28.1364091231
-31.8983450042
-21.4069211958
-24.3352040187
-28.1452821802
-30.9325023919
-26.7348566367
-26.8415162947
-27.9238614117
-27.3035734467
-25.4827316828
-28.1380467705
-27.2879309855
-30.7893794725
-31.0671717236
-34.0257455917
-34.9025322122
-21.3735726659
-24.3611177738
-29.4423408226
-32.1061001391
-26.6021732230
-25.4145587902
-24.7120296184
-25.8759130264
-21.9086808568
-25.0992208922
-23.7889378999
-25.1754383752
-26.9990363458
-29.1284917795
-30.1014598201
-20.3924820815
-23.1391798722
-27.2109898177
-30.5478381904
-24.1819043508
-24.3620460206
-27.0768668569
-30.0097617253
-27.9013524350
-27.4553675595
-29.0459865266
-27.3491208917
-29.3751337087
-31.6423290162
-30.0570736525
-20.2073821236
-23.1747784067
-27.6274309705
-29.6701310000
-29.5201959465
-29.1374283122
-32.2970787406
-22.2545554600
-25.2512609686
-28.0250954377
-28.7204007471
-28.4044661062
-28.5433570347
-29.2701479554
-30.8336866220
-19.0257859506
-22.1193838060
-25.9780403180
-29.4214656219
-28.3821021341
-28.0237063580
-27.6097948486
-24.6843306366
-26.8445106448
-31.0769678443
-31.9140664702
-28.5375961465
-29.2307912605
-31.6616338859
-32.1950808996
-20.1861146565
-22.6640369580
-28.0287267266
-27.6123671860
-29.1060397793
-26.4572210123
-29.8904928192
-33.2551317636
