-18.0408956995
-20.9913926823
-23.4226632202
-23.4245921526
-23.6602055467
-20.8739076875
-20.0528706806
-24.4805912608
-24.1302788500
-26.6668183795
-30.5867224196
-30.2416596159
-27.2842530698
-26.9923718201
-27.3965415794
-21.4666120131
-23.8112720974
-24.9741237585
-24.7540622425
-22.0202496064
-20.3968552163
-23.2864313198
-28.1645119964
-26.4329449356
-27.0240878832
-30.2260003015
-31.3955913225
-35.2476131165
-33.2113993786
-19.4577493186
-19.9994806438
-20.4753343317
-21.5897427064
-22.1937850110
-22.6435967693
-25.7138696820
-23.2563800936
-27.2864564428
-25.2301514695
-27.0229085124
-30.4960315013
-25.9319789592
-29.3365550411
-27.9034134279
-20.9434036660
-22.8613552271
-24.6193126544
-20.7787905468
-19.7707401812
-24.2239369653
-28.3274783693
-26.2353652104
-29.8935363962
-24.8514876148
-25.7345092727
-28.9998332428
-26.2883875703
-24.0062717354
-25.4667189574
-21.8316219118
-24.4222766352
-22.6343663688
-23.9870833781
-25.2137218794
-28.4288703448
-30.6977668219
-25.3612399629
-27.0036101180
-23.7475202040
-24.1438849515
-27.8159317743
-23.1972408023
-23.6859755736
-20.6371848036
-22.9406305138
-23.8731067152
-20.5062011561
-23.3335529629
-26.2833645782
-30.5959010301
-30.4692089807
-26.1326333301
-29.6929118253
-24.6207237505
-25.8863577488
-25.9937928604
-25.5119013086
-24.2708281859
-26.5884842675
-25.7097554914
-26.0286832455
-27.1221165270
-29.3154960223
-28.1693395182
-32.0028905927
-30.1295562470
-25.6322563887
-28.3707809744
-25.7404320022
-22.8813022191
-22.7180626646
-24.1647679202
-22.9184581396
-24.0014325723
-24.4543098804
-28.1285807622
-29.3542326237
-30.6732383038
-28.9501120829
-32.5389254961
-30.9641291603
-24.5254965836
-27.3247464224
-23.9471648122
-23.5353271724
-26.1956369458
-25.6242843276
-28.2979863987
-23.4657755272
-25.9929759706
-30.8827087606
-29.8193553395
-32.3059324230
-30.9008679262
-33.4669868594
-31.8719678399
-28.6164882206
-31.7428704391
-30.2076624978
-30.0421885290
-34.2304428997
-29.5160532735
-28.3339422433
-29.2337649297
-31.6847810875
-28.4231107343
-31.6606966070
-32.1341214682
-30.9330914631
-34.0039680765
-29.9829871121
-26.6564811121
-30.0537271636
-25.8760178859
-28.7308027452
-30.7327258208
-31.1362003342
-30.6388605776
-31.0738673211
-32.3989924226
-30.9839453843
-30.3939883622
-30.3493406848
-30.7493936152
-35.3351012204
-32.7218543589
-28.1464797165
-31.4604539506
-28.2018892918
-29.5831477786
-32.8181896652
-30.4453575302
-30.8261910371
-25.7134049285
-27.2557139215
-28.8035882559
-31.0599207471
-32.7002593770
-33.2821096585
-34.9822347138
-31.4445512647
-27.3010736260
-30.5785419299
-27.1636183640
-29.0376364505
-32.8132068022
-31.4356056762
-33.1289277946
-33.2065964710
-30.4705812402
-29.1646897056
-29.4595225912
-27.9793952718
-29.4872875750
-32.5912190001
-30.3605168401
-25.7835585496
-27.3667324362
-26.7853545645
-27.8004847805
-32.0516265693
-26.6005977126
-29.6184653715
-31.3496387046
-29.5569233511
-28.9020661163
-28.8941095919
-27.2677833478
-29.5719806800
-31.6092381164
-28.6456371155
-24.1120601364
-27.9246303891
-25.6984045609
-27.3011228214
-29.2940486180
-27.8126331736
-29.7823897315
-30.6201343925
-29.2655625480
-29.3624713680
-29.0355210996
-33.1566422802
-27.5999365738
-29.9252071519
-26.0019280368
-24.7755459005
-28.4244454442
-25.1853523169
-28.0709276725
-31.6960090267
-30.4896893296
-33.3514178931
-29.2746557179
-30.7187054548
-28.5975380704
-30.3157202874
-32.3680194618
-27.6938639691
-29.2330490196
-27.7523339484
-25.7144224754
-28.8177872692
-23.1989354175
-25.8213242125
-31.1536914702
-31.4479456708
-29.6876079191
-28.1050270755
-27.9629514408
