-21.3317316525
-22.8451793805
-22.5076975794
-21.1844232766
-20.2203461379
-19.0917153850
-18.6648850704
-20.3053836258
-23.2586611539
-23.4066919103
-22.6107078064
-21.1880908396
-20.2138162444
-19.0764664518
-18.6529140298
-20.0872484173
-21.7565838109
-21.0216898947
-20.1596132087
-19.0510381859
-18.6389363804
-20.2565298210
-22.5281170879
-22.8379918383
-22.4903928451
-21.1570000550
-20.1981271525
-19.0612110458
-18.6473563704
-20.2810997752
-23.2734259094
-22.0074241386
-20.6372586047
-19.5083909589
-19.1135278720
-20.4755311096
-23.2420244257
-24.0136003889
-24.6663151946
-22.2477226494
-20.6682251096
-19.5141790546
-19.1120740515
-20.4933381448
-23.2571438979
-22.0348926697
-20.6281615466
-19.4892051889
-19.1013017982
-20.4538610292
-23.2210637804
-23.7872963675
-23.7108937752
-21.8700219312
-20.6069872927
-19.4952470234
-19.1043596112
-20.4881287294
-23.2469244344
-23.7972905729
-19.6142907043
-17.7396998140
-17.4777635466
-18.6570295167
-20.7729649092
-21.3786487645
-21.0342383198
-21.5564019343
-19.1194531878
-17.6278100012
-17.4384081180
-18.6446455031
-20.7678655337
-21.3733616741
-21.0269938148
-18.8765745426
-17.6848481858
-18.7010105011
-20.7745145291
-21.3670156121
-21.0224731195
-21.1488260378
-22.0230614488
-19.4158772226
-17.7952867668
-18.7542904994
-20.8059574416
-21.3832743213
-21.0268268133
-21.1573457102
-19.1636827340
-18.5803084446
-19.7147311962
-20.0878750009
-20.2091751525
-18.9846401438
-17.0751212598
-18.0914221172
-18.4247431725
-18.4244777826
-19.6615288748
-20.0757253081
-20.2111377454
-18.9876617085
-17.0772534437
-17.4603850154
-19.2949330827
-19.9318462754
-20.1587458360
-18.9626684235
-17.0538084824
-17.6916149869
-19.8455905745
-20.0005409106
-20.1291269946
-20.1905551170
-20.2315857367
-18.9827811178
-17.0639567459
-17.6951776888
-20.9405620475
-22.6951795583
-22.4698594128
-21.1706553513
-20.2166267913
-19.0890834909
-18.6582995093
-20.2786543021
-23.2058666336
-23.4086583867
-22.6207382605
-21.1959852268
-20.2169672675
-19.0887184175
-18.6559213541
-20.0676406123
-21.7520682939
-21.0152208470
-20.1583626383
-19.0470599219
-18.6375938943
-20.2725399706
-23.1734968003
-23.4011342517
-22.6084383968
-21.1810366388
-20.2012639351
-19.0649290979
-18.6447671976
-20.2563900057
-23.2767775931
-22.0072856178
-20.6356921553
-19.5029381611
-19.1044437594
-20.4911697127
-23.2500819302
-23.7929873687
-24.4731059791
-22.2281161409
-20.6711702934
-19.5269579167
-19.1150218247
-20.4696122610
-23.2488559571
-22.0262396552
-20.6239981570
-19.4832552698
-19.0961920656
-20.4804246463
-23.2279768708
-23.7848418321
-24.4298991665
-22.2535832413
-20.6701838186
-19.5102227986
-19.1058250830
-20.4563414566
-23.2322011056
-23.7904318553
-19.6047263001
-17.7298117626
-17.4742616901
-18.6634118278
-20.7725338120
-21.3843553008
-21.0353905017
-21.1518993858
-18.9114998926
-17.5939138440
-17.4319973258
-18.6321786361
-20.7557391436
-21.3650102979
-21.0279880571
-18.8885455830
-17.6909741689
-18.7159034232
-20.7796268505
-21.3683399739
-21.0294936610
-21.1519692933
-18.8606588957
-17.5783684497
-17.4135442903
-18.6159820653
-20.7492778632
-21.3602630500
-21.0235178506
-21.1477126935
-19.1596941132
-18.6123041479
-19.7245312151
-20.0912564604
-20.2142758227
-18.9894663619
-17.0829198488
-17.6997475790
-18.0647898890
-18.3002635094
-19.6137832349
-20.0530066122
-20.2091026557
-18.9862855631
-17.0797714144
-17.4865110649
-19.3082025932
-19.9477632146
-20.1643617516
-18.9700397985
-17.0594075690
-17.6889222470
-18.0281207283
-18.2958994586
-19.6060480813
-20.0366935296
-20.1944207519
-18.9658854707
-17.0596833160
-17.6929108679
