-26.1123083324
-28.5600209670
-32.6050723609
-30.6594043608
-30.7227911699
-30.1215751253
-31.7461250372
-30.0944082380
-30.7411043809
-29.7553691351
-31.5635573627
-27.3662353178
-29.9079386669
-31.0099367885
-29.1682614692
-25.8033100523
-29.0902315892
-32.6145590821
-31.2766862029
-32.1407859990
-30.6816854765
-31.2767056222
-29.3894777246
-30.6910945272
-29.4185062257
-30.7474556147
-28.8747788331
-30.8936195385
-30.6892989385
-26.4781415269
-30.3215964006
-35.0119739366
-39.9546848346
-38.4842713328
-37.5040318666
-38.8452419093
-41.5176870357
-40.0054313034
-41.1108972305
-40.4915779196
-40.1061578221
-37.1962674450
-40.4428005156
-38.2579091697
-38.0289345298
-38.5785184549
-40.9503052041
-43.8401304278
-37.9490352919
-38.1195529281
-39.9368648790
-42.2983155475
-40.0165776835
-41.5476333834
-41.8079770993
-40.2745186607
-38.2112872602
-39.1002286447
-39.8687269638
-40.5345581552
-31.0384888732
-32.1331751273
-36.0020355100
-32.2242505304
-32.0661453604
-30.8511092259
-32.6182201788
-28.4960684218
-31.4007437728
-30.8003938244
-30.8876942239
-29.0908154548
-32.8115587907
-34.7038301831
-29.5099635403
-28.3482707203
-31.3246169450
-34.2361442580
-31.5549626051
-31.6710520065
-30.9104452745
-31.5480236260
-30.4627697099
-31.8892233749
-31.4192278739
-29.9053119597
-30.1144406634
-33.1828304588
-36.7605345275
-30.6590315177
-28.3555954876
-30.2779352062
-33.2094911639
-30.7472212979
-32.2147327395
-30.7050980641
-32.6348193575
-30.2016595009
-31.8063944777
-29.7998744106
-31.3548066916
-30.3367132937
-32.9845361686
-33.7650988918
-30.5544108544
-28.1020495276
-29.7738558202
-32.0019248370
-29.1704894475
-30.5103405577
-30.9143329168
-32.4454020378
-31.1484859536
-29.9765206525
-30.5102771287
-31.3858573336
-29.9462053397
-32.0674593523
-34.0405466020
-29.6332974466
-26.1586532172
-29.2506450218
-29.4026151801
-28.7194686493
-33.1371509952
-28.8048194038
-28.1989803597
-27.7631553907
-30.8751199065
-29.0865795680
-30.6984840221
-30.1743722213
-33.2917180659
-33.1243993368
-28.8833386339
-27.2922536128
-30.1947684142
-30.7472044702
-29.1113035684
-31.7470208833
-29.0571859928
-28.5989970644
-29.2741896694
-31.5350712946
-30.0984149826
-30.9585883290
-30.5478809652
-32.6867231829
-32.3707186779
-27.4534593435
-27.0920238738
-29.9607202284
-30.9566645781
-28.8674411195
-32.1744633420
-29.8509535909
-31.6006161766
-29.8778266044
-31.5792296176
-30.0705024167
-32.1000673868
-30.4439567884
-31.5555399937
-32.9267821094
-28.6270403859
-27.7495337594
-31.2998489233
-32.3854355248
-29.0507001182
-30.1085218026
-29.6211788307
-31.2715065627
-29.1494381872
-31.1187040026
-30.3050813815
-32.9223688637
-30.0249485223
-29.3958380222
-31.7357994122
-29.2537352074
-28.8156874578
-31.6913459274
-33.8239727623
-28.3670629279
-31.1988155613
-30.3712295419
-32.4990457865
-29.0467749329
-32.1872253767
-32.2413727271
-34.1957713127
-31.5517882851
-31.8392756658
-33.7916806134
-30.9681708505
-28.8150764124
-31.6637492399
-31.6816158212
-29.7100663945
-31.6235122216
-30.3345914671
-31.7852797785
-31.8780977054
-34.3735295783
-33.0935506531
-35.3109002382
-31.8255802368
-31.1653065058
-34.2711835098
-30.4789805103
-32.1221452516
-28.1050775623
-31.0683174228
-30.3305368236
-32.4435080558
-37.3394977889
-37.0878769688
-33.2354087709
-34.5037571390
-31.5803714458
-31.8761674781
-33.9035263481
-30.9722190204
-32.3632087821
-30.7071473901
-30.3631603807
-29.4074388104
-31.5265671607
-30.2990356655
-31.7302171594
-37.1676583825
-39.0603683629
-33.7258444589
-34.1382101370
-31.6269959497
-31.1663797175
-34.3624064917
-30.4638299714
-32.5943764938
-30.0787774068
