-19.4691947636
-20.2691157927
-24.5552099168
-22.6274364472
-23.7401307042
-27.3831542570
-19.5524858594
-22.8239196714
-23.1810312916
-26.4811540203
-30.5166620204
-29.8093714883
-25.7090810068
-24.9830641672
-24.9579129447
-23.9729037726
-26.8436989584
-29.3252753146
-20.7791750340
-21.6093854642
-24.9133235207
-24.8053187911
-28.0352954856
-23.2717390610
-25.3505686885
-29.4230333804
-30.2057542731
-33.1341229519
-29.5971474261
-20.3165986243
-22.9294595249
-22.4079147529
-26.1714139442
-20.3365533818
-21.6515307217
-24.9811973738
-22.9882816431
-25.8891838157
-23.5544313755
-25.5283645536
-29.1471817197
-26.4212095103
-28.0335076670
-23.2626730730
-24.7865757706
-26.1827894710
-21.7074814423
-25.2617419501
-19.4939602007
-23.4553269083
-28.3669464072
-23.8847890566
-26.7908384190
-23.5598388653
-24.3639374097
-28.4012050341
-25.5395821464
-26.6059818961
-24.9182714274
-27.2841909216
-23.3845959009
-25.7752615414
-20.1817959417
-23.2170816279
-27.6452574382
-29.3262035366
-25.4315450472
-27.1875371211
-23.3286736648
-23.8554615018
-27.2894909536
-21.7248988060
-24.2149240627
-22.1553681585
-25.7885491668
-24.8324882651
-22.9972544211
-24.4429848404
-27.6473559658
-31.2796249072
-29.9785013704
-25.9834128625
-28.2769804479
-23.9468579894
-25.2217366551
-25.6915108815
-20.6534072703
-24.3236615298
-23.6151176960
-22.9659616775
-22.2406593834
-25.2266405403
-27.9535566236
-28.5712502095
-31.4355953170
-30.1645929185
-23.9240849255
-26.9776148210
-23.6624866010
-26.6784502199
-26.6280261014
-22.4910233057
-24.6394059241
-28.2851674057
-27.6077105467
-28.4206069823
-30.5642341478
-30.0588912673
-30.5033407366
-33.3832867108
-30.7255551032
-25.4606926536
-27.7371458555
-21.9993459161
-25.4682711563
-26.7699399257
-22.8943322291
-22.7624734453
-24.2243149969
-22.0892264529
-24.2006719666
-27.6392622042
-28.5799990163
-30.1110449633
-33.5273184372
-33.9569111705
-25.0889846149
-27.0573380146
-26.7636495272
-28.6493460949
-33.3190597045
-29.9204715596
-28.0463913901
-28.6652850385
-30.4609598572
-26.7238694847
-28.5664110356
-29.6613394731
-27.6180400692
-30.4182709041
-33.7971955370
-25.9198098469
-28.8140251990
-24.4153415392
-27.7546266486
-30.8311544760
-31.0789822290
-31.1280522129
-31.2823202306
-24.0056788079
-25.2631465822
-28.3689232383
-31.9660738617
-30.4851712235
-33.5671243597
-32.6175055679
-25.2172871624
-27.8730825572
-25.3195206270
-27.9166764498
-32.2024509954
-30.0200006196
-30.9412357053
-28.4319061488
-26.1815764492
-26.3766097252
-26.2638460993
-29.7218328716
-28.9951520249
-31.9124637758
-30.4415035447
-25.1968339965
-28.2134460482
-26.0341774652
-28.2108672383
-32.2339210834
-31.3651038286
-26.0755343165
-28.5471592514
-27.7533398344
-25.9646077056
-29.2239791349
-29.3236635582
-28.7742917728
-32.3064360111
-29.8347272418
-23.6624775410
-25.0681249423
-24.4122215874
-26.8056640239
-31.1726972913
-32.3318176657
-30.2377616185
-31.6858063897
-26.6397770581
-22.6278623627
-24.1392580954
-24.6354198928
-27.5169432499
-30.9465758669
-26.6757743216
-22.6059709085
-25.9912036716
-23.0503725854
-26.0684969391
-27.3511339744
-27.1458126306
-29.2277036740
-27.2979886201
-25.8613890625
-23.6526878785
-23.9632811113
-28.5045880728
-26.1078122303
-29.0900153942
-25.6885902976
-22.8976269468
-26.2527191244
-24.3982374678
-24.5360642900
-27.6856316923
-28.5092382457
-30.1004552464
-31.7223447720
-23.2430678549
-23.6479509849
-26.4383433511
-29.1183551725
-26.2277659897
-27.8897620130
-27.4909609043
-23.1212472979
-26.0526770976
-23.1214246579
-26.2733548303
-30.3025232736
-29.2990081767
-28.2001221817
-26.3850323020
-23.6290021300
