-30.5338139930
-30.6984671947
-31.9065824792
-30.1076609124
-29.7745160622
-31.9302267910
-31.7258738300
-32.3313956322
-31.0584966997
-30.8135040958
-31.9491510503
-30.0926851426
-29.7534893977
-31.9222456694
-31.6988014510
-30.6495732750
-31.9019621025
-30.0548314506
-29.7302438129
-31.9015840796
-31.6622824791
-32.1693225512
-34.3209292744
-33.4843951573
-32.7048901117
-30.2198574929
-29.7698672042
-31.9228528300
-31.6664083241
-32.2110690601
-30.6674256095
-30.1570273593
-30.8980159573
-29.0244692179
-28.5903828962
-29.6104842570
-29.6578919943
-30.9366671083
-30.3075346187
-30.0572070186
-30.8651995001
-29.0075632200
-28.5822205317
-29.3622953042
-29.5955874576
-29.9889551549
-30.8172933500
-28.9775132909
-28.5731170032
-29.6043893464
-29.6362348664
-30.9978634759
-33.4753654227
-32.8313400728
-31.5509273863
-29.1088464459
-28.5972066589
-29.3592892757
-29.5781713931
-30.9808344932
-30.7658050775
-30.6121726902
-30.9098005726
-29.3798602465
-29.8789813766
-31.3424744681
-30.6867110600
-31.4174361654
-30.6487965225
-30.5737597378
-30.9021534539
-29.8427096660
-29.9680734847
-31.3730681208
-30.7016169217
-30.3938873848
-30.8615241710
-29.3321845302
-29.8338210416
-31.3110212103
-30.6361756055
-31.3675635398
-33.4278023423
-32.9201370058
-31.4586687262
-29.9539055331
-29.9721760275
-31.3661407920
-30.6671213863
-31.3896232827
-28.9878544380
-29.6174918422
-31.2924827413
-29.2599323936
-29.6298642085
-30.7225892142
-29.4886520689
-30.1622121745
-28.6611799136
-28.9873935633
-31.0302604927
-29.2139331661
-29.6175242156
-30.7094517567
-29.4884216327
-30.3631111865
-31.5644532190
-29.2742362735
-29.6235207376
-30.7234617651
-29.4580402898
-30.0632281365
-32.3478757133
-32.3026661848
-32.1315581902
-29.3776348520
-29.6540639034
-30.7288252345
-29.4695763452
-30.0719678860
-30.2293558742
-30.6091304122
-31.8849900822
-30.0727265118
-29.7585654691
-31.9193600375
-31.7007290893
-32.2146226983
-30.9634184307
-30.7905446152
-31.9443805015
-30.0799347661
-29.7579803163
-31.9189625997
-31.6930107686
-31.1173019716
-32.0786627103
-30.0829071351
-29.7410393649
-31.9137972022
-31.6546599578
-32.2002942222
-30.8956468611
-30.7085157704
-31.9178324300
-30.0479377809
-29.7390379351
-31.9049564758
-31.6628637482
-32.1695918249
-30.6510011983
-30.1336523161
-30.8917838209
-29.0121564110
-28.5870117944
-29.3425968845
-29.5893100105
-30.9862795219
-30.3554213506
-30.0597068638
-30.8719675951
-29.0055837981
-28.5817298836
-29.6088310707
-29.6618534273
-29.9953050988
-30.8143235700
-28.9636456862
-28.5670505733
-29.3290348022
-29.5663000401
-30.9746049462
-30.2067083855
-30.1230004631
-30.8703195872
-28.9869339929
-28.5696656370
-29.6074134991
-29.6396435111
-30.9990454327
-30.7458373849
-30.6009784060
-30.9098691856
-29.8419471548
-29.9733761086
-31.3788808113
-30.7069881584
-31.4150618948
-30.6443444416
-30.5743228827
-30.9008562788
-29.3524214975
-29.8646852644
-31.3292567464
-30.6842319279
-30.3759871457
-30.8590838766
-29.8294569898
-29.9260965365
-31.3409740431
-30.6579440670
-31.3747303670
-30.5475922713
-30.5312455374
-30.8932130439
-29.3368670475
-29.8296731884
-31.3117953726
-30.6509287062
-31.3726939833
-28.9723647169
-29.0630465772
-31.0592333242
-29.2161766835
-29.6336560508
-30.7148437069
-29.4829028127
-30.0822533712
-28.5927558671
-29.4934588584
-31.2459229613
-29.2422095122
-29.6269954062
-30.7108330799
-29.4753747956
-29.7121260746
-31.3135016372
-29.2459107334
-29.6171707936
-30.7109353521
-29.4655139345
-30.0688751203
-28.4965538892
-29.1173078514
-31.0873646749
-29.2025757635
-29.5993482291
-30.7082943970
-29.4625545110
-30.0684880390
