-34.4106932549
-29.1336520060
-31.8261420854
-32.6017336312
-33.8408049687
-37.6343603729
-35.6625330166
-36.7899306822
-35.7818497995
-38.1873788477
-38.9473549308
-33.5472990756
-35.9553902929
-32.2105292163
-32.9334958341
-32.1312099475
-28.8332679348
-31.6013268992
-32.8963075655
-33.4175505170
-35.9237894626
-34.9776803689
-36.8273118429
-34.3076817762
-36.9369373460
-38.2358105932
-34.4583107067
-36.2748733202
-31.9059507170
-31.6901199614
-35.5004327593
-36.5746902928
-39.1012694939
-42.5926537675
-44.6035758494
-47.5829782334
-42.7200785080
-43.0890172096
-42.5332400711
-44.1699816993
-43.8091147559
-44.4560941088
-47.3624870858
-40.4813235050
-38.5115210656
-40.2550959913
-37.1269514470
-39.0451194360
-39.7255794684
-42.4691490278
-46.6007246969
-43.0456731944
-42.9907348785
-42.1172354210
-43.7623362102
-45.7721875874
-45.0519062603
-43.9099797809
-40.9344607735
-41.4612845401
-37.8749901758
-30.7290375397
-33.2327665137
-35.9729280524
-36.3072962213
-39.3070140818
-35.9615214561
-36.0335664423
-35.4838853765
-38.0430895206
-38.9391886877
-34.6842728757
-35.4723506169
-29.5339819922
-31.6692227498
-33.5143052671
-30.0649343965
-33.2901826792
-36.4570875441
-39.2797151556
-41.8602330342
-36.5081809524
-36.3594887353
-35.0919197875
-37.6334321611
-35.2658434893
-33.3591543414
-33.9433141512
-28.5761994071
-30.8724996614
-30.8473963514
-29.5682833427
-33.4958328042
-35.6037769537
-38.6949003855
-41.9984364820
-34.7387516244
-34.6867533033
-34.3044673220
-37.2402496871
-35.6184251890
-33.1427928112
-34.4631977699
-29.7179478297
-31.2467489032
-33.6195990992
-31.1384904489
-34.4513548784
-35.6170568117
-37.1062251293
-41.0291441553
-35.9786061010
-37.9590515000
-33.8390404504
-36.0482483369
-34.1429496261
-32.7073148683
-35.0289006461
-30.3390305934
-29.7479951707
-31.9404566054
-31.0974261890
-34.4898584543
-36.7457658923
-38.0156417190
-41.2209240391
-37.5851091641
-38.0147950613
-35.7917093635
-37.7774276208
-36.9808975953
-36.5647271611
-39.1642575504
-31.7673898952
-32.1048884221
-33.0939118391
-31.7478571881
-34.7697478826
-34.9520048476
-37.6630302669
-40.7830978418
-36.0418776843
-37.2768541023
-33.5093159306
-35.9347999094
-36.4847968561
-36.1417847405
-38.4988988511
-32.6605647732
-32.1115904929
-34.3287265547
-31.8358877327
-33.9093493959
-34.0115996664
-36.3417037113
-38.7851122957
-34.6958891908
-35.0430595327
-34.6672322454
-37.1323032604
-39.3059952452
-36.6225407573
-39.0951914109
-32.7623748860
-32.8883821072
-35.4047654746
-33.2489501359
-35.2177418591
-34.8540642629
-35.6410351272
-38.2004567531
-35.0840241066
-35.8075525014
-34.8470217184
-37.2823263123
-39.7202172917
-35.6890668368
-38.6128819114
-32.8545157371
-33.9145575109
-35.9492034756
-33.2741829099
-35.0681265943
-33.4345108838
-35.6505153771
-38.6721467588
-35.3235936595
-34.9811433843
-35.1626028711
-38.0338189917
-39.6448801844
-37.3026940223
-38.4118120806
-32.5742651043
-34.3943866484
-36.2228270962
-31.4413808227
-34.0807590123
-33.1377206231
-35.3785552909
-37.5135794304
-36.0160960118
-36.1118215570
-34.4417775549
-37.4686107005
-40.4215576718
-36.2997539591
-36.6078575719
-33.9962148064
-35.0083439208
-36.8716915332
-33.6920700130
-35.7623080268
-38.6821189515
-35.3049257342
-38.5659001137
-36.5798194366
-38.5637925380
-39.7876716681
-37.2538687265
-38.3917576559
-32.6077793414
-34.3917858259
-37.9934913591
-37.6598688942
-39.1837048125
-33.8960099842
-35.6952407203
-37.7068273968
-36.0903469711
-39.9773374880
-35.5064694171
-37.8999394257
-40.4908995524
-36.3353524747
-36.6334877777
-34.0161203565
-35.0345165595
-38.7345276536
-37.8143194276
