-13.6458095581
-12.9351413332
-15.3318486659
-16.9927390546
-13.3280676387
-11.5564381438
-8.4468471232
-12.0601836192
-15.6239577620
-20.1038787690
-21.7254846906
-21.7601472243
-23.6439273496
-20.1821882742
-20.1247721021
-14.3543416958
-15.1742962532
-15.2557412524
-17.0592833622
-13.7399570364
-11.9706073334
-14.9249059002
-18.7571871513
-19.0975091810
-22.3598032093
-23.0835258128
-21.7766247112
-23.8505807614
-19.4070692495
-13.8362535269
-10.7140185308
-9.4841784187
-11.0306095920
-14.4921516773
-15.1085636508
-18.8994271751
-17.1875677657
-18.5814678347
-18.3343637543
-21.2573055168
-22.7854526363
-21.2733480252
-22.6918087811
-15.0586767717
-13.1048175582
-14.7961722691
-11.1093773941
-10.7141415182
-10.8143968648
-15.1517380780
-20.8257501664
-19.3832980680
-19.3854457875
-18.9884118409
-21.8061257273
-23.0859479816
-21.9489353665
-17.5493851170
-16.8644792460
-11.4307169911
-12.3452903440
-15.4073049073
-13.4085132207
-16.6142771975
-21.5569788135
-25.2535193078
-21.3485764018
-20.6700865924
-19.2879181596
-22.2812814063
-24.5564134455
-18.2187818302
-15.3479313111
-9.9367139934
-12.5684122615
-10.6816215110
-7.9204864412
-11.8684554048
-17.2271872672
-22.0247890185
-25.9627334140
-21.1828590690
-20.9658593091
-18.6622538751
-21.3695642259
-12.4671484402
-14.2608648161
-12.3801846184
-9.7714030964
-11.2841801922
-8.5928699876
-11.6850462093
-16.7035583190
-19.8808294113
-22.8750483211
-26.2051950451
-19.6419278333
-20.1079839120
-19.3178088548
-11.3566498304
-11.1497089347
-13.9076628953
-11.1093942236
-13.3983947305
-11.0832772419
-14.8316387339
-17.5756406125
-20.8333636289
-21.5811435596
-23.6456517380
-24.1381496626
-19.2844279563
-20.5108667807
-8.8680679605
-9.1520380639
-11.4097149205
-10.4115643490
-11.0439749006
-8.2452787361
-7.3629741187
-10.4506906246
-12.6285496774
-15.5823148124
-18.7476848897
-18.3049015690
-15.0103343448
-12.4399841429
-15.7634985911
-18.9673333932
-22.7208540989
-24.5930489249
-24.3323737548
-23.6713855136
-20.7708338481
-23.5898667431
-17.5752315213
-15.5659538375
-15.7533037362
-13.2115354711
-14.5594015431
-14.7939235753
-16.8366430579
-19.6162587900
-18.1698257710
-21.4697975253
-23.9440602049
-24.5441834983
-23.8989671979
-21.6421547944
-15.4164679878
-15.1906313423
-13.5777065634
-15.2535585789
-13.6727214153
-15.8146955909
-20.4564268478
-19.5697339642
-19.4676662290
-18.5239519735
-21.8746313154
-24.5730825311
-23.6978986274
-24.8091256201
-14.5084608712
-14.3619952940
-16.3795868936
-20.2481215268
-18.3173192354
-14.7081922023
-17.6431804490
-22.1009909270
-19.3619270430
-18.8705928767
-19.5465531108
-22.9576752462
-24.3593801043
-22.3591934653
-17.9928144503
-15.5825232431
-15.5404012992
-15.9231029308
-16.3644104645
-17.1979619990
-21.6067180801
-27.6473011473
-32.6593790243
-34.3767511860
-33.9924561297
-36.3891850563
-39.4218618206
-41.9380403425
-19.7322653202
-17.3389941903
-17.0249897812
-17.7927879836
-16.2395256382
-14.3000545286
-18.1655458536
-21.2248450782
-22.6700429125
-24.7719231119
-21.5981453520
-22.0067476814
-20.3879070215
-23.1247557709
-17.3954860318
-12.7183136896
-14.1100597806
-18.4990635513
-13.7708730464
-15.5450592173
-18.7798359314
-23.2977214778
-21.7823299499
-22.6235142074
-25.1780126043
-21.3159308339
-22.7399311153
-20.5408817502
-14.0977417920
-14.9858925591
-13.3208438496
-14.2689857574
-14.3876073850
-15.3227619708
-18.7826231691
-20.0218628855
-23.2225824287
-22.4150147019
-23.7993423533
-25.4149903769
-21.9420624059
-22.3835083707
-12.5850541652
-12.7589494555
-15.5367117258
-13.7233966925
-15.8978416692
-14.4595540043
-15.8920975944
