-20.0121895930
-17.2579311071
-17.7742795092
-17.8134524022
-17.6716925962
-16.7105462824
-18.4043637875
-21.9746594398
-23.7474101450
-26.2414976308
-30.7800972677
-30.6621540064
-29.6429355861
-29.4838283955
-23.1923239158
-19.9654783286
-18.9417647307
-21.3686920839
-20.6963461092
-22.3539434471
-24.2067319272
-23.0225376873
-24.1731555327
-23.9302691563
-26.2345483084
-30.1622225056
-28.3977161323
-27.6170885479
-25.6624085869
-18.8707967940
-18.5140968159
-19.6821076158
-21.0778503404
-20.0066487676
-21.5132831452
-24.3180922288
-22.7663986244
-22.2827878077
-22.0901184191
-23.6219828768
-27.3521463261
-27.1226887322
-26.8901771932
-16.0662732780
-16.5639731957
-16.7456477021
-18.6157451521
-18.7363773049
-19.2230291647
-22.7610946948
-25.8846320616
-24.3305319061
-24.9511746223
-21.6455613716
-22.6634582972
-26.7188503599
-26.9939279037
-17.0715663084
-16.1533795522
-17.8618039069
-16.8501247135
-19.2717276077
-20.2381065658
-22.4741431881
-27.5479200966
-31.1899372931
-25.7022792446
-24.0968603906
-23.2764694723
-24.7001310685
-28.6065936814
-16.8789033540
-17.7181086923
-19.5593717697
-18.1162807664
-14.8637383137
-17.1593845840
-22.2616472073
-26.4383355867
-30.5977872380
-29.4187858439
-24.1784775770
-23.8709149714
-23.5543096814
-24.9435831729
-16.7530190642
-16.4872495311
-18.3119769269
-20.7796514448
-17.4861395104
-15.4931533622
-17.9701763192
-22.3873023396
-26.8154459055
-31.1591636727
-25.8493131430
-20.7293658164
-20.2381829322
-19.5324081111
-15.8481432297
-17.8917334453
-20.3321996914
-19.7413207034
-21.7859424195
-16.1803004685
-17.5284789579
-22.1856252211
-25.5011898984
-29.3257711382
-32.2753335870
-29.2707318210
-25.8401811520
-24.5621747943
-21.1354775563
-22.0536266277
-24.4103612685
-24.4479405180
-23.4988625628
-26.2022716947
-18.5454529816
-18.4068817613
-21.8146589363
-24.8860724851
-27.1644494812
-26.5666562557
-23.5382568199
-22.5537071734
-23.5440267853
-23.1339912035
-23.9279635047
-27.7631592583
-28.6520660304
-29.0441093791
-25.1816912122
-24.2662556985
-24.6127400336
-27.5138957892
-29.0600081861
-29.6415594963
-29.9660565210
-29.3244830344
-24.8439414515
-24.0792514340
-22.3292272041
-23.1986208285
-26.6203064762
-29.1469228074
-27.7493110839
-26.3422112792
-24.3097913427
-23.7101804564
-24.2894287978
-23.7789009752
-24.0765133914
-26.5193766781
-27.7079529391
-24.7588664323
-22.5678492166
-22.4652299593
-24.9872391948
-29.7373653070
-31.5915100476
-29.3017902330
-29.0939302118
-26.5095028570
-22.3189533705
-24.8494227351
-23.4751638629
-22.5274206003
-25.5299594782
-28.1038684187
-23.5727316405
-23.6737404282
-22.3986636315
-23.7676238249
-26.7775934989
-30.0427166992
-29.1113825393
-30.1275587003
-23.8552815524
-23.4454634719
-22.9041930928
-22.3470096501
-25.4972815325
-23.9755706145
-24.1473596127
-27.8964265306
-28.7425161630
-28.9491903373
-25.0805439038
-24.1634992161
-27.1030265417
-22.0268921170
-23.5615360574
-25.7060296729
-26.9506835572
-28.2923834390
-24.6900345796
-27.2251370557
-23.5419399076
-23.5614091953
-26.8185024242
-29.2277515760
-27.5507630163
-26.2365601100
-24.2800158609
-27.2752906355
-27.5287576406
-28.9103436871
-29.6344781078
-29.9513992190
-28.9321225054
-24.9718879899
-27.1218459274
-25.0066515182
-26.1085837917
-30.5995103264
-31.7490507876
-29.0830854726
-28.9457583762
-26.4899002351
-28.6391227390
-25.6677319249
-24.8025496705
-23.9156895402
-26.4321228633
-28.5419886806
-23.6085295376
-25.9329459980
-23.6129078301
-24.1831613937
-27.0698009900
-30.3000920290
-28.9579443294
-30.0391604909
-23.8027744314
-25.8561472755
-22.9723802368
-25.1633365708
-23.5587785962
