-27.1361122952
-25.6796460074
-28.9580504756
-24.0046224231
-26.1340120584
-21.1339344057
-22.9101248826
-27.2631137658
-29.2324703438
-24.0619777745
-26.6040969738
-26.2321611087
-27.2427602939
-27.2533603655
-28.3468596215
-25.5057002390
-25.3223570731
-26.9586672721
-23.9093667797
-26.8965258360
-20.8881442480
-22.9759002157
-27.7131688295
-28.4853479572
-23.8172919259
-26.4675207328
-25.3660273446
-27.6935545597
-28.6836785272
-26.7750354184
-27.5569174846
-28.3045525511
-29.3794084357
-24.5957369422
-26.7309275715
-22.6558487291
-24.8166412368
-28.1938641522
-28.6366967086
-23.8822309548
-26.3919919921
-25.4777540098
-28.5119749902
-28.2517696886
-26.0501656098
-26.0822532209
-26.3749733735
-28.8026768647
-25.3705778124
-27.8519588043
-23.3683268429
-25.3384371203
-29.2047933854
-29.2648893641
-22.6690120816
-25.6540222519
-25.7226961739
-28.7396136904
-28.5628418706
-28.3706023275
-26.9266392112
-26.8477303086
-27.6768272203
-27.1040725875
-29.1153737473
-23.7675927607
-25.4563700346
-29.0228160293
-28.7817693051
-22.5145329903
-25.5076809455
-24.1112147698
-25.9024831093
-26.0787384192
-25.7084130072
-26.3320552566
-26.0320129242
-28.6304606816
-27.2214345780
-30.2612272729
-24.5945549833
-25.8282269472
-29.1459026720
-29.2061501168
-23.5025107038
-25.9977387492
-24.0450251706
-26.5679404806
-26.7730132761
-26.1168536235
-28.0484653171
-29.1214052263
-30.5259545645
-28.1984172130
-31.1686620672
-25.7751748020
-26.6182468067
-30.2154131792
-29.9942551904
-22.6395796599
-25.2424008332
-24.1023196715
-27.1259213055
-29.1953597411
-29.0601894339
-29.4374990966
-28.9104407934
-30.7077726770
-28.0696356818
-30.6098048840
-23.7837543724
-25.1403732148
-29.3529678047
-27.5297764864
-21.5070820765
-24.5178106140
-24.6907556859
-26.7870660045
-26.7125794100
-27.2166200138
-29.3092224585
-29.9583485563
-32.6247423008
-30.5281229930
-32.9617553420
-25.3415596605
-26.5988189526
-29.5729762181
-28.5869509464
-22.1827849075
-24.9946351740
-25.9753126430
-28.8644493252
-28.6120387285
-28.8801850260
-29.9186125365
-31.0792916359
-32.9760307449
-29.6591464434
-32.6716606687
-25.7765859024
-26.2372902602
-29.0011990344
-27.9852558625
-22.6518497531
-25.3738220383
-25.6404783066
-28.1922316759
-27.8768433466
-29.1564173018
-31.9960396514
-33.5141861643
-35.0484139391
-30.0670005576
-31.8428293016
-25.2211812740
-25.4655434748
-27.1541471750
-27.8340896443
-23.1648541395
-26.1469255498
-26.6926505529
-29.4710793535
-31.4056644971
-31.5326348889
-31.6346055317
-30.8329720783
-32.5368774681
-29.9573633742
-30.6171037674
-24.3686587625
-24.8745908016
-27.5704925117
-27.9754584363
-23.6754881334
-26.7915349047
-26.8964391093
-29.3839343015
-31.3234725350
-32.1671230525
-29.8232895825
-29.1684478903
-30.5709375389
-25.1674468881
-26.8234115063
-22.3891510176
-23.7159180611
-26.6174079147
-26.3291981037
-22.8547735576
-25.8599766637
-28.3261578970
-30.9901684579
-30.7798267389
-29.8646425443
-29.2889621905
-27.6311606980
-27.7428355718
-23.8374848812
-25.7469075198
-21.1149272903
-22.6385660036
-25.9412883283
-26.1751320056
-21.7329627863
-24.8694370389
-26.7966731304
-29.7641062860
-29.8634916555
-29.2068155339
-30.4917062945
-25.2119689996
-26.8279011310
-22.3899174127
-23.7349290593
-28.4550002548
-27.2944311042
-22.9507671255
-25.9143350390
-28.3653864414
-31.0047649137
-30.8455787554
-29.8891943661
-32.5364839120
-29.6304519486
-28.4568256388
-23.9944741685
-25.8219702111
-21.1535033731
-22.6508438595
-27.6641920431
-27.1128848332
-21.8435515237
-24.9248751014
-26.8699829492
-29.8226888883
-29.9632990509
-29.2232800779
-32.4417318794
-30.1964410261
