-20.5957619274
-24.4763191300
-22.6394307770
-20.3167462005
-22.1262295948
-23.8409854202
-26.3432287891
-28.5600261185
-30.0137127968
-26.8105433050
-25.9459928346
-25.6874950528
-26.6820763463
-27.0065086830
-27.6591586910
-25.8938443377
-25.8258047779
-26.9800810106
-20.9436768163
-21.3772570805
-25.5283257139
-27.9097698456
-28.8293207434
-28.1607318140
-28.6641263950
-25.7573315285
-24.4167694738
-25.8137327619
-27.0384409597
-24.6037478393
-26.3527401446
-23.9852360030
-26.2898349101
-19.4409300493
-19.8923652700
-23.7054940420
-27.0542620905
-26.4033377533
-27.7262156738
-28.5904528032
-26.0343833094
-24.1747038692
-25.3535203485
-23.7682685341
-26.0337269526
-23.6416126979
-22.2090274682
-24.8222157176
-22.9257816100
-22.6921528150
-25.7889142471
-26.7329989150
-27.0348200001
-26.7025347165
-27.4240994309
-25.5658881365
-23.5325554631
-20.4134116754
-22.2286287860
-24.6845623812
-21.7012661341
-20.1474583358
-21.8622582939
-22.6446466792
-23.0560519411
-25.0325303077
-26.3998074180
-25.2741389186
-25.7900612580
-25.3994574441
-23.4111180996
-18.1850064659
-19.9539422577
-20.6967435496
-20.7563540704
-20.0509792900
-22.4563801756
-25.5025466251
-25.3697686988
-23.7044570898
-25.4833660382
-25.8748229877
-26.3171610444
-25.9534872166
-25.5637184139
-22.8857335785
-18.0176177385
-19.8808641569
-21.1005237263
-20.5641830905
-22.4963414659
-25.0295152145
-25.8830151273
-21.6802459361
-20.9544115386
-23.3150442633
-25.2838638498
-24.8210648439
-24.2727131047
-22.4619909101
-24.4745999200
-17.8017273245
-19.5643041337
-21.6734933795
-21.2444364112
-22.9392621331
-26.0842326393
-24.1593487779
-23.9929245504
-23.1653124268
-24.9785382970
-25.6032524833
-25.7834290921
-24.3000689958
-26.2049579694
-22.2555898448
-20.9846711985
-22.9321885112
-24.6695024633
-24.1523787232
-25.4741835319
-26.7702972277
-22.7898332263
-18.7065176663
-15.8601971283
-16.7766336282
-20.5553721234
-23.0334393941
-24.0040683480
-24.3765492713
-20.4239858575
-18.8602446308
-21.0594167207
-22.6328232226
-22.4261192268
-23.0910446048
-25.5708243918
-26.4001491870
-24.5386586395
-19.8530745726
-21.2253321950
-23.4116747630
-23.0289497770
-23.0473859796
-24.0495614027
-20.7274563117
-19.6378897270
-20.4893495236
-22.7011229989
-24.8434068079
-27.2453119198
-25.1405195035
-20.7010687528
-19.0412070958
-18.6078378219
-19.4168002603
-21.5224073833
-20.9180440169
-21.0536079165
-22.3713789387
-21.4809404929
-17.6004256065
-18.1722224334
-21.7330313831
-25.1391174654
-22.2779098093
-21.8615566334
-19.4954826357
-19.9381198400
-20.9431266257
-21.6339981380
-22.7888635834
-22.2614129013
-22.2671168483
-23.4431785276
-18.9463786363
-19.1513543890
-20.4313753617
-23.9604330168
-26.4199744794
-18.5327983946
-17.5942452549
-21.0740882642
-26.1662614853
-26.1667534371
-24.9190766651
-20.5126300668
-19.1006946354
-21.1299237750
-22.6575718279
-22.4557885543
-24.5318491144
-27.3274521099
-27.4506928136
-22.8614730385
-19.4182903319
-20.9784532928
-23.2606107936
-27.5526051950
-25.5803616016
-24.7283077468
-20.8380554094
-19.6530156743
-20.5049505837
-22.7080127870
-24.8571462505
-26.4082338793
-25.1370435411
-26.3348243723
-26.6854306449
-21.5118060075
-20.3449409999
-21.9376006196
-25.8875901723
-24.0005574200
-23.3452974521
-21.7432301456
-17.6654721031
-18.1953023205
-21.7520359092
-25.1574203239
-26.6837761643
-28.2270845238
-25.3233202417
-20.7076219483
-20.2308659405
-21.3707440162
-22.7470199665
-26.6574326176
-24.3146214442
-23.9694795971
-19.0300503439
-19.1712806628
-20.4476884441
-23.9710382668
-26.4460694506
-27.5345923492
-22.9444560126
-22.0294916585
-19.5453462189
