-30.9747926642
-30.2310427198
-30.4610673311
-32.4555179293
-28.4709534530
-26.1358141316
-26.7293688980
-29.8768776706
-34.1898809432
-31.4546347944
-32.6538937869
-36.2939542079
-36.5928986387
-36.7215506737
-36.9700166044
-34.5073004227
-34.9679968686
-35.5864502212
-33.5418203929
-32.8734322360
-31.7950086006
-35.5751277597
-40.8856510092
-44.1512490496
-44.7462287900
-46.6486359973
-50.6500276141
-49.0439278836
-49.0005333902
-36.1032552763
-36.5703637830
-30.1650887411
-28.0611496723
-30.8100682602
-32.5936515326
-30.5295910556
-33.3413861470
-35.8921951031
-37.0059737202
-33.9300834869
-33.8773148779
-37.0984835054
-37.0782426665
-30.5622418022
-31.7721112576
-27.6029710844
-26.4699209059
-28.3879666087
-29.3967002219
-30.2873455552
-29.0135273777
-32.3414519669
-35.1847609984
-36.6783930697
-32.9034200133
-31.9439882424
-34.9782460962
-29.3730817910
-28.6539949662
-31.0451003264
-29.8381410759
-28.9531491853
-30.6094359353
-33.4220983930
-32.8561197387
-32.2302017463
-35.7799221529
-37.4887078554
-38.8728321148
-33.6527197790
-34.3776903840
-35.0187057876
-35.6162541714
-31.2166471933
-28.8246964819
-29.2896522048
-31.8553803127
-35.4542561854
-35.6040708244
-33.9857364323
-31.9547617840
-34.3034743675
-35.9678778748
-36.9968494802
-32.7962334922
-30.9232590867
-32.3533906484
-32.1964674295
-30.1062109793
-30.3843695905
-31.6220027377
-33.2860024779
-35.9247824104
-35.0733787314
-32.4038121755
-31.8365026654
-34.9473598726
-34.5499013543
-37.2775324614
-29.2101452021
-31.2150211924
-33.4730662375
-34.7919422744
-30.8832978060
-29.3900072125
-31.6263706660
-33.7064645127
-35.5443968981
-35.3240545350
-35.6128584715
-33.6857640861
-35.9164672847
-38.0905244350
-31.7087645822
-29.4907881374
-32.2349567555
-33.3919772698
-35.2603984575
-32.6706094769
-30.9896040226
-25.2212175284
-23.6703279163
-25.2017249490
-26.7478607645
-27.1761978605
-29.4669224442
-27.6441635205
-30.3024676072
-34.2096829295
-32.7144273236
-32.8770803777
-35.1118318036
-39.6259999442
-35.3310944891
-33.6083517435
-24.3039708803
-22.5650231526
-24.6603626856
-27.7400353803
-25.9614165561
-25.4528565327
-29.2209562830
-32.1914742122
-34.8717534808
-31.6610021325
-32.6782436495
-35.5526123377
-39.2459316535
-35.2505583140
-26.4507920943
-23.9100658582
-25.3739605694
-26.9810765579
-27.3152648809
-27.1897715952
-29.4549889488
-33.6558966927
-35.8862335368
-37.8307658425
-32.3725220329
-33.9897082194
-36.6133996952
-39.8860964105
-29.5139081388
-24.9557341645
-25.2698654903
-26.9610972106
-26.1710838354
-27.3422828908
-31.0359683114
-31.4782195619
-34.2316520486
-35.9330975378
-36.7668132701
-31.8658781081
-32.7502433346
-35.8160967662
-32.2951058050
-25.0696240819
-23.5726021938
-26.9045354439
-29.0720051205
-28.7274433015
-32.5735944994
-37.6734102511
-42.0539767799
-45.8732959659
-43.1892646719
-44.2283091996
-44.0547259588
-44.5240895202
-31.6650386435
-27.8807335751
-26.5698150480
-25.8818927212
-28.0212091006
-30.5813162355
-33.0449027075
-37.4234788568
-35.2739320599
-34.5428549234
-35.1658898234
-35.1131768846
-36.6447273738
-32.7928856935
-29.4649132478
-29.4867477351
-27.4060658491
-26.2888497410
-28.6216924507
-30.0983049451
-33.7830884424
-35.5994154951
-37.7774807004
-33.9442980351
-32.5080095036
-35.8685702011
-35.5390528489
-37.5427658633
-36.6210506972
-27.3660074679
-26.8092280276
-25.6110368299
-28.3200862796
-31.0379878745
-34.3553147527
-36.7928072486
-35.8856949876
-37.3643396065
-35.8081298877
-32.7157257914
-35.2918102820
-35.6956485202
-30.4598374728
-27.3286677278
-26.5531485491
-26.7516823832
-27.6166872280
-30.9782090733
-30.2611107722
