-32.8126449199
-28.4382806815
-25.9163312971
-26.3733383098
-24.6131750181
-24.3136090802
-25.8089881039
-27.9186183335
-28.9890506385
-26.1446923969
-24.7038245313
-26.8432277302
-26.7117612258
-26.8100513777
-29.8548722941
-30.0093306365
-29.8605063380
-24.6918055881
-25.9953295250
-24.2582499830
-23.6642498328
-25.2409599670
-27.8670018999
-29.0867931744
-26.2521042042
-24.3289538102
-26.4707662632
-25.8498219365
-26.3991044541
-27.6704759707
-30.2907088901
-28.2427425433
-26.5536404874
-28.8146219994
-25.3176046362
-24.2550070484
-26.0592950294
-28.5814308248
-30.0771371678
-27.3704595524
-24.8116700292
-26.8910342019
-27.6461274024
-26.2021150604
-28.5675450968
-30.7729796600
-30.5368989868
-27.2477806928
-28.2505268829
-25.0637893799
-24.0681451864
-25.7804916725
-29.0542006694
-30.7819395016
-27.0854952681
-24.7819605716
-27.1578160210
-25.6374541503
-26.0578619224
-28.4155762415
-30.8994322201
-30.2651395200
-28.0918287699
-29.5977105721
-26.7002756579
-25.8581616636
-27.9474617154
-27.2053299121
-31.1949706471
-28.5234100737
-27.2869238012
-28.6896154903
-28.0313949013
-28.3594067447
-31.4528430825
-30.6290929263
-28.8370299987
-26.7659603688
-28.7969418451
-27.3766696807
-26.4716582381
-27.9521662363
-31.9991311110
-33.8560422384
-30.0193403736
-24.6832613197
-26.4897228801
-27.1415547302
-27.8069719471
-29.3847123440
-33.4736423225
-33.0129277327
-28.5820742299
-29.3978627479
-28.1279943202
-26.8088525955
-29.1124013741
-32.1938122235
-33.4732914925
-27.9734220471
-24.5573925962
-26.4205518550
-27.1299461780
-27.2156102306
-30.9776433315
-33.0289003343
-30.9118524873
-27.8674096946
-29.7614420268
-27.6017619395
-25.8620480110
-27.1987495445
-30.7130869437
-29.5392716691
-25.1201802563
-24.3794413760
-26.3834179555
-25.9437674619
-27.1557809399
-29.5900479220
-31.2462181266
-30.9702201874
-26.0710602183
-26.7128137243
-25.6141062874
-24.4725933218
-26.4634026587
-27.0686384655
-28.3007464667
-26.1882137934
-23.8464239992
-25.8417475959
-26.1474304474
-27.1630914628
-30.4684982476
-31.8096154089
-29.9573271233
-25.7749417815
-27.1422292089
-24.9695124406
-24.1075277929
-25.5695815896
-28.1725682116
-28.2939019912
-25.5322819743
-23.4076602602
-25.6487791850
-25.4775378130
-26.6496288646
-29.1468049989
-31.5254525241
-30.2293183319
-26.1155538490
-26.6831961846
-26.3163609863
-24.7266260783
-26.4945866477
-29.0045934333
-29.3526389845
-26.4204560610
-24.5485285678
-26.4517384365
-26.6119926593
-27.1406226287
-30.2462631599
-30.2004620118
-30.2136201822
-25.9048599645
-26.6862798886
-24.9987157165
-24.1404102813
-26.0570929355
-29.2512198234
-29.6473411173
-26.5008783351
-24.7597454758
-27.1622370345
-25.4032777611
-25.6842961595
-28.9471513578
-29.7245269213
-31.0456155730
-28.6411915048
-29.4056496866
-26.2880768641
-25.1933114334
-27.7198825549
-27.7195627854
-30.6613112853
-28.1538976924
-25.8994550748
-27.6060832651
-26.6523850386
-26.8009983406
-29.7598043811
-30.8058168348
-29.2783957724
-25.4074126727
-27.1862153583
-25.1868799245
-24.5694581412
-26.6407609441
-30.9120453694
-31.9220255883
-27.4282874084
-24.4706242551
-26.8049623543
-26.2442357083
-27.1082411458
-27.8987982284
-31.5934648766
-29.1631465599
-26.5259803581
-28.2184988189
-26.3209826539
-24.6837895177
-27.3433742168
-31.0269282184
-30.7554820494
-27.3108076167
-24.3718576872
-26.2892186870
-27.0965937601
-27.3918668183
-31.7013543616
-31.0895784120
-29.8912346297
-27.3672334415
-29.1595411282
-26.6238821369
-26.0201648715
-28.3240412419
-31.8059543136
-31.7636718526
-27.1224000307
-24.8809420400
-27.2915998373
-27.0136082077
-26.7079357294
-29.9233765963
