-29.3525639011
-26.3456937166
-24.8313205516
-22.0815534356
-23.0950060363
-24.0552873419
-25.3559489824
-28.5895465775
-33.0087008983
-26.6507395966
-28.5150716199
-28.5697445735
-30.1380137497
-32.3393793244
-34.6267505259
-28.6475401471
-28.4426473317
-30.3848019769
-22.3771657288
-23.8533759167
-24.7107777530
-27.3986543286
-28.7626754550
-28.9982629140
-25.0137380917
-26.9702071997
-24.0612657497
-25.5312463027
-27.7995746875
-25.7510074776
-27.3560042030
-29.6666964652
-30.8320516287
-25.4348216467
-27.2977374708
-27.7282831306
-30.7168943184
-30.3571043141
-33.0040054375
-29.2844958651
-31.6121483388
-29.2987712643
-30.5866434531
-28.5502830929
-29.5122601376
-27.7230051006
-27.3858871362
-28.6792096146
-21.3580467079
-23.1451440555
-22.7917090827
-24.8841914429
-27.8719666397
-31.1604751048
-24.7525333232
-26.4453250498
-23.7438358073
-23.0987564566
-25.3365314917
-26.5235115899
-23.9686290507
-25.8798511511
-28.5382745142
-24.0964707271
-26.3822994235
-21.4105745442
-23.3942444468
-26.6393770356
-30.6229345701
-24.5931762445
-26.5015023184
-21.3013735910
-22.2739988581
-25.5992858687
-25.9512178075
-22.0781538558
-22.5078335097
-25.7431027288
-23.5802324804
-25.7585730273
-24.2895569599
-26.5081034122
-29.4557669958
-32.0710039326
-24.6758355688
-23.3812507021
-22.2349217805
-23.4880100441
-24.3896763744
-23.3060805542
-23.5746139803
-25.8005253918
-28.4723257149
-21.1701012551
-23.1238261009
-23.5355213594
-26.0617845101
-28.4788789070
-31.7464719745
-25.5906431918
-26.9842301446
-21.7063784520
-22.6725009919
-25.1870456279
-22.0638952831
-23.9469874444
-28.3263171259
-31.1087564088
-24.9754312844
-26.7678841131
-25.0869443486
-27.3296179408
-29.6441888010
-27.0212734524
-25.0528514270
-26.9584950860
-21.0541360997
-22.2255140153
-23.9359006200
-24.3500270844
-25.4552566943
-27.2273896735
-27.3903638158
-23.8354601497
-23.4156595094
-26.3272898768
-25.9414022542
-27.7379433202
-32.4078577481
-27.8442637857
-29.5317125757
-25.9047784092
-27.4026908562
-30.2845013450
-32.0893857633
-28.2984731720
-25.4031081756
-24.7501435321
-23.2093840269
-24.2037233124
-27.0038198398
-30.8746266575
-32.9315332322
-35.4873470763
-27.5348162964
-28.8789046647
-25.5447009350
-26.5595282639
-29.8960582562
-29.7657180562
-30.0290044638
-26.9760069577
-27.5562093469
-23.1562567928
-24.0502022203
-23.7098425610
-26.5078173130
-28.7340469787
-30.9260735109
-24.1063794908
-26.6432064128
-24.0221575935
-25.9527052743
-29.2533584775
-29.1675352061
-29.8009825724
-29.4061248060
-30.9779294419
-25.0131503473
-26.8032327847
-26.5155744767
-28.9494065183
-31.6975159171
-34.4583223396
-28.0572788447
-29.7381977312
-26.4446945919
-26.7591016511
-26.6581653683
-28.4362287711
-25.8388878620
-27.4189754540
-26.2478463136
-28.6526369306
-33.4695048255
-27.9770870135
-29.5795358743
-25.5231046544
-27.2263436426
-30.1712289630
-32.0256545982
-30.3401374734
-27.8111431073
-28.1664266997
-27.6137964165
-26.6120522153
-28.0768672358
-31.5573549876
-36.7140161652
-39.8561474646
-27.8976292003
-29.0506483211
-25.4795495945
-26.4884697297
-29.7987778923
-29.7223287145
-30.4172352428
-27.9892638979
-25.3942324934
-24.7583033087
-25.6841848283
-24.1585487180
-26.7740787107
-31.1771286508
-33.3422832979
-24.3626117511
-26.7537977212
-23.8761308619
-25.8328020048
-29.1819775975
-29.1766723938
-29.9935379875
-30.5952796316
-27.0869905241
-27.5951970994
-30.8593013546
-27.4018040601
-29.3684212670
-34.8302697602
-38.0438960457
-28.3501439680
-29.8187934729
-26.3655565460
-26.5279662567
-26.5980279625
-28.4368993666
-30.9104918805
-31.2134651042
-29.7768204228
-31.1340008295
