-30.3073028917
-30.3121640610
-29.3444274279
-24.7414219017
-26.9793625112
-26.7731504997
-28.9176865778
-32.2340039429
-34.9453545577
-29.5442726485
-30.5971593678
-29.0941179437
-31.5494942716
-32.2391395634
-33.4894789912
-30.9324312211
-29.7082954022
-29.8393683418
-25.6463375950
-27.0691627686
-27.8694460806
-29.7006197924
-32.8753158537
-35.1058016263
-29.5809288490
-30.6174740077
-26.6416619757
-27.7234284229
-30.5081708374
-30.1358492292
-29.1829174764
-29.6027814651
-30.9400304459
-25.0838930041
-26.1972642401
-26.8688812572
-29.2770843529
-32.9879991878
-35.3814823525
-29.4523376346
-30.7231199870
-27.8840619531
-29.4016999022
-29.6145440779
-29.0092293517
-27.5924564596
-29.6826625920
-33.4254578395
-25.7284285858
-26.9029663982
-28.0460949304
-30.1057837555
-33.0696746064
-35.1699949488
-30.6976257018
-31.1350002504
-28.4425787147
-27.8986493540
-29.5412057837
-28.8143436759
-28.0735440388
-29.5603423512
-28.7348302052
-27.8423128546
-31.2447772368
-29.0943328369
-30.7346456800
-31.9183450796
-35.6728754570
-28.5904579635
-29.4713473279
-24.4890695153
-26.0066882234
-30.1950325110
-28.3904418540
-28.2652631602
-27.1506090692
-28.1693550468
-28.7795154304
-31.4613976989
-29.7226432920
-31.0144497056
-33.8191154780
-34.8088573279
-29.0340931590
-29.7329430116
-25.6748133060
-26.3390744951
-30.3204804732
-29.8189591939
-32.0898310904
-33.0856886329
-32.0391105237
-29.6438340839
-32.1742070121
-29.3940670284
-30.4450299961
-32.9038938355
-33.8084985818
-26.8734343135
-28.8009097486
-24.9597952719
-26.3033257913
-28.9370277008
-29.1357777184
-30.1340536361
-32.3586997429
-33.5880176825
-28.7888739857
-30.1903512840
-27.9959840892
-29.2275586745
-32.6426982048
-33.8352369499
-29.4930536469
-29.8883140411
-24.6677547628
-24.8138552908
-25.5035240420
-28.3293399734
-32.8269941447
-34.0478765487
-35.6778647946
-31.0012552889
-31.5279484851
-33.4209721054
-35.4613453421
-35.3979973807
-37.1296584254
-33.1690288795
-34.4842334847
-28.3811764957
-29.9781155738
-34.6694951740
-37.4347508192
-36.6700675908
-34.6855596938
-34.0283839700
-28.4004049839
-28.8282332877
-32.5404906524
-35.1281888994
-36.3923440153
-37.4598942586
-30.9567901429
-31.9324987835
-27.6392906883
-29.1472283174
-33.7050780070
-34.9948206794
-37.5984045531
-34.2307730265
-36.0784484239
-28.3142671110
-28.8863744356
-28.1999085775
-31.0017692389
-34.4921175118
-37.5183111373
-32.2407953406
-34.1652812240
-28.3634121853
-29.7171296440
-33.2637174777
-35.7368474119
-37.0237639069
-34.8030524045
-35.1455415220
-29.7050446882
-31.2025258371
-30.3074025685
-31.9385173108
-35.3703023073
-38.6210261546
-34.0227097891
-34.2805705602
-29.6867780813
-30.6642888265
-32.2786166675
-34.8052842665
-34.7789614628
-34.2256477646
-35.4191586768
-28.2045470740
-30.1994483378
-32.4632440211
-34.5547172056
-33.5541111761
-38.5213883796
-34.2626754940
-34.6114783192
-32.8718916729
-32.2342408553
-31.9271896967
-34.8818305246
-32.6513991097
-33.3348536665
-33.2741259487
-27.5499215340
-29.2193730028
-28.6793546069
-30.3348969804
-34.0120126319
-36.2736706494
-33.6893759762
-34.7032139550
-29.7374417003
-31.5180578359
-35.4386680850
-33.5475916522
-30.5568977548
-29.4227692921
-30.8843736103
-28.0755351088
-30.3234243548
-29.5551588331
-31.5611895602
-34.6996111185
-38.2069076572
-34.6172353395
-34.2888662692
-28.6963784081
-30.5323407439
-33.4292574484
-32.1032520690
-30.5882461541
-32.6223097716
-33.9052792224
-28.9339517614
-30.5018299427
-31.7354434095
-33.5990579044
-36.6495276888
-38.3836418962
-37.8397632068
-35.6997665957
-30.6118347964
-31.8001234953
-35.0750319121
-31.6348061870
