-20.5925034531
-22.2109136817
-22.2888141154
-20.9314248638
-19.7240871723
-18.7782261105
-18.2961273069
-19.9327162317
-22.4064518726
-22.7226221974
-22.4025616414
-20.9347273535
-19.7141564003
-18.7716237198
-18.2864049628
-19.6811781031
-21.5571385540
-20.7727720166
-19.6634474524
-18.7375864539
-18.2726357416
-19.8429819785
-22.2951368741
-22.7148274937
-22.3834496647
-20.9230864333
-19.7010784889
-18.7589639593
-18.2797028889
-19.8717709901
-22.0493907436
-21.6037475442
-20.6279362885
-19.5988229956
-18.8742287546
-20.1409103156
-22.4839030832
-23.4095633033
-23.2185263948
-21.8265134774
-20.6680309214
-19.6033113266
-18.8760968427
-20.1430347318
-22.4867848322
-21.8919690537
-20.6721554735
-19.5951023544
-18.8635251142
-20.1332929696
-22.4700471267
-23.1251504808
-23.6031492503
-22.1942381153
-20.7209549048
-19.6118698370
-18.8740980013
-20.1368789738
-22.4780010646
-23.1317878244
-18.8468055189
-16.8935710415
-16.7605691089
-18.0139113445
-20.3909739099
-21.4356481043
-22.0393551112
-22.1905796165
-18.4022626723
-16.7876751609
-16.7216939710
-18.0171503996
-20.4009590544
-21.4228058083
-22.0334479141
-18.9024455530
-17.1369170522
-18.1167494077
-20.4223715125
-21.4215526487
-22.0225060709
-21.6450746222
-21.8182630798
-18.7962687552
-17.1218040496
-18.1344761798
-20.4337807019
-21.4214529656
-22.0296068766
-21.6503125183
-17.6612336264
-17.3653649578
-19.1516353158
-19.8017701218
-20.0172799127
-18.5338806908
-16.4426458482
-17.5526592522
-16.9709484725
-17.2100896666
-19.0925426252
-19.7787005928
-20.0115332439
-18.5365682522
-16.4406016960
-17.0021738990
-18.9964325312
-19.7323789982
-19.9808373069
-18.5174472108
-16.4201459346
-17.1492039699
-19.4790724600
-19.7976546316
-19.9149635747
-20.0068002362
-20.0650993434
-18.5376569993
-16.4355696382
-17.1567281064
-20.1748012908
-22.0582871404
-22.2548532343
-20.9223588759
-19.7132281819
-18.7757884043
-18.2989184353
-19.8640384260
-22.3217962884
-22.7077836500
-22.3988798381
-20.9382395661
-19.7245752314
-18.7717311705
-18.2961363690
-19.6815328195
-21.5570971273
-20.7689089710
-19.6648689082
-18.7340172792
-18.2780212211
-19.8654521139
-22.2700322575
-22.6881214743
-22.3799348631
-20.9310714417
-19.7038786792
-18.7588267331
-18.2799372090
-19.8506498136
-22.0677725740
-21.5970273469
-20.6283026564
-19.5942686407
-18.8686374359
-20.1368440198
-22.4852287395
-23.1253446691
-23.0030839465
-21.7919027136
-20.6679506570
-19.6109157268
-18.8816674480
-20.1489380455
-22.4893416399
-21.8881888618
-20.6568547577
-19.5893181424
-18.8587273770
-20.1270569472
-22.4726065237
-23.1253524363
-22.9578070883
-21.7956906729
-20.6621975155
-19.5988967870
-18.8752462995
-20.1371819069
-22.4752565418
-23.1220577144
-18.8210743194
-16.8769731481
-16.7490641187
-18.0295499487
-20.3987504901
-21.4344570849
-22.0383039071
-21.6722337479
-18.1711699342
-16.7554334842
-16.7146695446
-17.9891795650
-20.3725221709
-21.4206205465
-22.0254007658
-18.9005243867
-17.1315963017
-18.1343208293
-20.4267886410
-21.4305953340
-22.0265697772
-21.6545509937
-18.1307891945
-16.7430468807
-16.7024758344
-17.9737506840
-20.3573250219
-21.4036588770
-22.0168746207
-21.6462047960
-17.6697041056
-17.3847345605
-19.1601601672
-19.7938317183
-20.0203338419
-18.5374097334
-16.4417784752
-17.1573987024
-16.6776534306
-17.1094575756
-19.0510291234
-19.7586150854
-20.0070047809
-18.5297160063
-16.4398767275
-17.0104747876
-18.9970772352
-19.7325408214
-19.9788993112
-18.5258594334
-16.4239507243
-17.1503224926
-16.6385232593
-17.1023969010
-19.0342163298
-19.7474182080
-19.9864635793
-18.5239292050
-16.4284921339
-17.1598985486
