-24.3290327788
-26.9537232406
-32.2902731020
-29.1903742908
-29.1982298392
-29.2966792170
-30.3857793937
-26.4517669180
-27.6069195699
-28.8240983831
-30.1321143476
-26.5492414855
-29.6380485691
-32.1888319622
-26.9026492340
-23.8058723839
-27.1355802128
-30.8501499218
-29.5673344115
-29.9638117071
-29.8785865279
-29.4707116981
-26.0060901277
-27.5644817454
-28.2266857936
-29.1547136242
-27.5176928224
-30.4300943530
-31.4046598999
-25.0700564751
-28.2229444266
-33.3339862897
-38.6486254258
-37.3464419615
-37.4609933690
-38.7867525355
-40.5400329570
-37.5544274881
-38.6471638488
-39.6933520549
-39.7014872327
-37.1229485905
-40.5498316603
-39.0826067547
-36.7022406335
-36.6916742251
-39.7202457724
-43.3752189501
-37.6625266773
-37.7379816020
-39.0882097194
-40.0820435769
-37.1495057153
-38.8589619213
-40.8619018506
-39.8855669308
-37.8600170053
-38.7305079629
-40.8091902162
-39.0265667355
-28.2629484333
-29.8023742507
-34.6200937776
-29.7915786965
-29.2727513822
-28.9891050133
-29.5690808093
-25.6965028133
-28.1156387895
-29.3334428688
-29.5767266347
-27.6279009300
-32.0574431374
-34.2013898158
-27.5080481509
-25.8130207409
-29.2554013345
-33.4310374935
-29.6112027457
-29.5471492286
-29.3080896959
-29.2601149288
-27.5313545868
-28.9804235170
-30.0695198265
-28.5766706396
-28.4675538719
-32.2411370972
-34.5890315013
-28.0885961858
-25.1531637270
-27.6464821144
-32.5619639445
-28.8022172858
-29.5981468511
-29.2589989983
-30.9232629691
-27.6949850794
-29.3193033957
-28.8519035005
-29.8491580010
-28.6392120878
-32.1724606162
-32.6142962923
-27.7724556949
-24.4835040919
-27.0714438328
-30.8662701161
-27.5733380092
-28.7246249789
-29.8277080077
-30.7704073317
-27.4382026471
-27.0465230537
-28.7947811887
-30.2658437760
-28.7167953299
-30.5113878676
-33.8935489802
-26.5574038439
-24.5074798299
-26.3762006365
-28.9160321070
-26.6340588809
-28.3814613094
-27.1147606893
-28.4117352078
-25.6888272128
-27.5738170063
-27.9101517511
-28.3777458529
-27.8073007735
-31.7592676594
-32.7751912955
-26.0191706227
-25.0288109621
-27.5241916382
-29.7377006163
-26.5846276980
-28.3836685795
-28.6736933866
-27.8935797519
-26.4008883943
-28.1966954088
-28.5756725148
-28.7558089715
-28.5987925244
-31.5575232918
-31.5249346908
-26.3556296628
-25.0619458935
-27.6957242818
-30.9468865715
-27.7299117150
-29.6385055625
-28.1698288713
-29.8161188738
-26.7601360244
-28.0062333297
-28.3219983922
-29.7072299564
-28.3604825490
-30.3166407366
-29.5589985732
-26.3757824857
-25.4038227872
-28.8412723492
-31.7979110564
-27.8412642355
-28.1718225263
-28.1517564509
-29.1296193730
-26.2277711659
-27.9518956683
-28.6849316870
-30.3150302724
-27.6480731665
-28.8350065572
-30.2046914202
-26.3804818312
-26.2277310354
-30.0418868796
-32.8537169853
-27.2611175230
-29.5419074471
-29.1156236054
-30.4790115850
-26.7787819509
-29.3803767814
-29.9918951610
-31.7716879286
-28.9701522738
-31.1187480187
-33.2975695976
-28.6521631174
-27.1749900074
-30.4342292622
-29.9272655386
-28.6116788326
-30.0574309814
-29.1804228103
-29.7721430802
-29.1370256975
-31.1207546266
-30.7530404630
-31.2767444568
-27.8405263217
-29.6717142816
-32.7098561334
-28.8435728371
-30.9765597700
-26.9763681465
-29.4220469136
-29.0686158951
-30.4428356769
-34.9463811538
-34.1825833671
-31.0846020266
-31.9514411710
-29.0089976201
-31.1498789248
-33.4042926581
-28.6549477718
-30.7870336882
-29.2002105525
-28.6133035274
-28.3239920539
-29.9893435297
-29.1391514103
-29.7306787878
-34.9418280955
-35.5751769670
-31.6393165264
-30.8489964583
-27.7942811207
-29.6797420088
-32.8169093154
-28.8418122001
-31.6207081435
-29.5679273308
