-24.7687726250
-24.7222167190
-25.1953724146
-22.2173464787
-24.1054253834
-23.9406569302
-26.2098061966
-30.6190844726
-31.1299474870
-33.1817093530
-32.6067579158
-28.3281839186
-30.1188513100
-30.8713021769
-31.3435800418
-27.9212450575
-24.6410565214
-27.3313552766
-22.2181568866
-24.6528929188
-24.2310248402
-26.7163000437
-31.8180832806
-33.1430051198
-36.3613671669
-32.6667438321
-29.0503039656
-31.0943580150
-30.6236025828
-27.6272989468
-27.1545653255
-29.7768825550
-31.5370067045
-21.0392910838
-21.6943323340
-26.1613045165
-29.0810814617
-33.2076670835
-30.9992331496
-33.4606874017
-31.7102080469
-27.8567034695
-29.9250880488
-25.6872568769
-25.9128113221
-22.3192148815
-25.8969448618
-30.2812441660
-27.2406552902
-28.6082158049
-31.7071204562
-30.0815853637
-32.2594723258
-30.2598860862
-32.2240187970
-30.1713752504
-26.2328718307
-24.4995880303
-23.3839783950
-24.9573303897
-25.7068620921
-22.7843467729
-22.8665180457
-24.5557096336
-28.3081799693
-31.9990702705
-30.8571044478
-30.4553361828
-30.7082477847
-33.9718623450
-31.9549197144
-22.6037791724
-25.8663667381
-31.0276350615
-22.8895681449
-23.7715554904
-22.8708678545
-26.2919722701
-27.0727436042
-29.5304296466
-33.3934129577
-31.1204141532
-34.1908208108
-31.2138521802
-33.7624462776
-26.2565964185
-20.6321100312
-23.3852470819
-27.3336259889
-26.5596603170
-23.9676814157
-26.2675809815
-29.9421908250
-27.4661592353
-28.8878554431
-32.6866739850
-30.7027199079
-34.0913448411
-30.7602163475
-24.0317867286
-24.7822635067
-19.5752498676
-22.8383931479
-22.1817829015
-24.1397396846
-28.2980614870
-30.4665719100
-32.3987542273
-28.8574352593
-29.7437657538
-33.5492823754
-31.4094382103
-34.4573035121
-26.8147662665
-23.2310126765
-21.8117707284
-24.0709622013
-23.1459997899
-22.2998530514
-22.3296311256
-24.9915035784
-25.8753097508
-24.9849167252
-22.9927855118
-22.4959958146
-24.0449539703
-28.0105184062
-30.8691945876
-29.2599997120
-32.7289072544
-32.4701571030
-27.6029011729
-30.2130479664
-29.1320713175
-31.0957069813
-28.6203616207
-27.6020506373
-27.8745726422
-32.0409915466
-24.2275436926
-24.3104101591
-25.7596721422
-30.4325799555
-29.3496497888
-32.4882424643
-32.7274340243
-27.5312095918
-29.9132982550
-29.8368840324
-27.3307429501
-27.5617165155
-30.0420784825
-25.7043221118
-26.6475290500
-24.3671712882
-27.9237513621
-29.0974709211
-32.4396553659
-28.7163215094
-31.2985077352
-32.8328495562
-27.1052610124
-29.3470567273
-26.9179551262
-27.2418424335
-24.7837212106
-22.2029921082
-23.1092257752
-27.8544625283
-30.5257111791
-34.9518909170
-30.2785734372
-31.6007534040
-30.4061963064
-33.5319336337
-32.6835294384
-28.3158931212
-24.8347227253
-25.7716043415
-26.8995487067
-28.0171130355
-26.9175382631
-26.4244006462
-28.2253496846
-32.3315715185
-36.9789373905
-35.7276075396
-36.6686481751
-37.1319284821
-40.4796516127
-40.9577394711
-26.2784062350
-26.9112284354
-29.3284276397
-27.4192511805
-25.7408087267
-24.2043343573
-26.5871404845
-26.4818660493
-28.9652380238
-33.1118043050
-29.7512303416
-32.9475938658
-29.8514571846
-33.0491683600
-23.1670135075
-26.3602073121
-24.1685791802
-21.5078950801
-24.0526425121
-23.9607333729
-26.5118486589
-30.6970107799
-26.3744853094
-28.2850729110
-32.5586925261
-29.9932842498
-33.3217848188
-30.2660146601
-24.6267319258
-22.0063612848
-24.5290178560
-23.5854820312
-23.0335170792
-24.2848744465
-27.0636581933
-27.8840270055
-31.0062666290
-26.3824586647
-27.9448595945
-32.6306132385
-29.6008836063
-32.8172523799
-30.2728863256
-25.6948392690
-23.2982159428
-27.1830785707
-25.1621390925
-24.0697944908
-23.8891595873
