-22.5333277880
-24.0581639277
-23.3521924203
-21.9050754449
-21.0544481069
-20.4694245495
-19.5277993975
-20.6882549444
-24.0615906918
-24.5427909621
-23.4468137256
-21.9108234078
-21.0414452821
-20.4662346888
-19.5239790731
-20.6372184678
-22.4093879945
-21.7089611600
-20.9930264596
-20.4462294462
-19.5099159814
-20.6771538663
-22.7923188359
-23.3762186461
-23.1825809139
-21.8621314292
-21.0234492378
-20.4576114492
-19.5134411400
-20.6871221812
-23.9940223566
-21.4269575382
-19.5477295553
-19.0913050021
-19.0444021370
-20.6311287335
-23.9877151319
-24.2716722568
-25.1597026817
-21.6024917854
-19.5716522169
-19.0985572750
-19.0474314692
-20.6525036482
-24.0093269536
-21.4401713801
-19.5356420024
-19.0763771263
-19.0359135340
-20.6228446757
-23.9747653865
-24.2061830259
-23.5771682001
-20.8484936613
-19.4458080647
-19.0629082495
-19.0339651815
-20.6309694995
-23.9840682827
-24.2150962517
-21.7352555000
-20.0886362175
-19.3448419783
-20.1170536809
-20.9608611682
-20.4120847313
-19.2709664054
-20.3367773460
-21.0086404648
-19.9313711622
-19.2941291460
-20.0947142988
-20.9613660568
-20.4147049740
-19.2778859696
-18.9020675407
-19.0206490658
-19.9946790222
-20.9150897745
-20.3886915562
-19.2561822288
-20.0683979468
-22.0861492258
-20.7435014183
-19.4511119850
-20.1331738701
-20.9694054378
-20.4047275971
-19.2607637701
-20.0763169314
-20.3621719549
-20.4570793734
-21.1980203171
-20.8542908227
-20.3833034880
-19.9710165752
-19.1250419225
-19.9088608926
-20.2424745022
-20.4173821780
-21.1868816966
-20.8565809460
-20.3956240662
-19.9717273031
-19.1257785422
-19.6334156360
-20.9361811745
-20.7802469584
-20.3557119694
-19.9514501970
-19.1038611946
-19.4138369587
-20.9418721757
-21.3287981301
-21.3994592392
-20.8939310556
-20.3864325032
-19.9670124195
-19.1158348242
-19.4259594656
-22.4389045527
-24.0211361742
-23.3491074214
-21.9058521966
-21.0538474189
-20.4812687198
-19.5309776070
-20.6885682343
-24.0600566072
-24.5569860991
-23.4600780558
-21.9162852673
-21.0540933903
-20.4770522522
-19.5268478765
-20.6164338844
-22.3968084999
-21.7094220327
-20.9974138127
-20.4425877748
-19.5044437648
-20.6877435827
-24.0255740101
-24.5371556285
-23.4373011062
-21.9094550301
-21.0393726494
-20.4620596479
-19.5163060597
-20.6828875893
-23.9787811935
-21.4314562255
-19.5439674873
-19.0904453966
-19.0469602397
-20.6527068984
-24.0104325301
-24.2132087455
-25.0924916537
-21.5991892958
-19.5791815312
-19.0990026127
-19.0476489596
-20.6366203689
-23.9873474696
-21.4366242137
-19.5323213883
-19.0749893297
-19.0314938160
-20.6378929471
-23.9797184732
-24.2151519189
-25.0884952667
-21.5130915413
-19.5573664563
-19.0866393127
-19.0416174817
-20.6255891987
-23.9814402728
-24.2034618058
-21.7452484114
-20.0988000149
-19.3499607729
-20.1153720133
-20.9639824157
-20.4110128138
-19.2762146586
-20.0602291071
-20.7731111988
-19.8898252969
-19.2939271905
-20.0993553908
-20.9567638025
-20.4130673222
-19.2703501822
-18.8937679473
-19.0185479520
-19.9886190634
-20.9161798162
-20.3920277052
-19.2612375886
-20.0671667951
-20.7369430464
-19.8809509074
-19.2731464899
-20.0797812453
-20.9478389245
-20.3986805843
-19.2499992843
-20.0658463170
-20.3572758294
-20.4444921104
-21.1911926689
-20.8528628940
-20.3895964722
-19.9728743065
-19.1289930003
-19.4274974343
-19.8199603551
-20.3059791398
-21.1562945060
-20.8479758307
-20.3868610113
-19.9724328527
-19.1267779629
-19.6249192656
-20.9406772728
-20.7792928483
-20.3604825201
-19.9514838562
-19.1108428990
-19.4246156849
-19.7955431619
-20.2868580996
-21.1388797310
-20.8265219463
-20.3719525550
-19.9511097208
-19.1118034821
-19.4181026209
