-31.8460929539
-34.5544634641
-35.9825520019
-28.0584064402
-31.2352128358
-29.8190057985
-26.8546421023
-30.2603197593
-31.7447501888
-31.3161335302
-34.6584704801
-33.5142690191
-32.6176868119
-32.5402679933
-34.8027054577
-28.6628253339
-31.4201677337
-34.0314819108
-28.9167337713
-32.0493662164
-30.0090277074
-30.0787618746
-34.1134498916
-32.2667427230
-31.0182001299
-34.4782071832
-34.5963912207
-34.6677824452
-35.5801740695
-31.3616369266
-29.7996556252
-31.1867422604
-35.0511675167
-29.4959794209
-32.5121767604
-32.1632017509
-30.8366059804
-33.6123869597
-31.9216566339
-31.1332784545
-35.5234608452
-33.6414219326
-35.6349389199
-37.2458021703
-29.5225171365
-28.7850756782
-32.4385187172
-36.4724775732
-30.5622210864
-33.4281117307
-32.4158725327
-30.4211241767
-33.5359597931
-32.5665079498
-32.1558161388
-36.1615051472
-33.2308790127
-33.0724424323
-37.0004535946
-31.0090357495
-28.6032666149
-30.3213737440
-32.9367297088
-32.8280595898
-36.2411195774
-30.3913668171
-29.0465186060
-31.7554382776
-30.5503005455
-28.7679185299
-32.5828572576
-27.5085064353
-30.1403427261
-33.9488187279
-30.7256120690
-30.0700169450
-31.3057302324
-31.6544774238
-32.7558061692
-36.9599369451
-31.0857800935
-29.8243873951
-33.4480367065
-31.7403848416
-29.8497729300
-33.2496479066
-28.9634825645
-31.3493021046
-35.1039128245
-29.0797739284
-30.3751430716
-31.3757440240
-29.8684356802
-30.4534978873
-34.3805060959
-31.0818264337
-30.9256320607
-34.4287423614
-31.0425020895
-27.6174031319
-31.2019005535
-28.3246432282
-30.7921382415
-32.7006982377
-30.0109618171
-31.0537274426
-32.7057497075
-32.7399034779
-31.4888636462
-34.8883099253
-31.5213719854
-30.3666648330
-33.7407231264
-28.4694193657
-27.7408211959
-31.5264092110
-28.9474012198
-29.8446411898
-31.5873686800
-33.5235550770
-35.7265023696
-39.0664619599
-36.2325105903
-33.6547755882
-35.5165425917
-33.0857365309
-31.9341545672
-34.4035070059
-32.8303497092
-28.5044871133
-30.8374461608
-31.5121247627
-30.0070612339
-31.9415349945
-30.9406091243
-32.6250491131
-34.5526782305
-35.8801606310
-33.3108960636
-34.1684257794
-33.5802372228
-32.0639186708
-35.2092170090
-32.4894619679
-28.9544787216
-31.2216973675
-32.5937149658
-28.7395308455
-31.0855949642
-33.8567568536
-36.2068221286
-37.8667035271
-37.0409404643
-33.5733461382
-35.5462559183
-30.9010672921
-30.2398264856
-33.2554165883
-30.8318561407
-28.0825957830
-31.4438612416
-30.7732502404
-30.2032803223
-33.3649242957
-36.4651230364
-35.9931209958
-37.8550768648
-37.5202465396
-32.6591109623
-32.6786139029
-30.6915968263
-30.0941156638
-32.7090806793
-29.4109626705
-28.3630173496
-31.3722577023
-30.7133031476
-32.5737576257
-34.2874111471
-37.3313626212
-35.1962465569
-38.1196797811
-35.3686322931
-33.7309218246
-35.2557301869
-29.0173451074
-30.2130259646
-32.8057422151
-32.7720247341
-28.5712048961
-31.6281999081
-32.5842774350
-34.4873935699
-37.5488931280
-36.7989435889
-36.4989971624
-38.2197784450
-30.0635051728
-31.5797345055
-34.9286311018
-29.3255899046
-28.7139563035
-33.1080629451
-33.4595455759
-28.3000305593
-31.0580189897
-31.3666029579
-33.1656500122
-36.3725044823
-35.6131044419
-34.4751118430
-33.5723130629
-35.2126360188
-29.0050944406
-30.2232726120
-34.3554882278
-33.3411388794
-28.6263956850
-31.6544269228
-32.6038981773
-34.4862258538
-37.5738087220
-36.7844481137
-36.7358907987
-35.1549233807
-29.5535302402
-31.5058732039
-34.9275540066
-29.3525211758
-28.7331951456
-32.8516883595
-33.4083356466
-28.2860697440
-31.0572085789
-31.3794957384
-33.1680294609
-36.3774420320
-35.5961427804
-37.5744974490
-37.9959497782
