-21.9086239032
-23.0678650346
-24.2157267049
-22.6050530503
-24.6632522016
-25.9840679226
-23.3686064724
-23.6746803106
-20.7460659926
-24.1889520703
-24.9016178761
-25.9161733576
-25.8349380785
-26.2377588930
-24.1350260943
-22.9911711603
-21.9601484332
-20.7299859357
-21.6067665157
-24.7894885870
-24.8622818758
-20.8043909892
-21.7022267179
-20.5310934612
-23.0864125698
-23.7521807158
-27.7178500507
-24.8293734882
-24.0417666921
-22.3463442310
-19.3804249731
-19.5582959647
-22.1618928722
-20.6317475447
-19.8733439152
-23.3891114150
-19.9662628480
-21.1553727570
-19.3377308109
-21.9181960667
-23.3604933062
-25.9906651324
-24.2407212792
-24.9328639865
-23.1446145780
-23.0263554191
-19.3457080499
-20.4459951209
-24.8306641818
-25.6759538435
-28.0012828260
-20.0950301721
-21.7162004808
-20.8287576950
-23.3167686520
-23.6188189191
-26.2114114761
-22.3396253236
-22.2061366509
-19.8356843923
-19.3101548274
-22.3698681476
-22.6592301885
-25.3345326428
-24.1107461314
-26.4515921480
-21.1488519227
-22.2658973388
-21.3620055604
-24.1528887887
-24.0642549551
-22.8997669023
-19.7925112360
-21.1251079161
-21.8706575677
-20.9252936974
-22.9965747596
-23.8338522709
-25.1274441773
-24.8667753835
-25.9874713895
-22.0966988056
-23.2057643605
-21.3332450309
-23.9872736745
-23.6426470701
-24.3037352712
-22.0468831258
-21.2400982508
-21.1146670793
-23.4689343125
-24.2207833618
-24.7576404692
-25.0851125053
-24.8186569100
-27.2087722201
-22.6152802797
-22.5577139143
-20.6862276233
-23.0909151345
-25.6845809679
-22.4430109806
-22.3931396370
-23.3436300166
-20.4894582650
-22.8145080313
-24.0009186187
-24.9580229908
-26.2619365847
-26.8759483979
-29.3920241725
-22.8958339457
-24.1528460737
-20.9911544833
-22.6796833571
-20.0205849869
-23.7961422562
-25.4574976167
-22.8787583537
-24.9195906077
-29.0084202168
-26.1662058279
-28.3940213758
-29.7493764858
-32.0817541650
-34.7513155614
-22.1971910594
-23.3643343388
-23.0163482744
-26.3344605848
-28.5740245029
-29.6737040572
-27.2774513105
-27.3841109559
-29.2345118946
-29.6630159539
-23.1488841222
-25.5083282378
-26.0614272125
-27.6672692817
-30.1114475700
-24.0870461393
-23.8103024560
-21.8049663803
-25.4027806308
-25.1877550676
-27.6077014940
-26.6135888790
-25.9612055349
-28.7229666022
-30.3135660795
-28.1902263610
-25.1057572764
-24.9775608885
-26.5882719580
-28.5000181921
-24.4368213132
-24.4165066710
-22.1414604214
-25.2231684598
-27.6018732760
-28.0707826805
-29.0300773593
-26.7757280197
-28.2781416917
-27.5144938973
-26.0580444586
-22.5714339402
-25.5694547151
-25.5243785281
-27.5791066830
-22.6699985542
-24.0937987006
-22.1454943512
-25.4996286196
-27.5487331045
-28.3314643975
-28.8605047157
-24.6608882811
-27.1167426850
-28.7047427271
-23.5020135810
-22.4362623084
-24.3950838504
-25.3760176666
-26.1030468587
-21.9986494311
-22.8808568749
-21.8070519602
-25.4770057259
-28.2182904019
-27.5403830267
-29.2852505985
-25.8084573183
-25.5269443974
-24.0289231084
-24.2780610348
-24.7776016971
-28.7967295218
-26.1967697093
-27.0805965571
-23.1706681280
-24.5528045820
-23.3683617999
-26.8934460150
-28.7044268434
-25.4928048646
-21.7870570750
-23.4442633883
-25.9083294581
-23.4428522867
-23.9707521670
-24.1593151166
-26.2619715297
-25.2026803500
-26.2829257080
-22.7070923364
-23.3816662589
-22.4974315091
-25.9579587011
-28.6824085248
-24.3734435540
-20.9999667326
-21.3909046097
-22.2841794941
-22.7742114555
-24.4906204286
-23.8195535613
-26.6349223486
-24.6780350808
-26.4789635821
-22.9695217933
-24.5673609086
-20.6195085262
-24.1617528137
-27.3035449816
-28.2145788223
-25.8803845262
-26.8049144565
-23.1014880275
