-30.8990322017
-30.2522998220
-32.2642092208
-32.4851548875
-31.4124131754
-30.7346586399
-32.1955573369
-36.1411361465
-41.1685140393
-39.9236976466
-38.1696287878
-38.7700989838
-41.2316742709
-44.5155764075
-42.2909415827
-30.7336889542
-33.4826280111
-32.6319854904
-29.1432306493
-30.4188987834
-32.9425385121
-33.3818445387
-31.0536821290
-32.3121917439
-31.5082099253
-29.6694384015
-33.1410075621
-32.6229557581
-32.1628457394
-25.8381357045
-26.3849196724
-28.3003645636
-29.6051324368
-28.3439519812
-28.2208821650
-28.9754484265
-31.5051508244
-29.2014352267
-29.8945759553
-29.8244948430
-28.9578601784
-32.5779248884
-29.3255316435
-27.9350181586
-27.3399811080
-29.6116998602
-31.3525787017
-28.4623962413
-29.1748703309
-27.7789234488
-29.1272515632
-30.9548741465
-29.6405833715
-30.2011287149
-30.1290435906
-32.2063826540
-36.7714362156
-36.0289085072
-36.1103858464
-27.5113778192
-28.5322987036
-30.7095786261
-28.5962460745
-31.3706032232
-28.7858187657
-29.5148195272
-32.2570436838
-30.7271798146
-30.5563527293
-31.9191088908
-33.8092934562
-32.8877840104
-33.7918217257
-29.1911484502
-30.4843077223
-30.0119806600
-31.7330587841
-30.5368834588
-33.3987427688
-30.6800944228
-31.6834360064
-31.6942483917
-34.4822954953
-34.7210895944
-33.5217038219
-31.5164577438
-28.6659647062
-30.8606839778
-34.2210804558
-34.3997941396
-35.6093346075
-35.9989828797
-36.3101417190
-39.5702719230
-31.9432438451
-32.6473548291
-34.5230917747
-34.6544572728
-33.8203453327
-30.1143319169
-30.1837178384
-29.5648850573
-28.6276928623
-32.2324905650
-31.0615778189
-28.3366013184
-31.3956418079
-33.1686094396
-35.1264981658
-32.0982523782
-33.0333834807
-34.9648173592
-34.5445430592
-35.1822391403
-34.9447059610
-30.3119789334
-30.5680273105
-28.8098890076
-30.0582802322
-30.9967553150
-30.2197409828
-33.0640302061
-31.0024359541
-33.8092300101
-28.4335243795
-30.8262648229
-29.6082472095
-30.7349499184
-34.1758074967
-34.9306752472
-32.4163036278
-35.4575871500
-35.5163600548
-37.4340478616
-31.6158210834
-33.8959905579
-37.6270291316
-34.0006409918
-37.2381485746
-33.8014883904
-30.9752923715
-33.3369379479
-33.5063694519
-35.9912153627
-34.9364555545
-31.9769691028
-35.7173431705
-39.3870738350
-38.5014737815
-32.1819680585
-30.7184335685
-31.4566983609
-31.8442740445
-35.8913212303
-34.5643489214
-31.4428501715
-33.7085876265
-32.4711345134
-33.4074656808
-33.2104193749
-33.8052931729
-38.1829461634
-40.1058962978
-29.5819140339
-30.9417509425
-30.6213875424
-31.5168266952
-34.1714330962
-36.1938840309
-32.2844151107
-33.4446060556
-34.4717989918
-32.4328199545
-34.2413148383
-34.6260993724
-34.9259668417
-36.8469183383
-29.1179072504
-30.0701943045
-30.3445662384
-33.8993370508
-37.1216591773
-38.5765209016
-37.4226451499
-35.5382256069
-36.3230008366
-36.9649392311
-35.4326223704
-36.4917267708
-38.0361932664
-38.0648553873
-33.6238738239
-31.4663585628
-35.1710875724
-36.1776240349
-33.6797584694
-33.4639704745
-34.9110519170
-39.0218427785
-34.5327843350
-35.4499775861
-35.7861050842
-38.3953384783
-39.4849095497
-38.6029524557
-26.5774090797
-29.5009376828
-30.4879248036
-34.1894912698
-35.8443225962
-36.6789380786
-39.5650560389
-37.6196538710
-39.1862616135
-37.5897994414
-40.2914557135
-41.6342268945
-40.7450189044
-41.4001192541
-35.7509338006
-28.8453062858
-31.6947222067
-33.5578486554
-37.2168694695
-34.7974947470
-35.9368816037
-37.6116611170
-35.1577391061
-38.9981997617
-41.2857309826
-41.3376917584
-40.6904055155
-38.6556602143
-36.1875198585
-38.2477634946
-30.6493506023
-33.6426284831
-35.2221589901
-38.0683352336
-39.5680141665
