-19.6098282737
-19.7919260865
-20.6866185919
-21.0834455458
-20.4356397293
-19.3714690308
-18.7124792449
-20.3056826741
-20.3287043067
-19.9771645649
-20.7357015377
-21.0968250952
-20.4329586410
-19.3633804551
-18.7050975132
-19.3196247288
-20.5258115512
-21.0414193906
-20.4093906968
-19.3447474733
-18.6923769071
-20.1762667617
-22.6637936090
-21.7662711984
-21.1462394541
-21.1906541213
-20.4423987645
-19.3525900775
-18.6931976749
-20.2115131697
-19.5303264266
-19.4728377324
-19.8744313707
-19.4398672080
-18.5814373242
-19.1241628971
-19.4490976081
-20.7600772998
-19.6223313851
-19.4922979548
-19.8744430220
-19.4368793026
-18.5830659138
-19.1697802378
-19.4652152085
-19.8616473298
-19.9485127803
-19.4480295751
-18.5802747855
-19.1096078623
-19.4379589869
-20.5897058565
-22.5653273802
-21.8317966836
-20.3556096967
-19.5371890333
-18.5947133078
-19.1653113256
-19.4575305437
-20.6034440066
-20.7017199408
-19.2089971445
-18.3122151322
-19.3718341008
-21.1861023551
-21.4572405090
-21.1325284905
-21.7649584892
-20.9597491171
-19.2602329899
-18.3145945821
-19.3876979624
-21.1915901064
-21.4688840181
-21.1361106108
-19.5261785747
-18.3599012232
-19.3669276185
-21.1717868198
-21.4402542423
-21.1109218451
-21.3562071111
-22.3347046090
-20.1414980584
-18.4850864356
-19.4298600518
-21.2017189496
-21.4515870507
-21.1183967865
-21.3697109408
-17.5798170830
-17.3372763146
-19.3200752450
-20.0038213929
-19.6701598827
-19.1141505680
-18.7704301112
-19.7777775512
-17.3212933460
-17.3379210186
-19.3205568311
-20.0024232397
-19.6774652336
-19.1188861649
-18.7787555964
-18.9349668643
-19.8677448316
-20.1333279277
-19.6924047602
-19.1171164653
-18.7644607733
-19.2641374627
-20.6033274967
-20.3987737938
-20.2773247665
-20.2582593937
-19.7306947411
-19.1306902037
-18.7690953926
-19.2620311707
-19.6645750367
-19.8664670747
-20.7362569152
-21.1182776849
-20.4629153688
-19.3919571548
-18.7340457599
-20.2246079107
-20.2577182543
-19.9768732830
-20.7493801367
-21.1078989865
-20.4521547672
-19.3771367299
-18.7237835734
-19.2718881502
-20.5186628455
-21.0370553401
-20.4171232610
-19.3558783270
-18.6929063930
-20.2209830685
-20.2012911198
-19.9473670708
-20.7267054573
-21.0959693737
-20.4407921829
-19.3632367560
-18.7070639900
-20.1911907531
-19.5053422043
-19.4610608800
-19.8656126484
-19.4428719429
-18.5841028776
-19.1706165406
-19.4773208857
-20.6121034948
-19.5105231391
-19.4663453816
-19.8714305195
-19.4458223053
-18.5850000260
-19.1173598456
-19.4575253654
-19.8654404677
-19.9548044700
-19.4478043170
-18.5717318098
-19.1584629636
-19.4524842460
-20.6049314864
-19.4754760971
-19.4330745117
-19.8566579946
-19.4306393963
-18.5717395773
-19.1082718492
-19.4397403377
-20.5954991303
-20.7188978068
-19.2219714893
-18.3230249289
-19.3839876777
-21.2115086112
-21.4794724393
-21.1465643952
-21.3931921470
-20.7090265860
-19.2148693884
-18.3185365978
-19.3647488296
-21.1953560580
-21.4637082621
-21.1422197636
-19.5249409503
-18.3613084387
-19.3911816944
-21.1836271061
-21.4567317366
-21.1207464605
-21.3691426173
-20.6837860367
-19.2169756803
-18.3037821963
-19.3592209458
-21.1645319581
-21.4482094751
-21.1156380230
-21.3686196045
-17.5800798839
-17.3976985488
-19.3537875690
-20.0091615617
-19.6808712903
-19.1189301809
-18.7806806464
-19.2651601861
-17.0349631836
-17.2129778886
-19.2784012147
-19.9754026333
-19.6745601817
-19.1161170447
-18.7778519751
-19.0190515455
-19.9016513429
-20.1627150377
-19.7021711197
-19.1184447110
-18.7699161604
-19.2735970055
-17.0206813058
-17.2352357138
-19.2746197277
-19.9780772487
-19.6545963653
-19.1085242955
-18.7667521912
-19.2621981723
