-24.0974494331
-19.2215947618
-22.8566998886
-24.8510125016
-23.5683676019
-21.4416666339
-21.7872072490
-21.4411656311
-25.7868674960
-26.9879391565
-31.1211688848
-29.8073739451
-32.8626392661
-26.4929062768
-29.2028359696
-24.8916029416
-20.3737286937
-23.1130913790
-26.7345006276
-26.4521941353
-28.5003509103
-32.6870235196
-27.2105780962
-30.6928136286
-32.4546815169
-35.6012135483
-36.3601514619
-35.9772570243
-31.2489586302
-24.9363697314
-21.3858803182
-18.3539474189
-21.0275103492
-25.8188243604
-23.5078715871
-24.0409899464
-28.4013642684
-22.8004824919
-26.1714760798
-26.7159492180
-30.7340074496
-30.0569688145
-30.4528674201
-19.7744193870
-20.0476496125
-22.8914841334
-19.9344380339
-21.4015862419
-21.3249532070
-25.2518474241
-25.2287468429
-28.5011095311
-21.9396305357
-25.0785644831
-26.2994135636
-29.8894558617
-31.3235178431
-29.2578299808
-18.3160199131
-18.7496610593
-22.6487958173
-26.0753116464
-25.2646327711
-27.0074563308
-31.5914517958
-28.1809338274
-31.3800744089
-23.8243383575
-27.3989598511
-27.3123908995
-31.1019934825
-26.0372767107
-26.1475353138
-19.3912969102
-22.0894413502
-23.4297238931
-21.0623101282
-24.4927979165
-27.5258098767
-31.6786046091
-28.0332228602
-30.4870444798
-24.1774445031
-27.3930681922
-27.5613980476
-22.6262117697
-24.7144556725
-24.2663476242
-19.7291839550
-22.2832305542
-21.0694148181
-22.9118337384
-27.2549047973
-28.5749346005
-32.3739447772
-28.0724022124
-31.4377300845
-23.5937259508
-27.0204254851
-20.4789164518
-21.9885853190
-25.5674079775
-23.4992845974
-24.0019141517
-24.7989351891
-28.4884458883
-26.6108068208
-29.3880083639
-31.2076795977
-33.9197293790
-29.1921310390
-32.1607588592
-24.4449487249
-21.3112901445
-25.0604726457
-22.8317169761
-20.6626143698
-22.0291550642
-20.5475606014
-19.9194803868
-21.3805492159
-22.1283203726
-23.6950532167
-22.7127289676
-22.9224532310
-25.6482885391
-27.0145869170
-21.0573725727
-24.0176537237
-25.2210000402
-27.7934771777
-26.5850976245
-27.6325109362
-24.8320015056
-27.5058201670
-23.4082557661
-23.8669807350
-26.5639182008
-24.6334676552
-23.7293235039
-27.4408448924
-28.4415728121
-20.7393186033
-23.6191891560
-24.3471064969
-26.8246076988
-28.3701168541
-27.5382029337
-25.0121651751
-22.3072606736
-22.4456001587
-21.6362390705
-21.8382061802
-22.5399068853
-23.3456275736
-24.3425689696
-28.0438514077
-20.6717424932
-23.3821543101
-24.7908129547
-27.9553703389
-27.9746221307
-28.5074763077
-23.3063770103
-22.2332452937
-22.4860093741
-26.7857934150
-22.8768358924
-24.2441907806
-26.9739252502
-27.8652542107
-27.8645887850
-19.5596151405
-22.4012113659
-24.8203113932
-27.6525213578
-30.0294614379
-25.7345532833
-24.7798698185
-23.0365373451
-22.8095873101
-22.8771219718
-23.3169071425
-24.7388779393
-28.3997044525
-29.0679941869
-29.3240695231
-24.7695625159
-27.6048081434
-30.1274447349
-32.9534000709
-23.3520823472
-26.2062887908
-22.4796154039
-22.2883299286
-23.8012053926
-25.8759738733
-25.0330131804
-26.9602763825
-28.0811418960
-26.5573248747
-26.1723097915
-20.7869995035
-23.3913406764
-26.6747748970
-22.2181271100
-22.3012745070
-21.1993498544
-25.0032817114
-22.4352292274
-25.6373648171
-23.6919979930
-23.6009691573
-25.1147157776
-26.8427150316
-26.3045660083
-26.5244825109
-19.7606864098
-22.8504379664
-24.1301959921
-22.4441256238
-21.8536001041
-20.3426029847
-20.7752589169
-24.0151370561
-25.4061336171
-24.1787895821
-23.8768506509
-26.1201379315
-27.2378641101
-27.9597007231
-27.8874304460
-21.3702585389
-22.3429899533
-26.3510079878
-23.4390254893
-24.2086129639
-22.9295385009
-24.6082271104
-28.0135451502
