-26.2281660092
-16.6535870641
-16.5860536701
-16.7644502792
-16.1582264864
-16.2175781002
-17.3146508290
-19.4003473675
-21.5677282692
-24.4535629047
-22.7946905177
-24.8962039144
-25.6855273132
-21.7502299795
-24.8994507326
-27.3232822398
-16.7119832706
-19.2819794432
-20.3848777035
-17.1741066372
-21.3003288691
-23.0814077069
-22.7034623211
-22.4764501518
-24.9827029832
-21.8138122902
-25.0372270615
-24.4059648563
-21.0515922480
-23.5239102045
-26.1520637718
-19.4332259701
-20.2403682046
-18.8415378576
-20.3218947806
-23.5442675793
-23.4365735484
-22.4746713890
-22.2437806378
-24.4495470991
-21.4330032631
-23.7932682897
-24.8410221802
-17.3198718889
-20.8546455270
-18.6097084960
-22.3841331930
-24.7971201761
-19.5497633477
-21.6822201824
-25.0167790783
-22.7858873311
-22.3515536488
-22.8393692777
-25.4525794886
-21.2392994935
-22.7887716673
-17.7664964522
-13.9730394351
-17.3306661496
-19.6378483004
-17.8367743774
-21.0882834073
-25.2604887948
-23.7622034031
-25.3311537852
-23.4605013852
-22.0805527291
-21.4320439751
-24.0516443892
-21.5101321245
-17.3017243798
-19.3946343521
-18.7108273415
-17.6805540404
-21.3934109170
-26.5721038646
-30.9089759065
-31.7088603792
-24.9791726454
-26.3432508364
-23.5407734969
-22.5008000243
-22.6954734298
-25.9979640111
-18.4965124470
-18.5750343001
-20.0856651399
-23.9399565480
-21.9288660555
-20.0701326939
-21.0796329853
-24.9117687180
-27.5486489627
-23.8062659368
-24.4745106057
-23.4904451643
-21.1873904674
-22.3014945873
-19.1369495242
-16.7350062026
-17.4144712139
-21.6760229909
-20.9428094531
-24.1297079317
-28.2112206593
-24.8237342751
-26.4059567003
-27.7648681290
-23.2296844317
-24.7498833191
-23.6202766251
-23.0793829743
-21.1600138504
-24.1091188348
-19.7381644998
-19.8105642473
-22.0732939815
-26.1784694330
-19.8353542771
-23.1807011659
-25.0479811925
-27.6378718253
-28.2407449977
-24.4512119368
-24.1305300005
-25.2646962070
-23.2527500735
-23.8620457737
-25.6602492257
-25.2631815414
-27.6114855731
-32.3023580660
-24.4959204632
-27.6091643746
-25.8988505027
-25.8569033248
-27.0544653422
-30.6417953973
-22.1901252103
-24.0918296379
-23.5957830542
-23.5075634783
-23.3618526227
-25.4454903359
-23.9083104000
-27.6888798072
-29.5244525482
-25.9994346616
-25.7100610134
-27.0144483947
-24.8228384258
-27.2283748518
-30.4460553083
-24.6824496179
-26.0334537986
-24.2291813497
-23.7606615509
-23.2443637470
-25.7225369382
-25.1739405427
-28.0503942471
-29.9905138370
-27.2314339547
-27.8251388721
-26.8960882773
-23.9640345661
-26.7513030616
-31.3181517769
-24.4380032720
-25.9517421137
-23.6789653948
-23.5142085885
-24.0344186293
-26.9465797205
-24.7184235803
-27.2435176247
-28.6797818211
-25.0359027034
-26.1480143093
-24.4132727963
-23.8235434849
-27.0233512585
-27.0344458663
-21.8550448622
-24.1624065919
-22.9316538563
-22.0135061064
-22.4163282720
-23.9097525687
-22.4973861997
-24.7224795173
-25.8469505462
-23.1428151087
-24.0903097968
-25.5248898896
-23.5123482676
-24.1305377677
-27.7622854245
-21.4675182259
-24.3007654864
-21.6890853751
-21.8280203760
-22.1404066309
-24.6814204243
-23.4600120323
-25.2873527579
-27.1314440188
-22.7079169902
-23.5186956250
-25.5667102009
-22.2111221079
-23.2551981377
-25.9886688843
-21.1239842183
-23.8779885955
-23.2509506013
-21.2381757937
-22.7798765670
-24.1520330770
-23.0701435108
-25.5921734123
-27.6490324566
-23.9271712231
-25.6096101911
-27.4883808019
-21.2273983598
-23.0782489120
-24.5658087027
-21.5711990552
-24.9321234985
-23.5773339061
-22.8859044748
-23.3774912244
-24.6142314054
-22.6680087823
-26.3159337675
-28.2985016539
-23.3343957413
-25.3130205147
