-33.5038268898
-33.7353014110
-35.7658979148
-35.7034302757
-35.4972713930
-35.2718063526
-34.3703099521
-35.5916596290
-34.2818120679
-33.9051329360
-35.8237490638
-35.7306890713
-35.5067451709
-35.2681543263
-34.3670514798
-33.6867376157
-35.7496003757
-35.7349016531
-35.5213532755
-35.2591776693
-34.3588645197
-35.5768482738
-38.0538565957
-36.6557468844
-36.6723667763
-35.9557113595
-35.5629547858
-35.2712457969
-34.3597060004
-35.2627869685
-35.0802931123
-34.0037648352
-34.6581610845
-34.8325534293
-34.0702521682
-34.3474048459
-34.1148558247
-35.2792968219
-34.9382692954
-33.9675345589
-34.6584937930
-34.8379842162
-34.0730316438
-33.7164198766
-33.9700810084
-33.6663970861
-34.6009429855
-34.8397590933
-34.0761036957
-34.3376889801
-34.0943987810
-35.1872427183
-37.4375820828
-35.8915982972
-35.1340002960
-34.9613815351
-34.0989363040
-33.6865032946
-33.9443847760
-35.1472969824
-34.7186997967
-34.2148263246
-33.4873299849
-33.9144552474
-35.5799954149
-35.2394002823
-33.2962322956
-33.7278911997
-34.7169896489
-34.2149855586
-33.5001683918
-33.1259010564
-35.2718697850
-35.1553195320
-33.2869824804
-32.8770518969
-33.2100504286
-33.8495162376
-35.5917101206
-35.2522024400
-33.2873216617
-33.8831754653
-36.0162177035
-35.1727278258
-33.6977843169
-33.1882741989
-35.3184179076
-35.1767928246
-33.2769494407
-33.8807144578
-33.4215365457
-33.6391913639
-35.3043612979
-35.4119206536
-35.0413701013
-34.0349630566
-33.1231876069
-33.7308053148
-33.1904685228
-32.9663718393
-35.0432317149
-35.3385668407
-35.0230711327
-34.0251086700
-33.1262272944
-33.6985416475
-35.3575674744
-35.4602475367
-35.0723236451
-34.0502314007
-33.0983820489
-33.6004237007
-35.0265134367
-34.2829150583
-35.5049353398
-35.4736076608
-35.0641237393
-34.0427603465
-33.1110508654
-33.6092734889
-33.3686876722
-33.6708077383
-35.7370649029
-35.7078305723
-35.4999175260
-35.2652764624
-34.3664041870
-35.4805880623
-34.2745623881
-33.8894179597
-35.8225230913
-35.7389537060
-35.5102055983
-35.2625526541
-34.3627159123
-34.2632632479
-35.9736258330
-35.7947309289
-35.5231838196
-35.2520574480
-34.3572514660
-35.2497194206
-34.1469796712
-33.8396605569
-35.7940124313
-35.7331397219
-35.5052887620
-35.2465891182
-34.3510258033
-35.5701617389
-35.1415632631
-34.0098519773
-34.6676542815
-34.8321676427
-34.0662428362
-33.5889329557
-33.9333937432
-35.1264450911
-34.8441891644
-33.9475241472
-34.6625134816
-34.8290968854
-34.0739986992
-34.3379168272
-34.1099363990
-33.6999113219
-34.6148054092
-34.8446953485
-34.0776222446
-33.5785969830
-33.9066087644
-35.1274289759
-34.7937055010
-34.0898017081
-34.6981068208
-34.8509637324
-34.0692139104
-34.3347852244
-34.0816328712
-35.1869475526
-34.7228114009
-34.2174375040
-33.4865389930
-33.1058789926
-35.2656570681
-35.1493281894
-33.2810545722
-33.6308296336
-34.6650871190
-34.2010817079
-33.4989242949
-33.9208673305
-35.5976781605
-35.2435157701
-33.2908947184
-32.8799310557
-33.2073097905
-33.0516979885
-35.2670112047
-35.1727537171
-33.2726954317
-33.8789072161
-34.6753959050
-34.2002272813
-33.5020067035
-33.9299164849
-35.6175785312
-35.2620891909
-33.2899872137
-33.8806277207
-33.4210666110
-32.8798960983
-34.9977542143
-35.3233334510
-35.0176507024
-34.0280033638
-33.1274584454
-33.6226349086
-33.1060576471
-33.5419084230
-35.2637850991
-35.4076834749
-35.0455956290
-34.0359456472
-33.1283063991
-32.8953754604
-35.0451438179
-35.3736669419
-35.0610762847
-34.0496436588
-33.1054828519
-33.6012431735
-33.0527000002
-33.3707861939
-35.2183723281
-35.4159248073
-35.0634971598
-34.0450828333
-33.0993322749
-33.5928814441
