-21.7653326203
-18.4295901025
-18.8868199003
-22.3406545139
-18.6635348113
-18.9030449517
-18.0249205102
-19.9650213425
-22.8185018401
-24.5441929989
-21.9410869493
-23.5119896659
-23.7110853736
-22.3720119949
-23.0253961401
-20.8402639753
-19.6736474970
-19.8866548547
-23.3309456638
-18.5547830799
-19.6158118510
-20.6443011532
-21.0154072678
-23.3420104974
-23.3773345789
-21.5785756074
-21.3345965821
-21.9704300428
-20.6964703936
-22.1355415727
-19.8553647002
-20.0320394910
-20.0942637814
-22.6468979585
-22.2213286250
-24.7188080675
-23.5819762918
-22.1061441111
-21.8473084169
-23.8597776574
-22.7283468573
-22.2038931410
-22.9805439059
-19.4879118909
-19.5049305290
-21.7228455934
-20.4240156372
-20.2822895014
-18.2337528363
-19.5049253487
-22.4675304480
-23.3795056003
-21.6834021430
-20.5433027075
-22.7072088508
-21.2419987061
-22.0897093381
-20.0146726123
-18.6826312588
-18.0882814545
-19.9660052288
-20.8959959198
-20.2978866814
-22.7282445808
-23.0051138574
-22.9133069810
-23.4316476479
-23.6206222802
-23.8325771089
-24.8936833591
-22.0069516156
-23.9754333882
-19.1377107386
-17.6324601540
-20.5184078063
-22.2281562760
-20.6104762016
-23.5758438289
-25.9341020834
-23.8379664689
-23.0416302505
-23.7192865766
-23.2268298712
-23.6016915458
-24.3932377819
-18.9749812270
-22.0429851175
-19.4284515406
-18.0063587283
-20.3064413027
-24.7480113392
-25.1381089833
-25.4884188102
-25.0678738066
-21.9379061512
-23.8047849301
-23.3011339410
-22.5085468282
-23.3671824345
-20.9522172108
-16.3154384808
-19.5115070172
-20.1488862636
-19.5980151737
-21.3543493768
-25.0358509143
-24.5366209641
-24.2132203973
-24.1855758041
-23.6523927193
-24.3359316307
-22.4246291577
-22.6487531071
-19.3904036453
-19.6778639643
-21.6084300560
-17.2769446994
-18.6568909973
-20.1024559247
-23.3564619597
-28.3266614772
-24.7282792610
-24.4249020627
-25.1541048928
-24.3606206824
-26.1769923205
-22.9103190737
-21.6759129605
-20.9088045568
-23.3780841399
-20.5792481867
-22.1680719360
-25.3505078457
-24.1385732593
-26.6415545312
-29.0990140637
-21.5674162692
-22.9353822618
-22.2381828441
-23.1646068790
-23.2031259951
-23.1133710399
-20.5844291234
-21.3167209323
-22.6336323384
-22.2733502826
-23.8856396059
-24.8748963236
-23.6860286559
-27.2246218355
-30.8006812200
-26.5136597849
-24.7067994932
-23.7419301822
-23.8487464896
-23.9919367824
-24.7866858134
-22.0225526746
-22.4879667897
-22.9489715369
-23.1931201405
-23.9308646802
-24.0800230152
-23.4587446317
-27.3175575794
-28.5488150348
-22.2422310140
-22.3741441783
-21.6210678140
-19.8141217683
-20.4302671955
-20.9275022678
-19.8237185381
-21.1433991302
-21.9015541707
-21.2413798960
-22.8463328559
-24.5403299524
-21.7594034180
-25.1545670493
-28.3410909410
-22.8011168392
-21.3465909243
-22.3843701138
-19.7852822675
-21.4970322045
-19.2423327424
-20.8102023896
-22.5922495958
-24.0196629354
-22.9049426585
-25.0449078432
-24.2984559477
-24.5401267007
-25.7440451948
-25.2863365100
-25.1765659633
-22.6955329780
-20.3506876779
-20.5458426851
-22.4022470548
-22.6521410392
-22.3373028435
-21.9924703754
-23.2823210138
-24.2187094413
-21.7273326321
-21.8854624631
-20.5411951195
-23.6505699311
-22.2605170479
-20.5585296295
-19.9558194240
-19.6508084043
-18.3935060953
-21.0098832613
-22.1999627771
-21.3411394213
-20.4256325769
-23.1073408505
-23.1676284408
-22.0131306763
-22.0599014894
-21.8390152967
-23.9823982696
-22.8722517664
-19.6775208985
-20.7657527684
-20.9555404175
-20.1611654176
-22.0415313089
-22.9886480144
-22.5231031559
-21.7407199504
-23.2902153979
-24.2254866011
-21.7646529655
-22.0524731540
-23.3841790567
-22.5824107405
