-26.5679029379
-18.6733982623
-18.5298894794
-21.2214186634
-18.8993579665
-19.4871260797
-19.9886371859
-21.6538596811
-22.0880289653
-24.0314579078
-20.9443707251
-23.1131690796
-25.6227929654
-23.7232518930
-23.5488685456
-24.7268409742
-19.5797899806
-21.1988177770
-21.8612459327
-19.9996295201
-23.3223017104
-21.8797882904
-21.7262179951
-21.7697769393
-22.8183905076
-22.0234575921
-24.8226701258
-25.8908797375
-22.5117871757
-23.2677025444
-21.7428741402
-22.8685945580
-23.5091143883
-22.6656966500
-20.7488092200
-23.6753975056
-22.6306288979
-21.8607759983
-20.5664447319
-23.0372195912
-22.3040630464
-25.1203161900
-26.0514058251
-22.1657170818
-24.0753029493
-20.5851359651
-20.5208921221
-22.0598056852
-23.0873822223
-22.0888950431
-23.8644731208
-21.4182164978
-21.1676959275
-20.0989346522
-22.6174085810
-20.6332660991
-23.5379745956
-22.6801235174
-18.7723642182
-20.7191269432
-23.5080515309
-18.2217300084
-21.5419413923
-25.3876288060
-23.1372742782
-24.8862291292
-21.8632926716
-22.4502943311
-21.9656115935
-24.5059988211
-21.5368096640
-22.4830408875
-24.6673301440
-27.3421922642
-19.1036721775
-21.1469152183
-24.7880943204
-26.6827948683
-27.2355028446
-22.7891354452
-23.6451158496
-22.8611196211
-22.4613967023
-20.6182955032
-22.7313451166
-18.7405562278
-20.3261216058
-23.7491928051
-23.8940129875
-25.6996292306
-21.8992472143
-22.6099323469
-26.3475113117
-26.2839083054
-22.8921896886
-24.9982302470
-22.3636360205
-21.3249208436
-20.8768800592
-21.8964418481
-19.0613055458
-20.6900518315
-23.3791819501
-19.4734901994
-21.0582334727
-23.8636303424
-24.0952615892
-27.4621227101
-29.1050183567
-25.7767943378
-26.5089889236
-23.4023887043
-22.4459069784
-22.2582489324
-24.4343538355
-20.3879989451
-21.8126342152
-24.6297094706
-23.9521981615
-21.1268141849
-23.7323683630
-23.5593663442
-26.2788153980
-27.7835839590
-23.4669057002
-23.7685196893
-24.6515504405
-23.4399601858
-21.2192605933
-23.9433496622
-22.1285443352
-24.4531861767
-26.8210165276
-24.7683829536
-25.4509625513
-22.6606814223
-25.6499028858
-28.0388297144
-31.8536300274
-21.3231446644
-23.4992690589
-22.5926276139
-22.4742415863
-21.9965910426
-23.8820367715
-22.8726466168
-25.2220758396
-28.5103748894
-26.2772748453
-26.2766702721
-23.9728947134
-23.4947509586
-25.8446138189
-28.1812665340
-21.3194097854
-23.2359075040
-22.1267513340
-21.5767515367
-20.3498992755
-23.0725384904
-21.9251596560
-23.9834093413
-27.7417105709
-24.5729574062
-23.1910708103
-25.5602489180
-24.2656433687
-24.2620923200
-28.2316298068
-21.8040834682
-22.5894157435
-20.5782319398
-21.0470586073
-21.1006596599
-23.2570649293
-22.2001841510
-25.0538210686
-27.9975867916
-28.3608528008
-24.4860298301
-27.1237917117
-22.7755034519
-25.1103905990
-25.0243174556
-22.0427443355
-23.7748023118
-19.8659388798
-21.1416242520
-21.7023781892
-24.3400859537
-24.6558562331
-25.4136823546
-27.5268131807
-22.8880340653
-25.4898583846
-23.6054484328
-22.5471500950
-24.0754324092
-26.5991982643
-21.6948527553
-23.0009129234
-21.7576492549
-21.5149648164
-20.9726496712
-23.5991994635
-21.8611941473
-25.4944839349
-28.4893909476
-23.9252176897
-26.6014107034
-27.2902068710
-23.3623549183
-24.6953113324
-27.1179893835
-20.5195276242
-22.9977502421
-20.9186252882
-20.5407704957
-21.5479198052
-23.1485216442
-20.0328965045
-23.2221667600
-24.6146171915
-21.5406481125
-21.6260286682
-22.2286844671
-20.9086958104
-22.8692871616
-25.2675805427
-21.2892342750
-22.7863184265
-20.7637487492
-21.1365857239
-22.2280747164
-24.4752769988
-19.4850599192
-23.1134228081
-25.5299569018
-23.2728627660
-24.7708905663
