-21.1006894311
-22.4721055137
-20.7047039605
-21.9123665532
-24.6820172262
-22.6538667198
-22.2539120657
-18.5357474821
-19.6395623296
-20.6616395483
-22.8123486710
-25.0613931055
-21.9051155745
-23.6716017832
-21.9737791358
-19.3554938332
-21.9487884358
-21.9215775354
-22.8009304226
-25.2235672016
-23.0331662436
-21.6196010429
-19.1163306487
-20.4219533580
-21.2927167148
-23.2603039808
-26.0991851106
-22.2880995004
-24.1082967710
-20.7891368787
-22.6889344667
-26.5592848714
-28.4505132326
-30.3245804325
-31.8206051478
-28.9905471724
-27.0464363066
-25.3147552507
-26.1057214634
-27.8070237230
-30.4350176612
-32.7802958452
-30.5574583099
-29.1957183367
-27.1097350895
-27.5248932960
-29.2741404527
-29.7848377847
-31.1687047958
-31.4026597627
-29.9021324457
-27.8823077827
-25.8300095835
-26.9654690140
-28.6313228688
-31.0118216918
-32.8732665254
-29.6209458027
-29.8132021596
-27.4244955520
-22.4783014042
-24.1990899794
-22.3855559536
-23.3107876686
-25.7579490459
-22.7662096182
-23.0168233870
-20.5845210392
-22.1340320832
-22.6164984901
-25.1990140798
-24.4375773556
-22.1189423895
-23.7078048855
-21.3268510694
-21.4714485918
-24.1316019094
-21.5256762210
-23.2856468026
-25.1015731743
-22.6917126544
-22.7023683933
-20.7968137773
-22.3401871762
-22.6860384838
-23.1903290089
-23.6559295275
-20.8430369818
-22.6497512255
-21.5340340703
-20.8496950401
-22.7871922675
-21.2933368203
-23.3694816144
-24.9297065082
-23.5836890292
-23.6598818963
-21.0101357096
-22.0865893824
-21.2830500383
-23.7912280193
-23.2973705767
-21.2608789531
-22.9181577862
-22.7430067501
-21.0946268845
-22.9890312080
-20.5092990998
-22.7285746984
-24.9583090942
-23.8070595178
-23.4955341795
-20.4455627303
-20.5096952434
-20.9022992611
-23.1657927158
-23.0826569818
-21.4668308031
-24.0049616078
-22.2363354694
-20.5144386081
-22.5268004884
-20.3372019705
-22.5308046402
-25.8363737765
-24.3365517354
-23.9857849061
-18.9902819476
-20.3507964211
-20.4703993722
-23.1387746996
-24.7445509191
-22.1395509073
-23.9509773665
-21.8394204989
-21.0758786871
-23.3022006757
-22.2124930758
-24.6511581751
-26.9770879329
-24.4121024883
-22.4683486283
-19.4394257505
-20.4141884306
-21.2235650926
-23.7315708956
-26.1486667815
-22.6239915531
-24.0135693135
-20.6477149740
-21.0122873133
-23.6359191031
-22.2497085461
-24.5294204717
-26.2527994000
-22.9276794748
-23.1005908831
-19.2718104722
-20.4624739121
-21.3981594740
-24.2207898369
-26.5962323718
-21.6976891925
-22.8057281559
-22.2067865399
-21.9317516893
-24.5266474681
-22.5615704884
-24.7370591444
-24.7477045291
-22.7485475792
-22.1717356149
-18.7530658199
-20.6995113699
-21.9296104442
-24.1728461344
-26.1606209882
-20.6452099480
-22.4445864940
-22.5580064943
-22.7059945309
-25.0581514595
-23.0472901793
-24.3887365015
-26.5237200142
-22.6869019705
-23.1839868329
-20.6636539217
-22.3692195683
-23.3080858687
-25.8256067022
-26.2643030932
-22.5879425044
-24.1257413214
-22.3868492463
-22.8439119790
-25.9832277368
-22.0817502198
-24.4241913306
-27.1588037962
-23.1460308575
-23.5955629720
-21.5612281503
-23.2664519719
-24.0159125183
-25.6037651354
-27.5024762580
-22.9663500579
-24.4827933626
-23.7273984530
-22.4564267855
-24.1940294480
-26.4296165534
-22.6768197330
-23.1609885088
-27.5539722812
-26.5171422198
-24.1425554105
-26.0782374100
-26.3370730706
-22.5868654086
-24.1400736849
-22.3704533114
-25.5934809333
-24.3651866838
-21.3848912591
-24.1493235015
-26.9954373950
-23.1452864704
-23.5765325550
-28.3345027795
-27.3558604990
-24.8036643088
-25.4486504170
-27.4501180209
-22.9597463736
-24.4955230279
-23.7217993678
-27.2716399059
-25.7111057421
