-27.3782749710
-28.3554673240
-26.8548065177
-23.6880016053
-21.8478780345
-22.2219086034
-21.9910010199
-26.0076772815
-27.8712921629
-29.2637760198
-33.7144417371
-30.7531673327
-32.1085792932
-36.2461115047
-30.2653816027
-29.4009128013
-30.7542962110
-30.3200726867
-22.4613850465
-23.3118052142
-27.3197998067
-27.5400127809
-29.7846707914
-29.4790190568
-28.0569448565
-31.9933274806
-29.1714202576
-30.9076334331
-34.5325668409
-29.5076721233
-26.0619774114
-27.8124325104
-24.4824580678
-21.9575993988
-24.5180915498
-26.4230102828
-26.5930593422
-30.2840689479
-29.1064424008
-28.0079033507
-31.9002092238
-30.2410369218
-31.4100505539
-28.5482415323
-30.3559171796
-29.2602068450
-27.7270196147
-24.9342129662
-21.1319821734
-24.8769352813
-26.6771931949
-27.2070193631
-30.4910240426
-28.9619549583
-27.5992931695
-31.3291920057
-28.7673709189
-26.0648462162
-28.0283940552
-26.7764141527
-23.4801182490
-24.4814741840
-26.3291126602
-27.8408991663
-31.5223791729
-29.3442487757
-28.5941397837
-31.5693273260
-29.5630260312
-27.7697318904
-31.5222781898
-24.2800288015
-26.8692087791
-29.8152320824
-31.3853356135
-22.4442499007
-24.6862129786
-28.7003592612
-29.5708608667
-32.2657316505
-28.7360613575
-29.3465220694
-33.0712552924
-30.8210398799
-28.6246337559
-24.1957978533
-21.6654837735
-23.8715480329
-27.1189253703
-25.3212074805
-26.9489073865
-30.9751706723
-31.3160597387
-30.8361930086
-33.9881598910
-29.4448497558
-28.9493029703
-32.0748281409
-28.4723244200
-24.7649574804
-24.8927137139
-21.6339761318
-24.0178285024
-26.8843204884
-21.9570763834
-25.2477578290
-30.1230794275
-31.0265644495
-29.5337891030
-33.0092239134
-30.1982249657
-29.5175252217
-33.0143491830
-24.7686845851
-27.0296364732
-28.1889589693
-22.8505752130
-25.0131594129
-28.6020393435
-26.5102537323
-25.3294682349
-24.9291304221
-22.9704150619
-23.8813299289
-27.0446433179
-25.6920131889
-24.6568517709
-27.7656163947
-25.7425421785
-25.3405265881
-29.5396846335
-27.4475845170
-29.4228599167
-32.2059088420
-33.8462228110
-25.6358410910
-24.2274271859
-26.0002114146
-29.8636599482
-33.6700672307
-25.4738585951
-24.9460118246
-27.8671248867
-25.3918271511
-24.0543811461
-27.8220266790
-27.7872851825
-28.4186314687
-29.7578042521
-27.2863205237
-22.4019855470
-22.7095248682
-23.6408450103
-23.8507207345
-26.0194878035
-27.1463149285
-26.7056417238
-29.6120675305
-25.9778331992
-25.4988026868
-29.2204656407
-28.0346715043
-29.2588009260
-25.3480170618
-23.2212139547
-24.8644736083
-24.0620696947
-24.6417245312
-26.7201100174
-31.2910768044
-26.7401786855
-25.3509169372
-28.3307782693
-26.6409978631
-25.3994199006
-29.1058378185
-26.9314809634
-24.4632515879
-24.0975245261
-22.6678301284
-25.3146970019
-26.9329956323
-30.6321649725
-27.5697973196
-31.1954082074
-28.3661813140
-25.1381387613
-27.9554829661
-28.1074829056
-26.6953148116
-30.0402569987
-30.2973798906
-30.9086962891
-29.8490531409
-29.6476013308
-26.7546651078
-29.5527029981
-31.6221775062
-26.1226922027
-29.2793537612
-26.3596752465
-25.0483889907
-28.3307329568
-25.9674700384
-26.2216710798
-30.5045628108
-29.6601756433
-28.7873696849
-27.5590470795
-28.4909457437
-28.8482204008
-32.3546450856
-33.3726309786
-27.2058762397
-30.4500672227
-26.5014647880
-26.2172772555
-28.7954012933
-27.0511887470
-25.7858460837
-28.7033355155
-25.0214434717
-23.9678548914
-23.3631653339
-24.2442917599
-25.1273587422
-28.7945235594
-30.8107919387
-25.8040453723
-29.0777634252
-26.8655567572
-24.0914801020
-27.4948006488
-24.3408704735
-22.6043384416
-25.1126664823
-25.9922859616
-27.7673925705
-26.7239148064
-27.5283524428
