-20.2736714424
-19.7854453872
-21.4373699022
-25.2038532368
-22.6733036366
-22.0732771501
-19.6126957818
-22.0332394804
-24.0984941697
-26.1198700074
-30.0000885874
-30.7336061392
-29.6401613459
-27.0152562159
-24.6799899067
-23.3442048219
-22.1151142975
-24.3384250011
-28.7005896950
-26.9392860170
-21.9474537236
-24.4020888612
-25.3307006773
-26.6531022369
-27.3476023394
-29.2501854558
-31.8162553366
-29.6872622599
-28.6451490565
-24.5121092616
-21.8415682205
-21.9162917403
-23.0230995423
-26.8757580860
-25.0125406049
-25.6216381950
-25.1314975334
-25.1291918747
-24.9316470921
-25.8314957794
-28.2753790548
-29.9277626691
-28.4731270649
-23.5883793094
-21.9628217598
-19.5604475679
-20.9163390441
-21.4799061230
-23.9530694198
-27.4010661531
-26.1351500075
-25.3028139990
-24.2979665950
-23.8883375232
-23.9563667332
-26.7876977623
-28.3589031555
-25.3337584910
-21.4758799601
-20.6524945908
-22.5182419800
-25.7993628556
-26.2910375870
-29.0515402951
-31.2127401344
-27.1014471648
-24.5755362239
-23.7790213730
-23.6764305957
-23.3465985142
-26.4596496539
-28.7449525667
-25.9820496661
-21.7610799057
-18.5430437722
-20.6432473547
-22.2295712588
-25.8758223978
-29.1545763995
-30.9493708832
-27.4521427534
-25.6674781946
-24.0026443057
-23.3060274767
-24.1650566137
-23.7344112260
-27.7407396226
-25.4640184509
-23.8218411038
-23.4878559926
-21.3892553082
-23.9060914727
-25.9289910569
-28.7981626436
-29.7839056939
-26.3604856581
-24.1618033178
-22.0021189255
-21.9103793651
-22.3830159776
-23.8507595661
-27.6136073966
-25.6962853227
-24.8761986784
-24.0889543630
-24.8062379480
-26.9174088142
-28.8845943837
-30.2637763248
-30.3523687217
-26.2580683653
-24.2220235795
-23.1292996278
-22.1721563569
-21.4516271819
-23.4525642756
-25.5239293082
-25.2864426650
-22.7659235165
-20.9863968823
-20.5973516857
-22.9566859725
-23.9981145465
-25.1773440070
-26.2932461548
-19.9651805738
-18.0241398742
-18.6087064921
-19.1510152072
-19.8317838100
-22.2953789586
-25.0110777195
-25.1500994415
-22.5409542040
-19.8780445593
-22.0672469655
-25.8080585867
-26.7786356634
-23.4810399940
-21.8588807231
-18.5026047762
-18.7923487525
-18.2973235035
-18.6665097733
-19.1973937656
-22.1885600555
-24.8813019347
-21.8216380616
-22.1905576071
-21.7300227836
-22.5404376605
-24.9760216206
-25.7355112818
-23.7924164540
-22.5043355385
-22.1015599802
-20.2053172815
-19.1478369963
-18.6440241009
-19.0278650883
-22.2822570280
-25.1864190556
-23.7318220530
-24.6764854621
-23.9763175955
-22.1227640070
-20.9757048937
-24.5137223135
-25.6281421948
-26.8485446005
-21.7567572808
-19.4504465638
-18.1520631369
-17.5102084707
-18.5592752984
-21.3013930289
-23.4868073768
-24.2068238461
-25.9975743419
-24.4388473405
-19.7365851019
-20.9773878543
-25.6496672666
-27.1552087340
-24.7019396149
-22.6817042095
-20.3523706399
-19.2485299288
-19.4585610336
-19.9421718956
-23.2459198330
-24.3301344726
-26.0132608445
-25.0836224464
-23.0306715779
-21.6444920580
-21.1190855056
-22.9893665083
-25.7464155795
-27.0191619841
-22.3881593658
-20.8453827730
-19.7951353662
-19.5416928983
-19.9651184393
-22.5462529429
-23.7738896329
-27.6644043616
-26.5729337057
-20.5663916467
-19.5488131206
-20.9684759220
-22.2862495374
-24.2267268131
-26.5069434758
-21.9307483809
-19.9291302325
-18.1305315769
-18.4550287266
-19.9109581217
-22.6364881928
-23.6641876937
-27.2812172578
-24.9112832545
-22.3632916611
-20.5435952817
-21.3174860337
-22.5198925806
-23.6001678173
-25.0206136443
-22.0497830018
-18.8209306301
-17.8854793097
-18.6850870901
-18.9617906945
-21.3779134356
-24.3516453145
-27.2984352570
-24.2148114411
-20.3065940614
