-27.2829442248
-18.6182087498
-20.3330036245
-17.9010958963
-20.6153308826
-18.5737656004
-21.8091569399
-22.0789396727
-24.8083999000
-20.8177446456
-22.5602435342
-19.7456342582
-22.1437595951
-21.5679975419
-23.9707107408
-24.7970476762
-19.6406044705
-21.7804546788
-17.9797549697
-20.4041851494
-18.5982850675
-21.6461387557
-22.6597519087
-25.9018189787
-21.9310021181
-24.3028458809
-20.1648666289
-22.4945122031
-22.3032254472
-23.3697146424
-27.5899449426
-30.2271641375
-33.7509283386
-30.5627596305
-33.3698100603
-32.5176696965
-35.5936804665
-36.5941025950
-38.7852948199
-33.7791503144
-36.5657045544
-33.2956872611
-34.3430640941
-31.2691646551
-32.9416711394
-36.5555407722
-32.0100250560
-33.9903930476
-31.5232504238
-34.5223965620
-34.4751312523
-37.7486204826
-39.0359472939
-41.8114504533
-36.1402700594
-38.4405790526
-34.7179541016
-36.2140381389
-33.2606389468
-35.7200786287
-31.8276282398
-21.8455257574
-23.8331635441
-20.9431706365
-24.0824412796
-22.5550095244
-25.9746303797
-25.9219679236
-28.0799108030
-23.3668315915
-26.1741260954
-20.6804640999
-22.0704186924
-20.2141541274
-23.0283542572
-26.5519588165
-20.6415436770
-22.7448929539
-21.1160665213
-24.1903424485
-22.0076493914
-24.8599373654
-24.6047498521
-27.8651700495
-23.4359378989
-25.3765419637
-19.4684218843
-21.1147369778
-19.5871768906
-22.2369452070
-26.3109949099
-21.8090003079
-23.6249669040
-20.6136116808
-23.9042104222
-22.6876398788
-25.9159416094
-24.6692901504
-27.3882756384
-21.1351124586
-22.6266389708
-17.9824308758
-20.9283139524
-20.4090631589
-23.1601444247
-26.4130186616
-23.2662318915
-24.6844070329
-19.4554177701
-22.3300078305
-21.5825681092
-24.6728424840
-24.3944689266
-26.8434115626
-19.8263297108
-21.9952161812
-17.4918615826
-20.0382030024
-19.0266054539
-21.6345237324
-25.6842832111
-21.9615129300
-24.2788093034
-21.3455694866
-23.8669729553
-23.0495168683
-25.8897197804
-22.0230640313
-24.2765334199
-19.3003599843
-22.1270749684
-19.2448507039
-21.5506927961
-19.1422896934
-21.6540460958
-25.4607146641
-23.1845926985
-25.6183628831
-21.7037530346
-23.9473059163
-23.7709069049
-25.4221217601
-22.5818877235
-25.1262389177
-20.8055341080
-23.4918445989
-19.4346137696
-21.6383570042
-20.6461006272
-23.2206197317
-27.2222152101
-24.1800427342
-25.8882970335
-21.7157318409
-24.3934332522
-21.7784247538
-23.5657525273
-21.2828558481
-24.1318310484
-21.9080089704
-24.5221112316
-19.4893294609
-21.6464727646
-21.5170788747
-24.1169692034
-28.0930689763
-24.0170750513
-26.7667332259
-22.4128561852
-23.5812655630
-20.7025394118
-22.5863695803
-21.7137200568
-25.1058957837
-20.4767803825
-23.4918601302
-18.6449393701
-21.1928730282
-22.2491466975
-25.1894677998
-28.2389494051
-23.7566405614
-26.0144609184
-20.2943446716
-22.2538486210
-20.0229903281
-23.0848758882
-22.7053938404
-25.3775582160
-20.9865832958
-23.7516123793
-21.2313144803
-24.0445759373
-22.8043597795
-25.8799534194
-28.9174250818
-24.4912340638
-25.1830777240
-19.3438270140
-21.6441088490
-19.9990508391
-22.6411538745
-21.6715450259
-24.9465710722
-20.7114629918
-23.2997228282
-21.4826299316
-24.1192140121
-23.0686366110
-25.4269699796
-28.7905310606
-20.4884652991
-22.2907171425
-19.9851909955
-23.0482002608
-28.9856859910
-31.0670655649
-21.4022464716
-23.9113876167
-21.2245658016
-24.0076841151
-22.7838315256
-25.8676820376
-31.3658223064
-30.9486316717
-28.1718963235
-19.5660880740
-21.7056288836
-19.9918257525
-22.6254544275
-28.3648129193
-32.3333323297
-21.2727127566
-23.4858649055
-21.4706148760
-24.0921506881
-23.0147624056
-25.3869180745
-30.7467176881
-31.5194093972
