-27.9816724426
-28.9508758919
-27.9608645681
-26.8138587623
-25.5596948394
-25.1606037168
-25.5956027753
-27.4804320440
-29.4275269019
-29.2687135721
-28.0035574250
-26.7988312075
-25.5424082311
-25.1465432169
-25.5786903024
-26.7255356256
-27.4306759302
-26.6709455243
-25.5004429279
-25.1182435642
-25.5568622861
-27.3775901307
-29.6334761043
-29.5373608668
-28.0420286369
-26.7905730431
-25.5301433223
-25.1278209124
-25.5586682337
-27.3796873598
-29.4021879713
-27.5483745091
-25.0192336150
-24.5343994561
-24.2344943321
-25.5915002259
-28.6797546350
-30.2638371710
-30.3490105662
-27.6998980335
-25.0369461425
-24.5334000357
-24.2342483607
-25.4925860795
-28.6521773646
-27.5638719983
-25.0084289993
-24.5188035768
-24.2263539743
-25.5753968695
-28.6512607979
-30.0887081794
-30.6965188451
-27.8395631491
-25.0446877673
-24.5342078574
-24.2236767701
-25.4791055542
-28.6342331085
-30.0857539343
-25.5784689175
-23.9058778730
-23.9422466825
-24.8098550213
-25.6226000735
-25.6828332809
-26.8997066450
-28.3447675708
-25.2640398452
-23.8489795158
-23.9230971637
-24.8098291296
-25.6297073512
-25.6870872909
-26.9059064176
-25.4616299400
-24.2857379362
-24.8951255268
-25.6418466851
-25.6697385426
-26.8921695649
-28.1841495826
-29.1076554298
-26.0684464559
-24.3926163802
-24.9576630991
-25.6600187902
-25.6841006807
-26.9004523266
-28.1885019807
-23.1483093216
-22.9772465904
-25.0581113322
-25.4425516269
-24.8401936487
-24.2304060293
-23.2506606130
-24.6672964857
-22.6636058876
-22.8619442682
-25.0076405974
-25.4282335045
-24.8388006741
-24.2336800377
-23.2507551179
-23.8515427936
-25.3690657404
-25.5134263325
-24.8425730980
-24.2228767161
-23.2484960649
-24.4586583941
-27.0150193078
-26.7025852065
-26.1992850986
-25.7411297874
-24.9037759521
-24.2424625102
-23.2524730338
-24.4647688407
-27.3020717513
-28.6385622073
-27.8756562122
-26.7709522969
-25.5271580068
-25.1282287070
-25.5611434823
-27.3645989603
-29.2792333774
-29.2183710086
-27.9905170602
-26.7944606849
-25.5313369307
-25.1333203143
-25.5701848717
-26.8334678542
-27.4400370817
-26.6674695607
-25.4808195917
-25.0965437116
-25.5394216220
-27.3604705250
-29.1885553999
-29.1632151745
-27.9666164136
-26.7742677317
-25.5233571020
-25.1134302930
-25.5479128123
-27.3675726241
-29.3832041632
-27.5474437016
-25.0034500210
-24.5218380867
-24.2259746606
-25.4846399101
-28.6304775146
-30.0822067693
-30.1845269552
-27.6818592720
-25.0280575141
-24.5361238449
-24.2299270321
-25.5866714198
-28.6667854728
-27.5534415187
-24.9944668878
-24.5136135809
-24.2132903053
-25.4692938865
-28.5976727062
-30.0638974404
-30.1478137940
-27.5714763960
-25.0115644868
-24.5193615435
-24.2200855881
-25.5629494241
-28.6451814222
-30.0762439063
-25.6089370009
-23.9047269859
-23.9429923640
-24.8221846599
-25.6332752305
-25.6818403334
-26.9018284716
-28.1447825175
-25.1478546255
-23.8244975965
-23.9185143286
-24.8004291398
-25.6176443979
-25.6749285382
-26.9065174622
-25.4570496941
-24.2804508463
-24.9235960650
-25.6384833504
-25.6769467980
-26.8954526352
-28.1880967753
-25.1440666667
-23.8274337180
-23.9124181223
-24.7898497819
-25.5942447541
-25.6659557620
-26.8941243900
-28.1803279648
-23.1451608879
-22.9889328201
-25.0562963224
-25.4351452997
-24.8371565497
-24.2262555860
-23.2469555074
-24.4487677558
-22.5156592789
-22.8326451928
-24.9974340802
-25.4178030241
-24.8366374206
-24.2221944692
-23.2547670405
-23.8641598305
-25.3653438053
-25.5106028402
-24.8489800048
-24.2315983431
-23.2494462913
-24.4709181250
-22.5118920333
-22.8199608370
-24.9790276547
-25.4066423972
-24.8198427546
-24.2245467323
-23.2505453950
-24.4684998380
