-27.8405457399
-23.6639015848
-26.9248733817
-25.2450845192
-21.5197211219
-23.7428441515
-28.3747048553
-23.4472810644
-26.4895895331
-25.0041698073
-23.0390333059
-23.8678325674
-25.3981214266
-23.3656962450
-23.7504627978
-24.4138424072
-24.4814133370
-26.7638475973
-27.1642229341
-21.2384554193
-21.9989847293
-26.1786713854
-24.6209192332
-27.9051481586
-25.4889418202
-23.3505081619
-25.5284124534
-28.1036729333
-25.6259142092
-25.3879861085
-27.6591328154
-28.1843502423
-31.6152708830
-27.9473206058
-23.5221741746
-25.5471010983
-30.6167684531
-30.2391390578
-32.9689713613
-31.5218069691
-27.0623506626
-28.6334472911
-32.3229872932
-29.7742998624
-30.2727400357
-31.0107989793
-30.8456279488
-32.6439733739
-33.2358579816
-27.4632282873
-28.3502164791
-32.2855659930
-30.8486469208
-33.6036497942
-31.2538212255
-27.5126232213
-28.6074817836
-30.4415980501
-30.0546049001
-29.1711237987
-28.7617407627
-25.9319232912
-27.9835379359
-27.2549682335
-21.9787840034
-23.3223055993
-28.0927750968
-26.2208050017
-29.4124902765
-26.8497744566
-22.1836535747
-22.6659672151
-26.5720948046
-27.0096351195
-25.5150821038
-26.5935435090
-26.2379854497
-28.3373185121
-29.6559630534
-23.8677484168
-24.2679684420
-27.8979023586
-25.2574258054
-27.6548762104
-27.6490466974
-21.2372851125
-23.1417742531
-26.9670134582
-29.6009405618
-29.0035085735
-24.1599261576
-23.1878213948
-26.2666398127
-29.2551307680
-24.2841235773
-24.9232517008
-29.2765237937
-25.2066301274
-27.9494683118
-26.3161370234
-21.3474155702
-22.7489165335
-26.5573662997
-25.1229403186
-25.9058477395
-23.9188470318
-22.7063725481
-25.5371457261
-26.2994601604
-23.3619743090
-23.9145244099
-27.8736275815
-24.5819664280
-25.1693486348
-26.1044683132
-20.2233638122
-20.9291632164
-24.8476090175
-23.6489983107
-22.4503098624
-24.6722987665
-25.0130247792
-28.4744682418
-28.7348858681
-24.7339987368
-25.6039256637
-29.6159150314
-24.9594832806
-28.2970348703
-26.5947267632
-22.5823421232
-24.2692177157
-28.7521012669
-26.7001086564
-24.5687163393
-26.9504505219
-25.9575586828
-28.5639487266
-29.6992682494
-25.4733278137
-26.8308631436
-29.6095870955
-26.7702583923
-29.8124370559
-27.6254101434
-23.8470674083
-26.2229798988
-29.6627764612
-26.4158486249
-27.3946877209
-29.6321866895
-28.1932608747
-30.2970406954
-32.1453261082
-25.0314726238
-24.6344036443
-29.0839877897
-27.0382700686
-29.8682557209
-28.4146363740
-25.1911688902
-27.6072807559
-29.9460150287
-26.0106470698
-27.2518935954
-28.4130776908
-28.0492796070
-29.2758260181
-31.7497913000
-25.6194762257
-25.3759140971
-29.2460091083
-27.6401554781
-30.7404596587
-28.3553210305
-25.7800372740
-26.9704130441
-30.6702620336
-27.2783834089
-28.7572187618
-29.7368293654
-28.0820688830
-27.7917139576
-26.2954611890
-23.9595384656
-24.0109309500
-28.0874155123
-26.4591188786
-30.0898279819
-28.2928494909
-24.0414831778
-24.5103369746
-28.8032037455
-26.4060589666
-28.0746508960
-29.4176349632
-24.7956508179
-24.8165480283
-27.0588992967
-22.2869770914
-23.4547249389
-27.3649018805
-26.3615536883
-29.5589661900
-26.7879165454
-22.3255233964
-24.8002194059
-28.3802236854
-28.3441112055
-28.9281662498
-28.5294661461
-26.4603565004
-24.0055920740
-24.0206028033
-28.1007122054
-33.9565836386
-37.5970892580
-29.1599476298
-24.1179246072
-24.5413190102
-28.8416762510
-26.4401700151
-28.1161786253
-32.4445760743
-32.3464982512
-27.8280516912
-28.0918209980
-22.3953494947
-23.4961866512
-27.3830985822
-33.4884821459
-37.5529412887
-27.6394628677
-22.4405072520
-24.8582518188
-28.4061723670
-28.3435661846
-28.9239420160
-32.9342596228
-32.2519287743
