-31.0672364517
-34.0605932575
-36.7579337040
-35.3119061410
-29.4650310465
-30.3655760800
-32.6688358964
-34.5161735092
-34.3229850760
-34.1829432663
-31.3836940784
-32.6311543806
-37.1297632799
-38.0589015928
-35.2484455506
-33.0189786300
-35.3681183387
-36.0782011592
-34.8891604776
-28.2406595470
-28.9645635440
-31.6715439468
-33.8377782282
-34.9836238121
-34.5788055694
-30.9943965792
-31.1716046711
-34.2148923368
-36.6001081858
-33.3237474189
-32.9321106302
-34.1822817235
-35.2936071746
-34.9430113635
-29.0044406716
-30.1289969770
-33.7298796843
-35.3853920041
-35.7793098241
-34.5358991152
-31.4403542155
-31.9710593238
-35.7974624937
-36.2092559556
-36.0981533213
-33.2814804868
-35.0567484725
-38.4939949619
-40.2070358017
-31.5025668212
-31.5128264281
-33.9004413558
-35.1838534957
-35.9594436487
-34.1852359747
-29.8010239992
-30.9118265948
-32.1525835543
-34.1884077092
-34.0058335818
-31.3029831196
-31.8177609419
-33.8801098874
-35.4931830882
-30.6129390758
-31.3356209261
-34.1313799155
-32.9548720286
-35.7240983324
-34.4758588162
-30.6812828592
-30.9650198336
-34.7097334863
-35.7731980841
-36.2250007046
-30.3016753120
-31.0771309666
-35.4031562950
-36.3841013955
-31.2331479812
-32.2088514334
-35.1517464707
-35.4680241128
-35.6706319473
-35.2720549112
-28.4114063763
-29.2842175275
-33.7755332384
-33.2649201461
-30.2025644160
-30.5384408444
-33.6919742052
-37.3881703368
-37.2378702473
-31.4353959478
-31.8283105162
-34.4713355369
-35.0829897362
-35.3274657689
-34.6086341115
-29.3480600284
-30.8809869609
-36.2772877136
-35.7878864537
-30.3287451100
-31.7469729805
-35.4359572231
-38.5963487735
-39.4606943319
-32.8393781483
-33.1243475532
-34.8600724370
-36.2151786853
-35.0536013420
-37.6739501036
-29.2703719221
-30.8234037797
-32.8907693264
-32.1211730237
-34.3368384264
-38.5722487690
-34.6926708474
-35.2956720345
-35.9656822579
-29.6576706104
-30.4577946121
-31.9588254907
-32.5113223471
-32.7479532122
-33.3513376334
-29.5195357073
-30.5400137597
-35.3473078709
-37.8077403457
-37.0604123363
-37.2820686888
-33.4943375687
-33.2218660978
-34.1386075858
-28.6477887147
-30.1021977554
-31.3956586447
-32.3574880125
-33.1772676328
-32.7551420482
-28.1924258675
-29.5910797039
-33.7889451504
-36.0021507345
-37.8390110495
-39.1468052418
-36.4270648060
-36.6118086454
-33.3577768964
-31.2803356420
-30.6273322897
-32.4167347317
-33.4112782497
-33.7359370530
-32.5079137047
-29.4826141183
-30.6424103275
-34.9247227407
-35.8750949213
-37.2786872326
-37.3158612583
-36.8601101686
-38.1272984269
-33.4355258300
-29.2290513414
-30.3102907945
-32.2168183185
-33.2527523394
-33.2251349412
-33.6363704636
-29.4108836994
-30.6758248826
-34.9039303969
-36.3866491405
-36.3463007907
-32.3520688693
-31.7418671457
-34.8662437172
-35.9506689481
-30.6693092294
-31.1537380884
-33.8303822596
-32.3025483754
-35.1303987565
-36.2592127213
-31.1318569925
-32.4685349825
-37.5552909704
-36.1206415617
-37.6928471592
-30.7577475526
-31.6409334550
-33.8982586748
-32.8637370767
-29.1892505897
-29.7131190293
-31.8765597346
-32.8128870470
-33.0728618793
-33.4340422455
-29.0521112124
-29.3486244765
-32.2792510094
-35.2093827220
-31.7253805908
-30.3954253534
-31.5536563678
-35.3288677987
-34.7018740632
-28.6477472868
-28.4161044328
-31.7095283874
-33.2575500743
-33.6956055292
-33.5418139205
-28.8052893372
-29.0217234007
-32.7543225647
-32.4158349934
-28.9640379444
-29.3303203252
-32.3918709124
-36.3178846266
-34.9921512412
-29.0557011004
-29.9399032927
-32.0042110792
-33.8603842840
-32.8497270719
-33.8796127640
-31.7030994741
-30.9548922929
-32.1222306939
-35.6054146017
-31.6682220340
