-21.6763090937
-23.4282157003
-22.9903982957
-21.3571430960
-20.2745996624
-19.4431748758
-18.8017047294
-20.2598310161
-23.5315806370
-24.0065500716
-23.1033030435
-21.3693678744
-20.2631606974
-19.4348040802
-18.7943864325
-20.1699841350
-22.0660753715
-21.1728716829
-20.2179874017
-19.4189958860
-18.7771024094
-20.2133411259
-22.5284562694
-23.1286769335
-22.8988348016
-21.3301173126
-20.2540442205
-19.4262831127
-18.7862098247
-20.2356843916
-23.5253886311
-21.8161218287
-20.1166407096
-19.1957069212
-18.8740708153
-20.4154804266
-23.5649097584
-24.1698284586
-25.0228053785
-22.0629411713
-20.1580868914
-19.2020918213
-18.8741510796
-20.4294399512
-23.5768225407
-21.8060719552
-20.1007004680
-19.1783115639
-18.8614045819
-20.4005616139
-23.5495313692
-23.9843375621
-23.7055639640
-21.4402814256
-20.0541510266
-19.1711291986
-18.8624143593
-20.4160435719
-23.5508634983
-23.9932287800
-20.1343415821
-18.2715068620
-17.9778713559
-19.0047398909
-20.6645122353
-20.9203108411
-20.4299306039
-21.2045139607
-19.6526234122
-18.1615654039
-17.9382816079
-18.9923312804
-20.6543652678
-20.9203678029
-20.4275136112
-18.8428337386
-18.0702206796
-19.0142317986
-20.6584250905
-20.9046023308
-20.4128485373
-20.8302710680
-22.0554468186
-19.6827820956
-18.2469213711
-19.0855997575
-20.6941155409
-20.9221426807
-20.4133832014
-20.8356500741
-19.8303494084
-19.4371123273
-20.2262365058
-20.1428250131
-20.1616457094
-19.1808101151
-17.3765048752
-18.3582959320
-19.1290434894
-19.2447717445
-20.1695957640
-20.1267345994
-20.1660757839
-19.1791517499
-17.3805180932
-17.9064541969
-19.6920500432
-19.9883951020
-20.1157383830
-19.1643895813
-17.3648613644
-17.9493270170
-20.0591377720
-20.4185524846
-20.4819069508
-20.2018956933
-20.1752259202
-19.1733416462
-17.3695270542
-17.9508598074
-21.3143091118
-23.2833942260
-22.9588738267
-21.3469106859
-20.2706964846
-19.4448461868
-18.8046279055
-20.2375563639
-23.4907183182
-24.0143590154
-23.1135496932
-21.3796727812
-20.2768833127
-19.4400795197
-18.7989770359
-20.1621415310
-22.0583570482
-21.1717350362
-20.2204406428
-19.4131974336
-18.7797796140
-20.2256241613
-23.4458583175
-23.9957972388
-23.0932531706
-21.3658957939
-20.2656786679
-19.4293215069
-18.7889750613
-20.2132660398
-23.5169634642
-21.8126303294
-20.1168413705
-19.1887575815
-18.8666800215
-20.4252817400
-23.5610285892
-23.9878329452
-24.8574194105
-22.0394638496
-20.1558278383
-19.2047068858
-18.8720499658
-20.4171012489
-23.5627115511
-21.8013868475
-20.1018927819
-19.1749016234
-18.8568994212
-20.4172747234
-23.5545142312
-23.9901269515
-24.8394699739
-21.9899265065
-20.1368712105
-19.1935993346
-18.8611599050
-20.4036750939
-23.5553492395
-23.9842430574
-20.1199574331
-18.2656669825
-17.9745585092
-19.0178359272
-20.6619696679
-20.9267785943
-20.4369938669
-20.8337586837
-19.4262002564
-18.1238515118
-17.9328158639
-18.9820820399
-20.6563006744
-20.9141745020
-20.4283330844
-18.8381033198
-18.0697779311
-19.0220692247
-20.6606880274
-20.9137291643
-20.4178430513
-20.8340279575
-19.3921358054
-18.1119633246
-17.9163953294
-18.9682221978
-20.6438907699
-20.9066633122
-20.4142557526
-20.8317468964
-19.8226984031
-19.4284800253
-20.2239916931
-20.1512916078
-20.1586875796
-19.1836970428
-17.3797258063
-17.9582881445
-18.7196939752
-19.1339797466
-20.1313187295
-20.1257300004
-20.1539429206
-19.1815078971
-17.3820107515
-17.9148845439
-19.6987637680
-19.9956111263
-20.1164814755
-19.1593743537
-17.3624534337
-17.9520404703
-18.6783125208
-19.1051751994
-20.1121484948
-20.1056341365
-20.1507401141
-19.1611932475
-17.3639862240
-17.9537234327
