-31.5748565098
-32.1758848110
-31.8237251034
-31.6721692344
-31.8657434759
-31.0158258607
-30.3968493991
-31.5910724910
-33.2051128783
-32.6673859614
-31.9648828579
-31.6992817455
-31.8718396805
-31.0111873595
-30.3917060094
-30.6964502307
-31.4538062630
-31.5790470858
-31.8385015064
-30.9941765013
-30.3824031152
-31.5482954910
-33.5287230696
-32.9537315068
-32.0201500211
-31.7179250761
-31.8725232219
-31.0044011404
-30.3868784986
-31.4959644471
-32.9898504509
-32.5452314360
-32.5086283171
-32.1644549132
-31.7269056186
-31.5818006704
-32.4132613589
-33.1598282683
-33.3271599513
-32.6161022407
-32.5278839862
-32.1584350892
-31.7233429184
-31.3477356659
-32.3394984490
-32.3731848668
-32.4704937032
-32.1303568174
-31.6961643834
-31.5615093319
-32.3879547957
-33.2941985027
-33.8737910168
-33.1848552004
-32.6721642782
-32.1863541267
-31.7109200727
-31.3270171140
-32.3275701353
-33.2766918194
-31.6973670496
-30.9979528084
-31.7158628015
-31.7423241357
-32.5012427043
-32.8633875443
-32.5041814145
-32.4840208297
-31.3131132600
-30.9284892145
-31.6857339055
-31.2253235115
-32.3267558406
-32.8136586206
-32.4910297174
-31.6942846450
-31.9030754475
-31.7802503221
-32.5113637761
-32.8818949426
-32.4994846572
-32.6090765232
-33.4684872898
-32.6094648983
-32.1374550317
-31.3232123262
-32.3565766248
-32.8307756338
-32.4849594045
-32.6092124547
-30.6722013401
-29.9966941915
-31.0297167664
-31.7680022454
-32.2271439364
-32.0119281071
-30.5633370262
-30.9969779835
-30.2736889681
-29.9163884383
-31.0046458166
-31.7738149358
-32.2299674280
-32.0081543895
-30.5604242079
-30.0741557394
-31.0309453285
-31.7498896951
-32.2203447716
-32.0044078581
-30.5681930178
-30.8886211468
-32.4482190596
-31.7046568648
-31.4747267700
-31.8941389210
-32.2632628804
-32.0223715309
-30.5712469458
-30.8933968740
-32.4839703403
-32.4870359200
-31.9130631765
-31.6958109609
-31.8835013097
-31.0113698962
-30.3943236621
-31.5389006817
-33.1664500743
-32.6606113940
-31.9596216612
-31.7104177728
-31.8791709201
-31.0086525604
-30.3945825793
-30.8711054003
-31.5215066296
-31.5890542343
-31.8383539236
-30.9930502116
-30.3852887471
-31.4917130274
-33.1166279413
-32.6571147178
-31.9615648344
-31.7036457944
-31.8758049970
-31.0057138505
-30.3837326549
-31.5491486230
-32.9803171213
-32.5382471456
-32.5047872810
-32.1557501182
-31.7097316429
-31.3446908001
-32.3318603927
-33.2715717331
-33.4312886621
-32.6480448505
-32.5413153138
-32.1678156579
-31.7183885384
-31.5789072711
-32.4086629901
-32.3861501436
-32.4629902839
-32.1312474925
-31.6875269067
-31.3248745744
-32.3117114592
-33.2635893170
-33.3830588701
-32.8260698150
-32.5801179339
-32.1672978236
-31.7045908426
-31.5711591748
-32.3862187561
-33.2836528071
-31.7130651971
-31.0044503348
-31.7158861041
-31.2460588932
-32.3239232869
-32.8204888552
-32.4944098810
-32.4130840007
-31.2901498964
-30.9284555552
-31.6924100846
-31.7382138256
-32.4961135554
-32.8725493278
-32.5081713280
-31.6997348514
-31.9119459495
-31.2648562798
-32.3441744926
-32.8308623711
-32.4815844194
-32.6091878576
-31.3227682816
-30.9501126823
-31.6877599323
-31.7300268648
-32.5035172916
-32.8788306580
-32.4901390424
-32.6066038643
-30.6771803175
-30.0154074309
-31.0263806187
-31.7729760442
-32.2181426811
-32.0092276011
-30.5744588134
-30.8888218077
-30.1844337437
-29.8933163280
-30.9900118179
-31.7604120888
-32.2229714863
-32.0101687650
-30.5715977786
-30.0882343611
-31.0317518555
-31.7576766289
-32.2261160352
-32.0039262722
-30.5718929442
-30.8963278165
-30.1993654977
-29.9126173095
-30.9849409251
-31.7425584555
-32.2257393107
-32.0018109190
-30.5767269279
-30.9005261585
