-24.2915816904
-19.7044120410
-23.5961882427
-22.1667164958
-23.9289952762
-17.7469766771
-20.9144605966
-23.1404304809
-27.8967514767
-24.1575208215
-28.3680105483
-22.4648700621
-24.2830400029
-24.5506037853
-27.9494812514
-25.7082265748
-20.6833303386
-21.3412119126
-20.1960713472
-22.3443725753
-17.0814181268
-20.9484175898
-22.3217419151
-26.7529161083
-23.9620642049
-27.6593192264
-23.0288708023
-25.5439902089
-23.4874417238
-21.9945119369
-24.5561174292
-18.8538998570
-21.3109885002
-22.1359467725
-22.3144792813
-22.8564772321
-27.1556786503
-24.9606911352
-29.0391964154
-25.1985312017
-29.2907629425
-22.8602820085
-24.1720939746
-20.8208257593
-22.6044044558
-24.6676952205
-18.2014360727
-20.9094751417
-23.1349258893
-27.8816009226
-24.7155379468
-28.3542672295
-24.1587092520
-27.3027086804
-24.6666258937
-27.7193103459
-23.5462910176
-25.1785453798
-21.0310976497
-23.4001866102
-23.7089506010
-20.9874325495
-22.6727133057
-21.9023852889
-26.3188323299
-24.7587046214
-28.5426281833
-27.5659083846
-31.5770767162
-25.2367836302
-29.0994852810
-22.2052239672
-22.6540350035
-18.0198949212
-20.9316682399
-22.9394964578
-24.8913932237
-26.6286462127
-23.3901755760
-27.3637432270
-25.6190490216
-29.5687273735
-25.9672965626
-29.2918335693
-25.8007791341
-24.4957702977
-20.5329408347
-21.8940908776
-17.6139139073
-19.8533192526
-19.8323832057
-22.6413597203
-27.6488317854
-23.9905114326
-28.0213100577
-25.7959050125
-29.2263443392
-25.9157590922
-29.9025182309
-19.4615644611
-20.9211885675
-21.6925406221
-24.7629495591
-20.7862137015
-22.5500020640
-27.2337693791
-25.1181011560
-27.4987789111
-24.6487152917
-28.4727153709
-25.7854991333
-29.8767417283
-26.4173814216
-24.2767509176
-16.7178749363
-18.6124698525
-22.1996145257
-23.0096630325
-24.8838121295
-20.8967713757
-24.8098330037
-24.6956673465
-27.8294265407
-22.8719358821
-25.5544672942
-23.8132282220
-27.5270811477
-23.4904257414
-26.8708826748
-20.6168960510
-24.4866072033
-19.3316980340
-20.9892268454
-22.2941115622
-25.2972679852
-27.5916097904
-25.7864105211
-27.7754215942
-24.3199460752
-27.9017602305
-24.2151881662
-27.3475168889
-23.5376457737
-26.6868197281
-21.6151334256
-25.0891114789
-20.7438431854
-23.9262196954
-23.5607256601
-26.6895280052
-30.3178964826
-25.8391506594
-27.8151123051
-22.6731599369
-25.4366716097
-21.0843064328
-24.5568177894
-22.8525391002
-26.8145189811
-21.7539687388
-25.5098584343
-20.1123025447
-23.0406567144
-24.4038961093
-26.6425099361
-27.6682117484
-25.0260664406
-26.6654461194
-23.4786980858
-26.7881741601
-21.4258157169
-25.4001409688
-23.7794369323
-26.2384450259
-22.6059968044
-26.0100761541
-21.2793863560
-24.6622281763
-25.1213673991
-28.5033271586
-30.6387686594
-24.6270957019
-27.4112804361
-20.1389218172
-23.0487970664
-20.2754631492
-24.1371427344
-22.7330384306
-26.8182279650
-21.8463322946
-25.7529286305
-21.8549141051
-25.2262767583
-23.8553954831
-25.7196694312
-28.6578321094
-24.7552299581
-24.6304253797
-19.8644850552
-23.8697097040
-21.2593966498
-25.0795444840
-24.5405565056
-27.6098621632
-23.3221334202
-25.8674762029
-23.2921339713
-26.4062583238
-24.3049625391
-27.1536112099
-31.8623283467
-22.0464921443
-24.0363721525
-19.0013377136
-22.7371280186
-19.7637869526
-23.5087117620
-21.6617683018
-25.8324641065
-23.6279289212
-27.4011334641
-22.3551292873
-25.2204394679
-23.8616120852
-27.0468039771
-27.5063108172
-20.1336153196
-22.0172901706
-19.9096907179
-23.8823409817
-21.1801407827
-25.2991308879
-23.3729303950
-26.2907074659
-23.9656748066
-26.5857138532
-22.6527611387
-25.8824480857
-24.4477735169
-28.3177728518
