-33.5152075920
-33.2977974499
-34.4784117418
-35.2940978202
-36.0525852038
-34.8839536601
-35.4760155905
-37.2445865570
-34.1285823081
-33.2361738726
-34.3912356343
-35.2317699927
-36.0193907333
-34.8568333844
-35.4458841092
-35.1402259579
-34.7535707557
-35.4230217238
-36.0464411003
-34.8278333702
-35.4159015051
-36.9453172055
-38.5598673630
-36.0187693254
-34.9833312347
-35.4171533670
-36.0513734716
-34.8347386902
-35.4094842439
-36.6464181016
-33.9812959959
-33.5591859626
-35.5218594579
-35.4033686215
-35.4608702338
-34.9532036375
-33.0982603546
-34.2101593359
-33.4425968630
-33.3790094008
-35.4252238161
-35.3539115651
-35.4480214711
-35.1387035262
-33.1591706150
-33.3511732184
-35.3079434164
-35.2419156638
-35.4049104736
-34.9163985662
-33.0295139663
-34.0388183262
-36.8369668636
-36.5837174385
-36.3198549965
-35.5001893887
-35.4681561619
-35.1333219334
-33.1146925318
-34.0942227118
-33.4802421232
-32.6814956522
-32.9858721892
-34.5287478197
-36.4617234574
-36.5107610658
-34.9761954772
-34.8544474613
-33.3595983825
-32.6837508206
-32.9856495205
-33.9799871732
-36.2280844106
-36.4584183799
-34.9749850396
-33.6064668283
-33.2333400268
-34.5644745017
-36.4608586742
-36.4133862189
-34.8619715924
-34.8678774941
-36.3970770297
-34.8095564069
-33.4576671417
-34.1201506758
-36.2775013334
-36.4047500382
-34.9012117794
-34.8864159612
-33.2767435995
-32.9470721575
-34.2513232844
-34.6077861661
-34.5110275356
-33.5880319269
-32.3361092231
-33.0793218610
-32.6693317228
-32.8222365448
-34.2223737584
-34.6075104193
-34.5219603120
-33.5922328577
-32.3286316955
-32.7162242094
-34.1358798970
-34.5112514992
-34.4333886415
-33.5560453023
-32.3382297546
-33.0616883082
-34.7294034309
-34.6318861737
-34.7270524631
-34.6937414784
-34.5034788064
-33.5769580405
-32.3447700020
-33.0543169368
-32.9973888221
-33.0507801282
-34.3559283982
-35.2569043736
-36.0337891148
-34.8594510366
-35.4479256708
-36.8735414961
-34.0361281749
-33.2176418773
-34.3751750039
-35.2532406961
-36.0246506348
-34.8541807782
-35.4386680886
-34.7757754888
-34.6185066292
-35.2957833709
-36.0003240760
-34.8069840675
-35.3981372005
-36.6161765815
-33.8245514401
-33.1553865424
-34.3110451113
-35.2338698107
-35.9918807884
-34.8184968181
-35.4079669895
-36.9381840388
-33.9659098437
-33.4965746175
-35.4583302554
-35.3556812637
-35.4363210058
-35.1320027507
-33.1517163902
-34.1041949060
-33.3602883956
-33.3379852727
-35.4080148887
-35.3568735771
-35.4334690336
-34.9207315445
-33.0656898710
-33.2887987819
-35.2512599826
-35.1947810939
-35.3805748522
-35.1092258101
-33.0825065402
-34.0599653843
-33.1629805798
-33.4013681916
-35.3739180913
-35.2741741497
-35.4076058010
-34.9150845617
-33.0170742914
-34.0345021775
-33.4652676498
-32.6723662333
-32.9859641048
-33.9633310331
-36.2250783827
-36.4638944772
-34.9740050381
-34.6671714002
-33.2559214823
-32.6648563410
-32.9828894636
-34.5163728749
-36.4471645474
-36.4856098563
-34.9501367618
-33.5914470444
-33.2278289752
-34.0081703047
-36.2214172945
-36.3653467355
-34.8678904384
-34.8731645820
-33.2612448191
-32.6738601851
-32.9714686279
-34.4775353036
-36.4265858144
-36.4097070065
-34.8699863725
-34.8652274772
-33.2766956998
-32.9985772524
-34.2703420432
-34.6076502345
-34.5183743096
-33.5808366193
-32.3241705527
-33.0308448022
-32.6464188490
-32.7553064599
-34.1578541951
-34.5502962041
-34.4825816039
-33.5686247920
-32.3256399076
-32.7640733945
-34.1658392000
-34.5053494829
-34.4410551780
-33.5668214341
-32.3478964268
-33.0612649786
-32.5396776612
-32.6980508143
-34.1271971106
-34.5113951981
-34.4429659865
-33.5644626988
-32.3456283125
-33.0568465574
