-28.8158156157
-31.5555270429
-32.7807942627
-29.5549594655
-29.6828529062
-30.5638328539
-33.7361131127
-36.8219082403
-37.6033990714
-36.5345244771
-35.5351211917
-30.0285643029
-29.4732918097
-31.3425301325
-32.9359296573
-30.0632980435
-28.4814706705
-27.7703804714
-25.0730456756
-27.6571870497
-28.3537183361
-28.8845335385
-30.1059209791
-28.2602556921
-25.8838773174
-24.6294337300
-21.1628334565
-22.6820602185
-27.2393632865
-28.2515767943
-25.8094800478
-26.3820159217
-27.2529745785
-26.8909422954
-26.5757067098
-25.6614622509
-28.3687510643
-31.6411923604
-28.8638072028
-25.1513849643
-23.7164773247
-20.2146370067
-22.7486381955
-26.9354423861
-25.0327723945
-24.8504804289
-25.5208028843
-26.8402255959
-25.4823329619
-25.2952199595
-25.8623988306
-27.5468443083
-30.3261145127
-27.5796517054
-23.1965313730
-22.7611918046
-20.9181449967
-24.5224853676
-25.1952559024
-25.4540876833
-28.0448585989
-29.0610723431
-29.1341957354
-24.9149883580
-25.3050458672
-26.6494799869
-27.3225572823
-28.3418858159
-27.1707696491
-23.4581374689
-23.8486701080
-23.8909124557
-24.8343744814
-27.7349593008
-26.5414338364
-29.5256966354
-32.8118850338
-30.5756045201
-27.0379891470
-27.6990811538
-29.0031551538
-28.4779584603
-31.8241833755
-29.5369051657
-27.3350228518
-27.7278636846
-23.0063437120
-26.1645914776
-27.3365414020
-30.1566441568
-32.5473493766
-32.1984973396
-28.4124148647
-26.2112367146
-27.1509469582
-27.9339190541
-28.4327735236
-30.0864089886
-28.8558662275
-27.5497532464
-25.9354795216
-27.7006191158
-27.5217487608
-28.6163289873
-31.5850034710
-29.8296990808
-30.0795891147
-29.7365704488
-25.7789485282
-27.2823823922
-29.2959710768
-28.5821104900
-30.6381679718
-33.3557055540
-25.6396031615
-26.3764103625
-25.7529169925
-27.2880811614
-29.5759459986
-32.0962393008
-27.1316071333
-30.3805855056
-31.1447070583
-27.3688982818
-25.9993802929
-28.4421437348
-26.2146000497
-28.7751436107
-32.0046590033
-32.2178177386
-31.8681785908
-30.0970155354
-32.7697928715
-35.7254628247
-35.9617065856
-29.7095938656
-30.7097469210
-29.6976409601
-24.9493673876
-26.2273698458
-29.2253371709
-31.4871055970
-32.8298875420
-34.5935599462
-34.0788922229
-32.0931297056
-31.1765292760
-31.9797226949
-34.0856279606
-28.2407954817
-27.7666222939
-29.6290550878
-26.8708205449
-24.1005409090
-26.4950695308
-29.8068289218
-31.4305334904
-33.6631839148
-32.9416051161
-33.8529650119
-33.9293339198
-30.6842539364
-32.7922409890
-32.9884846498
-26.7413839444
-25.4738236469
-28.8458966137
-27.0476765310
-23.8118300689
-26.7117612257
-28.5469482397
-30.9807231619
-32.4454447570
-31.7939781094
-33.4604802736
-33.2318667851
-30.1584980096
-31.4412448910
-34.3967026604
-29.0715688406
-32.4626420243
-36.6711420919
-38.5445537041
-40.7865284807
-44.5047342416
-47.2027015898
-48.6432822588
-47.8820183197
-50.3011925953
-50.7045995391
-50.7159841249
-38.3837143952
-37.7367362114
-40.2967246816
-44.3840115799
-31.8759651590
-34.2561545012
-33.1000608210
-31.1690602261
-32.6958183242
-33.1428465227
-34.8669318791
-37.8147409330
-38.2439218903
-40.7858005401
-30.7727451501
-27.7148152269
-28.4973703647
-31.9596212162
-33.0854942149
-36.6455545655
-40.7363995320
-44.5846878375
-47.2874192707
-48.5917150764
-48.9805035729
-50.7307670034
-51.1092505761
-50.7431652448
-38.2298192462
-37.4373853070
-40.0211773459
-43.9961279542
-40.3199353068
-40.7048103820
-43.6651542751
-46.6563336088
-48.2404993198
-49.2581402879
-49.2356170962
-50.6801085986
-50.7914118382
-50.5771994484
-39.0854729604
-38.3053233663
-40.9977815343
-45.4539073325
-41.5019021575
-41.5601222535
-41.7680507925
