-22.7531563047
-27.4836050654
-27.3625289212
-28.6590529094
-32.7156545846
-27.5044621515
-26.3024610194
-27.5697636624
-30.0390556296
-28.9416687956
-30.9015229876
-29.5017131485
-32.1136488878
-33.2264735429
-30.7424973553
-25.0302608976
-28.6578903602
-28.5416986957
-30.5594170178
-32.2294754848
-26.4725204311
-29.0583265183
-29.0298106816
-30.7643072427
-30.9213625184
-31.9018106353
-30.7770718613
-33.2698227430
-30.8213907121
-25.2278043829
-22.3338760722
-25.1607616477
-28.0056546544
-30.0611852787
-30.9957118793
-28.6623165639
-31.4094886994
-30.0999930837
-30.8573504246
-29.0598528424
-31.0041823528
-29.5461213294
-32.1592830376
-30.6890270735
-25.0938186026
-23.7500744257
-27.8546593080
-27.3245975511
-28.6924027402
-30.8976897178
-28.6241482853
-29.9459723136
-29.4002862246
-31.8795644679
-29.7516963941
-31.2297212180
-29.0779200838
-25.9663152692
-29.7956436896
-23.1236371039
-22.8521610848
-26.7870103296
-29.4399186781
-28.5512333208
-31.9593717969
-29.4632678276
-32.2690716797
-29.9595978320
-32.2794879212
-30.0003682247
-31.6116680582
-29.2267340321
-28.7207386402
-30.3914639188
-25.6495494683
-23.9317268751
-26.0688723775
-29.8940710621
-28.0778330010
-31.2992249345
-29.6712663607
-31.4849837705
-30.8551949391
-31.3470857832
-29.7606005581
-28.1273379693
-29.6217251441
-30.0652981820
-31.7658933609
-24.7642467458
-23.9357983489
-27.1349730545
-31.0411906760
-28.0387520382
-31.4765184646
-29.7346700001
-31.4181093504
-28.7447027196
-30.3870688003
-25.7530114954
-28.3297413057
-27.5742934143
-26.9204510930
-28.3630794851
-24.4475560249
-27.1618810239
-31.0075961737
-32.6505382201
-28.1880553454
-31.0297348799
-30.1894476741
-31.0477594092
-29.8276277437
-25.7508870803
-24.9327941001
-27.6246139731
-27.6764362533
-28.4067523471
-28.7489321328
-25.3926569818
-23.7728992740
-25.2000510470
-27.2316838159
-22.8887383200
-23.7306763458
-24.8495509180
-22.9089778840
-25.2096232131
-29.4471437552
-29.3947207993
-32.2202890977
-30.4943459561
-33.0361331807
-32.6254620941
-32.4313027059
-27.2172698932
-28.0575908540
-28.1893965361
-25.6265291382
-25.6910098858
-23.6512949094
-26.3757255178
-28.6315792104
-31.6126273420
-30.1633501175
-32.9559905479
-30.2441995951
-32.7960004629
-33.8659704237
-23.6282201984
-23.0853199465
-23.6006804739
-25.2910721045
-22.9208207585
-24.9463005153
-27.3025947632
-30.4345386748
-30.5591076148
-31.7133448293
-30.6055974889
-34.2344315189
-31.0343915120
-32.6138237630
-26.9035049553
-25.9338587025
-23.1353323995
-24.5997475738
-23.9992460170
-24.3895559788
-27.7869408091
-30.7363856146
-32.1657663261
-30.6534881037
-32.8137349973
-31.8168547360
-35.2582921617
-32.8278796423
-26.5704079673
-28.6267283923
-24.6069325254
-21.7856628064
-20.0667136915
-22.3591360368
-26.2351541839
-31.0676895498
-31.3736675137
-33.1302663998
-30.9949856175
-33.4754909950
-32.7269679763
-35.9511479359
-23.3704926814
-25.5623565021
-25.0831020201
-23.1250300835
-20.0439134356
-21.8081769554
-26.0218167492
-30.3284628941
-33.5221439803
-30.7194653770
-32.0373201104
-31.6546521929
-33.5571547577
-33.2756496763
-24.5903773557
-24.1754495507
-25.2845862280
-25.8599417174
-21.7667786758
-19.8694989959
-23.6712146919
-29.5020872677
-31.3920480429
-34.3652040988
-31.7209155658
-32.6915066814
-29.7726233763
-31.5609578359
-24.4775256921
-24.6709329837
-22.6261004360
-22.9804222145
-20.2770050002
-18.7309594661
-22.1160852267
-26.8744816291
-31.7113563353
-32.2659374939
-33.6014697229
-31.7715170448
-32.2095906451
-31.5614238878
-23.2127590067
-22.2415422978
-24.6712838132
-25.4231923853
-24.6724230533
-24.8499392924
-21.0785054026
