-23.6505362775
-24.3724959206
-23.2502217476
-21.7526974621
-23.6877452766
-24.0741442999
-24.5202250321
-28.2534422866
-32.9485712788
-30.3085159165
-33.1523986318
-28.9810513951
-31.8578076573
-32.9874412221
-31.3072151272
-24.7772664002
-22.8921133083
-22.3255648293
-22.2003200812
-23.8650945216
-25.7000137315
-29.9633326976
-33.5368569471
-36.9619539176
-30.6100806333
-33.1843554799
-28.9573293989
-30.4991579290
-33.2839052465
-26.5049239170
-23.1435918574
-23.2446602046
-23.4799797282
-21.2975856519
-23.1204951460
-25.4840275737
-29.9705448385
-33.3386260921
-35.6179345413
-29.7531126717
-33.2410661013
-27.4841177301
-29.5470547211
-23.9682743335
-23.3537821713
-22.1888034422
-22.8582792969
-22.5243498418
-19.1752097320
-22.9594110612
-26.1222326275
-30.5612773257
-33.6121785358
-36.0399021430
-29.5427411616
-32.5742443866
-26.9039994883
-22.9575520489
-22.4045112875
-22.0021150413
-21.9880014632
-24.2825532506
-26.8509693631
-25.0322183142
-28.9596816505
-29.1037561356
-32.7711599463
-32.3250469786
-35.9505614930
-29.2699939133
-32.6499776531
-22.8072337589
-22.0355257243
-23.4184519299
-22.2851944507
-20.9699776443
-21.5881128252
-25.7444659214
-25.0018719206
-28.6916622258
-28.8145974170
-32.3136999322
-35.1004278029
-37.3118907654
-29.8697885187
-23.8354433182
-21.3740982902
-21.5108260224
-22.0168564951
-21.4770528571
-21.2080792526
-25.2025832450
-29.8606603914
-26.4067386296
-29.6965327838
-28.9734016882
-32.8594481081
-34.0633662650
-35.4644510554
-23.4791408306
-22.9759066974
-19.8179252609
-20.1734898783
-22.0443690398
-20.7977730670
-24.5006715871
-29.8479604986
-32.7071996501
-28.2941764423
-31.7121525035
-31.8771060545
-34.6667467704
-35.2278189175
-23.9167666301
-25.0955132175
-24.4075766167
-18.8027624017
-21.0755938711
-22.4257489755
-22.3678447221
-22.0997216683
-22.9469416253
-24.6400545140
-21.2324640771
-22.1057803318
-23.3332694539
-23.3610901123
-27.1448170792
-32.8513828349
-30.6110619321
-34.1613314376
-27.2124682728
-29.5515145697
-33.4964114974
-34.8459834613
-25.0161550841
-25.3587271755
-26.0264060733
-23.0610930581
-23.3157951297
-22.6014036154
-26.6738906898
-32.3046171156
-36.7745639455
-30.1944991445
-33.2333141211
-27.0553404802
-29.1810817496
-33.3933314004
-22.6525669502
-23.2414004378
-24.2912826489
-24.7746306292
-21.3715647867
-22.7868272003
-25.1904193221
-30.3791692247
-34.5323726567
-38.2435418511
-30.4751666634
-33.5500228790
-27.7847141314
-30.0013210366
-24.2463294340
-23.4083088489
-24.1325456712
-25.4643472787
-24.5825580608
-23.9265071026
-27.7822608790
-29.5976549100
-33.1698328153
-35.3074644143
-38.5249497919
-30.6595389903
-33.4883669352
-28.5528140073
-25.5633196801
-26.5281410297
-25.3266279127
-22.8300340159
-21.9696416414
-23.9185156217
-25.7295807800
-30.4898796230
-31.2449869745
-34.9460834044
-33.2726695273
-37.8997478278
-31.0639054730
-34.0352413760
-20.6994362815
-22.7182076525
-23.8977025609
-23.6819960216
-21.0921244510
-21.5997174972
-25.9858622097
-27.8963890068
-32.1051874632
-30.3509951598
-33.5538574360
-36.3336203186
-38.7157639326
-33.2719458612
-22.4808400869
-21.3854129771
-22.1022525843
-23.0064744675
-21.5696999248
-20.5913435117
-23.9798919373
-28.8682217504
-27.1926455735
-31.0682539824
-28.7696830507
-32.5668678333
-36.0176624509
-38.4413066195
-23.2341468621
-22.4089543084
-19.8041443915
-20.6848683106
-20.8132835071
-20.2367589040
-23.8946796899
-29.5677525505
-32.6965011940
-27.6064159788
-31.0451197341
-29.9038076499
-32.7879351905
-36.3904940474
-23.3862180216
-21.6158014366
-22.4673479151
-22.7865889959
-23.9352520322
-23.6392164215
-21.6862049225
