-16.9085739959
-17.3720424161
-17.7567715166
-18.9385502653
-18.2595746082
-19.4209416331
-18.2128569160
-17.7227692000
-18.7222222988
-20.6090935653
-19.7997181543
-20.0700135586
-18.2483997754
-18.1256962779
-19.1871781558
-17.4214787966
-17.5217005086
-18.0444661668
-18.5863735744
-18.2835180042
-20.6562708381
-19.3864318515
-19.5845113189
-18.6656087370
-20.3982158044
-19.9600526876
-20.0455562259
-19.3601750479
-17.7226785796
-16.6973453831
-17.5211477189
-16.5777501844
-16.8324976104
-19.1929973351
-20.8297661453
-20.9125135054
-18.9238761366
-18.1874648758
-17.8257962801
-19.5228346449
-18.6034089922
-19.5926594104
-19.6726985421
-18.3571476136
-16.9183688305
-15.9204342258
-15.6308533492
-18.9305069918
-22.1238695148
-20.2437729168
-21.9598493242
-19.1907227561
-19.0427243267
-18.9311866681
-19.8191991212
-18.4622693113
-19.9241382564
-18.5877031132
-18.5416740975
-17.3179662563
-19.3403691705
-16.6879751489
-17.2555749411
-17.8891520234
-18.4026794845
-19.9860984402
-18.6812654518
-18.7733001877
-17.1926347490
-18.5404338650
-17.4643943048
-18.4864780844
-20.3041446683
-16.4013575905
-16.6435785931
-18.6068060228
-19.0740261369
-18.4953382504
-20.0773033779
-19.8759110162
-21.2274151285
-20.0515217085
-18.7787943980
-18.0127643370
-19.4823736358
-18.7980850283
-18.7427932548
-18.0552034524
-17.1264373576
-19.2117338767
-19.3243835985
-18.7192356602
-19.9821616442
-21.1359409765
-21.6467238470
-23.1968368438
-19.1829384057
-19.4883507328
-19.2158390255
-20.5484020809
-19.2826292982
-20.6004780858
-21.8166629265
-16.6870534051
-18.2881487633
-19.5329893780
-20.2217157773
-20.4422343332
-21.3497431969
-20.7756084120
-21.9713439751
-20.5392920704
-20.1789400590
-18.8281142896
-19.7865975474
-22.2755717346
-22.2528853769
-17.4071800866
-19.2798847989
-17.9076814498
-19.6787559202
-21.4438894011
-21.2005046079
-22.1716475503
-21.9365351078
-21.7576013275
-22.0993112715
-20.9537551613
-21.4055411961
-22.2202424497
-22.7755461189
-21.1799905729
-20.5867451192
-20.7644956928
-22.0019946025
-21.2185602043
-21.8619954759
-22.7066262815
-21.5377572824
-21.4181297131
-22.1329730798
-22.6135287040
-22.2855349064
-21.4245211282
-23.4906393290
-21.7180814776
-22.7925919402
-22.7733660759
-22.7866291059
-21.0337735491
-20.7805913039
-21.4598814445
-21.9644127876
-21.8857692565
-22.4682061648
-23.7216077275
-22.4181510409
-20.9421129430
-21.3375961287
-22.4994963489
-22.4024243570
-23.5743562940
-23.7548876659
-22.4771323641
-22.2643593652
-22.0626913158
-19.8382502546
-21.6362312840
-21.6798264728
-21.7869224085
-23.2318101016
-21.7919389552
-21.6148926120
-20.9043900104
-23.1121644604
-23.4688527070
-23.8071384400
-22.1051576240
-21.9279132174
-20.5914380025
-20.1754394979
-19.7746627546
-20.4059574325
-21.0566501791
-20.3925027735
-21.0019098725
-20.1723635832
-19.2466061583
-19.2015700982
-21.7523932200
-20.8572696282
-20.9403121495
-21.7585243761
-20.1016286599
-19.4919419289
-19.4295143871
-18.4272196884
-18.3438884736
-19.8292761710
-18.7944472256
-20.5081960580
-18.0926377247
-18.1631991480
-18.3099211168
-20.6257419416
-19.5418145412
-20.2880775538
-19.4179239480
-18.0041449653
-18.7032423467
-19.7367572653
-18.9392674612
-18.9805233550
-19.4833264451
-18.9209723433
-19.4994841710
-18.3244373172
-19.2339735801
-19.9048994558
-20.2988835070
-18.4513714966
-19.3748103312
-19.6455251813
-19.9009859073
-19.6020944007
-20.0808635043
-18.2030814789
-18.7687665600
-20.5625544646
-17.4008081147
-18.9514210267
-19.2961952983
-19.3668072021
-19.3331440831
-21.2727101631
-19.3078387663
-19.4015564808
-19.4241030121
-17.6734635622
-19.1743280972
