-25.8294736301
-23.4153125542
-22.3441524923
-18.9013697453
-22.9157058186
-25.2036448111
-24.6067655166
-26.8350873409
-26.8797609210
-29.5860553951
-29.2786028799
-23.9583085844
-23.7735128685
-27.4065953064
-28.4807534438
-25.6611593160
-23.4032703185
-26.4144103347
-19.1676389762
-22.9567429073
-24.5868250134
-25.1208081250
-27.1943194099
-27.3912298537
-31.0780462185
-27.6235976848
-22.5538197554
-24.9046691543
-25.5130638342
-25.2332273995
-24.6378407630
-25.1514872378
-29.2641371936
-19.7077960799
-20.6351277079
-25.1143364852
-26.2009602756
-27.7353994078
-27.5746571571
-31.1164164448
-26.5696958983
-23.8713835838
-25.5831229136
-23.1029975141
-23.8537410008
-21.0640332139
-25.0151906039
-27.3929490894
-21.8054362991
-24.8894914628
-29.3451976875
-27.8603360582
-29.2182712532
-27.5459367786
-31.3368714774
-27.0518373024
-23.9051399271
-22.2656008799
-22.2742681430
-23.1675663004
-24.6359636079
-22.2443852090
-21.3697549508
-22.5328669093
-26.3808468848
-30.7365836635
-28.4224349370
-28.0154844122
-26.5808073527
-30.5411788626
-27.5283291160
-19.5364912352
-23.2803208559
-24.7894510491
-20.9517679840
-21.1755579366
-20.9889523953
-24.3513268367
-24.1579389585
-26.6718814829
-30.9442883173
-28.2732028353
-27.5865789339
-26.8272654376
-30.5198958640
-28.1655476525
-18.9255034216
-22.6577439866
-27.4369831409
-26.5910061096
-26.6142258216
-29.6372731161
-29.2653320893
-25.3858629656
-27.2678519349
-31.1398549318
-26.9687585321
-27.9841773829
-27.6251162342
-25.4594278466
-28.9418875676
-18.9686183285
-22.0914194711
-21.5300998252
-21.6315526592
-24.8894383910
-29.3940903206
-29.4323841649
-27.2897382044
-27.9161158898
-31.3833665350
-29.1897787579
-30.8243578285
-24.7402321715
-23.7425179251
-21.5668091122
-20.7087806078
-20.9023937580
-20.9689665726
-23.5671312681
-28.1604405231
-30.1537675936
-31.9300817986
-27.5891021840
-26.8815850243
-29.4099075815
-32.5625374503
-32.7228045741
-27.7996898914
-29.6584926733
-31.4093747731
-26.9567655186
-28.9124564521
-28.7071131233
-29.6703329644
-31.9598702118
-31.6868317128
-31.9489024823
-28.6837885520
-28.6979811022
-30.9030829600
-28.8639094873
-32.1507478293
-29.4481949589
-30.0918617862
-30.5961353560
-27.2213594852
-28.5881536075
-31.0472596969
-33.4949952196
-34.4018421707
-31.2678286478
-30.2156902232
-28.3536548958
-28.8075885177
-30.4782296498
-29.7769252819
-32.1034061238
-29.0536931941
-30.6306503086
-30.0832489025
-26.9035968718
-29.8347337139
-30.5396331597
-32.5421800906
-32.2123765896
-29.7103693292
-30.5527900327
-28.5540956418
-29.4404274383
-33.6278585492
-30.3822037431
-32.9166429145
-29.5759705910
-32.0657660393
-31.6251550485
-27.4418248995
-29.7922700037
-30.9134046988
-32.8140379312
-31.5369083086
-29.9893085776
-29.9398631627
-25.8570327757
-27.7277471517
-31.0796618756
-30.5180446388
-29.9644589804
-29.2494837842
-32.2977946493
-32.6462777286
-28.6488036703
-31.0159578948
-31.6327931115
-32.6790320516
-28.8570585279
-29.1701360266
-26.8723377875
-24.2169915040
-26.6500366351
-31.6238565531
-28.6642053538
-31.3316283972
-28.8922906820
-31.2602773157
-28.1076434234
-27.5876690650
-29.1258883607
-29.3695877057
-29.9288242231
-30.7589787185
-30.7905381425
-32.5108316940
-26.1040372080
-28.4482865317
-32.0750029024
-30.1787297886
-32.4116159212
-31.2215031783
-31.5213124401
-29.9711183453
-28.6936999084
-30.2694634306
-29.2594378627
-28.3047480250
-28.9296330157
-27.4271598302
-30.3176543889
-26.0459905579
-26.3663099946
-30.2959053440
-29.9738317967
-32.4601577209
-33.7363500156
-34.0963419539
-31.1113002611
-28.9460548430
-29.2938117037
-29.8414176721
-31.0209096924
