-26.1148159356
-28.2178631787
-30.2565356908
-28.1324153177
-26.7790033015
-26.7510091860
-29.2850771288
-31.0364861406
-32.8156095259
-32.0124886135
-32.5545058042
-30.5080801761
-33.1770487994
-35.2672442026
-31.6484471922
-25.6600498538
-28.2967927897
-30.7464458385
-27.3400070036
-26.3145213825
-27.4397885207
-29.5101900932
-28.4906285724
-26.1944899507
-26.7580892889
-28.4947790107
-28.7968551171
-31.1372580064
-33.8907345535
-28.1715403136
-26.7023936078
-28.2521153426
-31.0765393470
-27.0767296310
-27.1176786862
-27.4371359147
-29.8091281064
-30.8933515644
-31.5864572945
-29.0394281600
-29.9109692996
-28.9109469771
-30.7700564965
-30.8481989931
-26.9146849995
-26.9774698320
-28.6158888292
-29.6061215032
-25.9432418583
-26.9393365091
-27.9646991326
-25.8415663639
-26.0154551690
-28.6258584279
-28.9031522754
-29.8763922054
-27.6115580749
-27.5395570817
-30.8265133875
-29.1560457556
-28.4539102223
-26.5176833601
-26.5209560778
-27.0578610454
-29.3192943361
-29.2374648566
-30.8046581894
-27.7593881466
-29.8993827566
-30.2573655366
-30.3107180105
-27.0876934777
-29.7005317508
-29.4508682852
-31.4712831655
-27.7737787670
-25.2875598913
-27.3955680394
-28.5547390601
-29.1857098992
-29.4704307747
-30.2757175814
-30.3852110714
-31.1075848112
-29.6384615540
-25.6744145833
-23.1896726555
-24.9412089053
-25.9944233244
-26.4308399324
-29.7736551583
-31.5207933075
-33.1505862183
-27.5503086168
-28.9957785990
-28.3728445526
-30.7525096771
-29.3757680591
-29.3298969979
-26.9437471686
-24.7298716054
-23.5467557805
-25.8089673882
-25.6142577601
-26.7821647045
-27.8228435765
-30.5711019483
-31.6441492182
-28.6969687454
-28.8165315268
-29.5582425383
-31.0618768667
-31.2152218578
-29.1329412734
-31.3799138907
-28.9117962236
-25.6945013830
-26.1535641995
-26.2734092137
-27.9283575104
-28.4941524257
-27.8350877678
-26.8126780966
-24.7006385577
-23.4534044637
-23.1164210853
-24.6750394060
-26.4403137096
-29.3043444555
-28.1299905762
-29.8043044798
-28.2506446969
-30.8869511216
-32.5871591837
-30.0192678840
-28.2567564368
-27.8131587790
-26.3959676766
-25.7526580751
-24.4196835858
-23.5949415735
-25.4933252833
-26.9505178531
-29.0176583971
-27.8356703328
-28.5809583030
-28.2784873573
-29.9436562968
-32.3024033858
-29.0296928667
-30.6472352419
-30.3281211268
-26.0758333649
-24.5039352505
-24.4956861469
-25.5223589687
-25.1156077846
-27.0658900605
-24.7285524193
-24.4513271564
-26.8979395327
-25.6171369182
-27.5619016356
-30.0043128274
-30.6358830303
-26.6539476054
-25.6708221113
-25.6197519845
-25.5530795040
-27.3410827976
-28.2242351428
-29.5666974765
-28.6138511479
-29.3815457958
-29.0563704068
-30.6612154840
-28.6793209496
-27.0812904631
-27.0498294336
-30.1315110609
-25.2414143627
-23.5563641983
-24.8718721662
-28.6614944831
-31.0899447826
-28.4657673417
-29.9518497311
-27.7679764327
-30.5888856694
-32.5408544391
-29.9842208542
-29.9594204741
-29.7456972752
-28.1561748710
-26.8811862958
-24.6815576520
-23.6306553222
-25.4807859222
-30.5414274393
-32.6897719384
-28.3808010727
-28.7726838957
-28.2648437155
-29.8950433011
-32.3704351644
-29.0449922834
-30.0441744185
-28.9422241699
-27.9797370435
-26.4382540359
-25.2027269582
-25.7645100051
-25.1337035092
-27.9375464710
-25.0914482116
-24.5137313874
-26.9175784030
-25.5886586130
-27.4726502860
-29.9940843041
-30.6442732414
-31.4320934682
-32.7045353928
-30.8158201089
-26.1158878576
-26.9883624768
-28.1087956159
-29.4715324650
-33.5313342368
-31.8652062227
-29.5150409093
-30.8331377827
-28.6565388256
-26.9377156932
-27.0140949753
-30.1166375637
-33.7699639428
-27.5512316578
-25.8869467869
-25.6703469986
