-25.6185674289
-27.6107515215
-30.4593687962
-25.7566983811
-24.4729039835
-22.5201877202
-24.4443752050
-27.1656184746
-31.2268756717
-24.3013091003
-26.2454279024
-26.6095807439
-28.5062838886
-29.6698551501
-30.7962523498
-26.4934214963
-18.9312915181
-19.7449597785
-17.3946718003
-19.5902851821
-17.1007450027
-19.1963024149
-21.8178721079
-23.5181738912
-20.2830882518
-22.0442965312
-19.8538590861
-21.8796743489
-21.1512546696
-21.6895061130
-24.8772628213
-23.1663506760
-24.9838460912
-20.0569537966
-21.2497157301
-22.5238566043
-25.5659826322
-21.9083403791
-23.9970400229
-24.7102883974
-26.8606580361
-23.6367023266
-24.7851154767
-26.1823415524
-25.9965257298
-25.3281775288
-20.0232349991
-21.0705061448
-18.4615133001
-20.6176106479
-19.8908518949
-21.4499947009
-22.8794211802
-25.3642602173
-20.7840219607
-22.2008379064
-19.3135401620
-20.9630399403
-18.7762039500
-20.3235039392
-24.5072416121
-19.5327602414
-20.9746938126
-20.2892932124
-22.6989623252
-16.7286821374
-18.6390684141
-22.1824444324
-26.1722178803
-22.7145193750
-24.9501065860
-21.0470585614
-21.2820583654
-20.8861544724
-21.4097071825
-23.5937557251
-20.5115335520
-22.1744089283
-21.0200418777
-23.0422827065
-22.4356473754
-24.7900957368
-26.4322108995
-28.8037526520
-23.3452430657
-22.2273355041
-17.8877577718
-19.9531486773
-21.4621107360
-23.7274864686
-25.5115530653
-23.5363421258
-26.1696817833
-15.4554174436
-16.9859151758
-19.0298859372
-21.9029367749
-23.4474817279
-26.1326889903
-21.0397817017
-21.9159124063
-16.7452127138
-18.6160493736
-18.4413242299
-20.3675405948
-24.3098690157
-25.2382400395
-24.6294259609
-21.2193796877
-23.3843033174
-22.5126817262
-24.8979502941
-25.9299529254
-25.3996309128
-18.7345441576
-19.5430004199
-18.7088013157
-20.6021507045
-19.5906593281
-21.1013470771
-23.6369871430
-21.0254843223
-22.1865210831
-19.0862107889
-19.5261902232
-17.8939096543
-19.8808525110
-22.1806436610
-25.6656217391
-19.7638710935
-21.6482049166
-19.6868898101
-20.8376722106
-20.6230764085
-22.2812226544
-19.2017228552
-20.9472602338
-24.5907294801
-21.9021121187
-22.9935997916
-20.1257118696
-22.1014318027
-22.6283957287
-24.8664957340
-19.8036951505
-21.1804437008
-19.1675418864
-21.0243476627
-22.9337886195
-24.0865244218
-22.4870696401
-21.8702899118
-22.9257129952
-16.2594592556
-17.5953857800
-17.8931018053
-19.0860813178
-17.5727421693
-19.1022080006
-16.8922583097
-18.0897844566
-13.6377609091
-15.3651174487
-18.8635600637
-17.6187207061
-18.9139673757
-21.2044246333
-23.0412988347
-20.9360620635
-23.0843217971
-19.2704213666
-20.9857651057
-22.6005918928
-24.8488828847
-20.2595811502
-21.2277103489
-19.0697889655
-20.6608847929
-24.4927862644
-23.3903697653
-23.1533789334
-18.5831591180
-20.1439720093
-24.9150569594
-29.7090087111
-20.1146056040
-21.7645416181
-20.8346920536
-21.2520887066
-20.6969312634
-22.2604950344
-25.9614359656
-25.7873620444
-21.2960683929
-22.2820434245
-24.5202392699
-20.3628464276
-22.2154887361
-27.7986244456
-30.7836781228
-20.2146680570
-21.2753627690
-19.0240991262
-20.8736112127
-22.7919887074
-23.9998894206
-27.1885326682
-19.7667269490
-21.1606210032
-24.7247087896
-24.7199408322
-19.6451639295
-19.6136874035
-24.7959084165
-25.1500631863
-17.7397308452
-18.3632826701
-13.6192055984
-15.3394315568
-18.8611741409
-17.6268429416
-19.9277178278
-21.3693950613
-21.4662974342
-22.6627954786
-25.9932284034
-19.5414352552
-21.0475155786
-26.4852254813
-29.2252931532
-20.6070908412
-21.3240482835
-19.0132310761
-20.6389156636
-24.4432748184
-23.3611224739
-25.8129793054
-24.5184255469
-23.1073059038
-23.7909341532
