-21.8804459377
-22.9469040797
-21.8965700120
-23.7642566113
-26.1547112017
-24.6578706054
-26.7286879388
-18.4063975800
-20.9205671561
-22.8635741550
-24.2253390169
-26.1872545068
-22.6292579291
-23.3616131225
-22.7360146873
-20.5098272889
-22.6989946969
-22.9353654349
-25.2715588050
-27.5062033701
-26.5060553879
-26.7256845018
-18.9996754627
-21.3989711679
-23.4597039196
-24.8084788728
-27.9923126475
-23.7075394974
-23.9001493274
-21.8804381715
-24.3985805305
-28.3319822324
-29.8183170823
-32.3250715789
-34.6663402755
-31.7782333549
-33.2203902786
-27.6396713021
-30.1085580554
-30.9924391661
-33.3109154843
-35.6809640344
-31.6657131304
-31.5688781106
-29.3421049409
-29.3563220861
-31.8455479319
-31.5940513354
-33.2775514220
-34.0456252630
-32.6560544512
-33.7450004437
-27.6105690078
-29.9976120411
-30.9056151761
-33.1505939827
-35.6617083670
-30.7006874067
-31.8054468427
-29.9222749186
-22.5876123780
-23.2629617691
-23.4001788467
-25.4407366120
-25.8844611798
-23.4650298468
-25.4906739773
-20.2741646617
-21.9469294095
-23.6870487908
-25.8187402199
-26.2416064103
-23.6024113335
-23.5262301150
-21.4092126494
-21.7467954419
-23.3951118359
-22.5542340706
-25.5668409474
-25.3807972780
-23.8784378233
-25.3054950834
-19.6776451749
-22.2783836215
-24.3583111401
-24.4542296116
-26.6202585948
-22.9980492970
-24.1678347920
-21.4521683158
-21.4454597705
-22.5284718034
-22.1710171223
-25.1781751245
-25.7622923836
-24.6885626578
-26.5288724691
-19.8043139769
-22.1182445986
-22.5031108590
-25.1482481809
-26.7274529096
-23.6147111959
-23.7829931608
-23.0252433765
-21.0370100251
-22.2606348543
-21.3726185804
-23.9535276992
-26.0030659757
-25.1143895779
-27.0823300074
-19.2052583700
-20.9198654887
-23.1117502153
-25.2702745754
-26.2143398396
-22.9333821281
-23.6618302511
-21.9982196300
-21.8305745901
-23.2175683986
-20.7366685905
-22.8972204436
-24.6280692352
-23.8968157685
-25.6078741534
-18.4443095412
-20.6509151848
-22.2457937184
-23.3642722029
-25.6566399154
-23.0372247713
-22.8203634558
-22.9362988295
-22.3014945841
-23.1553894245
-22.2406995220
-25.2612603686
-27.2908256832
-24.9524264971
-24.6870570482
-18.4438499667
-20.6729348045
-22.6559393542
-23.7612842446
-27.0842006871
-23.4297653163
-23.6055131621
-22.1846620587
-22.2502432096
-23.4440251854
-22.6612510397
-25.3542517836
-27.0214171504
-23.7071757225
-25.2205534086
-17.7577113873
-20.0005693829
-21.9006557274
-23.2041305949
-26.5124351041
-22.9373008378
-23.5850172730
-22.7513257616
-21.9457927712
-22.9646437959
-23.0888632264
-25.7243118132
-24.7475647149
-23.7124705797
-25.1026010777
-17.5481955149
-20.0141185199
-22.6481912558
-24.2513356018
-27.1534066687
-21.5642768973
-22.1097029262
-22.1766433943
-22.1981658902
-23.5413405242
-23.3089623010
-25.1277018056
-25.6000716813
-23.8109290369
-25.9500229005
-20.3581134029
-22.0126840340
-24.3371032307
-26.1413174136
-27.2843074419
-23.1178399480
-23.4159818581
-22.3293514929
-22.4997539965
-24.2260212622
-21.8846352218
-25.0021968538
-26.1530748416
-24.1111591060
-25.2724624263
-19.6404232275
-22.1661507612
-24.6977166752
-25.4031444234
-27.8823129702
-23.4175819633
-23.2458020270
-22.6626466055
-22.7343912802
-24.9165910563
-25.5915791967
-23.8687167750
-26.0127857286
-30.9844075375
-29.8347414900
-26.3743610330
-26.7835563827
-27.5102502461
-23.2216165679
-23.4627177146
-22.3138138687
-25.6882290994
-23.3952878946
-21.3582279601
-24.8036319374
-26.1696701413
-24.1752217025
-25.3052271064
-30.3286622469
-30.1314139758
-26.8029246840
-25.7100001684
-28.0294167776
-23.4924388211
-23.3314143074
-22.6512853166
-26.1738399947
-24.3215927893
