-25.1032548452
-26.3317704474
-29.8478155091
-31.1920202862
-28.8855834463
-28.1263113638
-27.4754375357
-28.9798875609
-32.3661565538
-31.3247658274
-32.3859922022
-31.4682124110
-30.8269004707
-30.9936936165
-28.0841725884
-26.5747448338
-27.0822303327
-29.5515883597
-31.9176939086
-29.5978232055
-28.3639908766
-30.3512165349
-31.9773976186
-33.0848121995
-32.2911534363
-31.4472660146
-32.6399239124
-33.2985625513
-31.8560845692
-27.2557346331
-28.1780779717
-30.0746166102
-34.1480321613
-35.5677978308
-36.8739117479
-35.6124001896
-34.9012868656
-33.8887823163
-33.6084954410
-32.7259802058
-32.9397525686
-36.0146085252
-38.2149392834
-35.1672594953
-32.3411878779
-30.3577270110
-30.2588025259
-33.9635977087
-33.7018350741
-34.7630717184
-34.2812062051
-34.0616496443
-33.2781572886
-31.7087050327
-30.6641956231
-31.7313214491
-34.8872690881
-36.4687090388
-34.4073739376
-30.8001310192
-26.9172236862
-25.3406806450
-29.0262984540
-31.3165801617
-30.8876152539
-28.2941013579
-28.4819043576
-26.4713527150
-26.3877379924
-26.3690364010
-26.2135850962
-27.9336886102
-30.2149277153
-26.3129510464
-23.8368699553
-24.3997171846
-25.4686944983
-28.9701095437
-31.9838122893
-32.1285599310
-28.7237161857
-28.1914199730
-27.0559346992
-26.7514571240
-26.5917440428
-25.9775186178
-28.6779771652
-30.8482831446
-26.7252003260
-25.3841230708
-24.0699692580
-27.0996450920
-31.5845387127
-33.0924463701
-31.7584469060
-27.7709863412
-27.9427377748
-27.0589096592
-26.6332704803
-26.7579934902
-27.3394801118
-30.4421676646
-32.0213086744
-25.6173828835
-24.4909156008
-25.1663063666
-28.7601212308
-31.7678455973
-31.8052487731
-30.7319684871
-28.7226999359
-29.3691617875
-27.9362454242
-26.7276768713
-27.2753968082
-28.5281340222
-29.0724478692
-31.2274077852
-28.4336007625
-24.6929979072
-24.7265354567
-27.3824746034
-28.4234589779
-28.7635143485
-28.5469171713
-25.7763567665
-24.2772299140
-23.1044578135
-24.0731681805
-24.7255321539
-26.0153127638
-26.4228911823
-27.3895831800
-27.6659358683
-22.4491719187
-23.6268518234
-27.3686872589
-28.5492720129
-26.4038374521
-27.3145321384
-25.9212830923
-25.4975068041
-24.9068894298
-24.2903764359
-23.8306779497
-24.8576330174
-26.5714565836
-27.6581126832
-29.4579108314
-26.2674191559
-24.8280387782
-26.5983762018
-27.0742233164
-25.7174013132
-27.9857736874
-24.6135413852
-24.4241343737
-23.7311825278
-23.6508689899
-22.9243381487
-25.0306622184
-26.7955986206
-26.5889257224
-28.4469880751
-27.4690345111
-24.5708109824
-25.6483571565
-28.0875385108
-25.6969818080
-26.2062629142
-24.6551338531
-23.4076188335
-22.9106750863
-23.0691143147
-22.1665171398
-24.1048402294
-26.1960861730
-27.3226362487
-29.4082543987
-25.0947856578
-24.1062319116
-25.6265511473
-27.3388677724
-25.8733484527
-27.5862851654
-24.7101835377
-23.2194028288
-21.8670443832
-23.1371448172
-22.9436145390
-24.9211583572
-28.0390446091
-29.8396544409
-29.2563334453
-26.1572848386
-24.4087974122
-27.2860939650
-25.7964603961
-27.0324340780
-25.6006464812
-22.7873411508
-22.1900332996
-22.3338450027
-23.2778624577
-23.2043649158
-25.5715597155
-26.8683116370
-28.5245959156
-29.9103724975
-25.7178142849
-26.5797238074
-25.6582231962
-27.5055340676
-24.7129112306
-23.2103925089
-27.1067769581
-25.6824461901
-23.3752049843
-25.0324319191
-28.0750845888
-29.8714559440
-29.2862668614
-26.1898825160
-28.4323320641
-25.4897561126
-24.5223041366
-26.5702293152
-25.5004843543
-22.7689800343
-22.2114625859
-26.4911689273
-25.4470386569
-23.5701178820
-25.5282247401
-26.8543793020
-28.5413129042
-29.9506315302
-25.7140418609
-28.4181666991
-25.6363938841
