-23.3061193904
-23.1957973444
-25.2262288723
-22.8047701556
-24.4013949548
-19.0260280565
-19.8028070772
-23.6025239582
-25.8190677534
-21.6296392617
-23.3818682067
-24.3130718238
-25.6077343348
-25.7454562927
-23.9645834699
-22.3665177688
-21.7412507304
-23.6924239086
-22.2834959514
-24.1705974313
-18.2670534690
-18.9579600050
-23.1636346372
-25.3815364878
-20.5639189845
-22.1946601357
-21.9823272876
-23.2924692682
-24.2388402571
-22.9301702595
-22.6982037111
-23.7973164639
-26.0373246076
-21.8609792392
-23.5745893695
-20.9272536962
-21.9263403109
-25.5097095716
-26.7207249465
-22.0631923115
-23.2509337581
-22.8271652102
-24.6152075142
-25.7513453641
-23.3140642659
-23.0817313533
-23.4714730038
-25.6586711204
-23.3232545300
-25.1920763852
-21.8992718055
-22.9351647655
-26.9867105898
-28.3268763924
-21.0533334540
-22.2899986477
-23.0521630016
-24.8793755845
-23.7146597217
-22.6616161153
-23.9668101587
-24.0951437813
-25.9767146755
-24.8864038973
-26.3064082061
-23.1745557674
-24.4563384922
-28.2041975361
-28.0485274579
-21.9540328052
-23.6311653756
-23.0358654507
-24.3357892176
-25.2121774366
-24.3404096035
-24.1174054854
-24.4927396727
-27.3358190109
-26.3578459953
-27.4362219307
-23.5792317608
-24.3517812428
-27.6339000390
-28.5716178715
-22.1945332709
-23.6730361751
-22.8089969858
-24.1871577810
-25.2173829683
-24.8729660959
-24.9090306760
-25.3575879390
-28.2647479061
-24.9521921696
-25.9452419915
-22.5166366805
-22.6999798785
-25.6950917124
-26.1067092462
-20.1087488909
-21.3063085613
-21.7752219669
-23.6796269198
-24.9456791136
-24.2379754736
-25.0837596716
-26.6146426803
-29.6166296480
-25.9922056874
-26.9774465302
-21.8534136729
-22.3358075890
-25.7596799065
-26.2950158537
-19.0060215195
-20.5941216762
-22.7740069133
-24.9449761483
-25.4960542798
-24.2873742919
-24.3903948701
-24.7624990617
-27.3285874584
-27.9504522124
-30.3468473018
-21.2777538675
-22.2698652429
-25.8726312518
-24.8610351890
-20.0636558722
-22.0678139848
-23.7055730229
-26.2333495259
-25.8840520866
-25.5299892666
-26.2952579423
-27.4255441905
-28.1286157272
-26.4463710878
-28.8600451358
-21.2773654930
-21.6856301182
-25.3147319571
-26.4147055152
-21.1637810894
-22.7205417830
-24.6896980098
-27.4336935964
-27.1214381609
-26.6595091500
-28.2362890319
-26.3590331237
-25.7896172143
-25.6526409434
-28.4452222515
-22.0934506676
-22.0207182414
-25.1108346437
-26.7035742701
-21.9956369187
-23.3067692610
-22.9330817821
-25.1828408081
-26.1059208417
-24.9051870512
-24.2461481954
-23.5871028539
-26.2068843081
-27.1809218031
-28.8593823175
-20.6186385513
-20.8968024410
-25.0311515677
-26.9352016055
-21.9073642656
-23.0979292068
-23.2674449219
-25.0121509282
-26.1347551596
-26.7786330734
-25.7587335639
-24.3114587737
-25.2956225747
-23.9884038532
-25.9219420263
-21.6795274357
-22.5888279966
-26.6690269393
-27.5151386044
-21.2713663877
-22.8091859863
-25.0505237622
-26.8457806603
-26.7719944364
-26.4981687733
-24.7860760611
-23.3178574051
-25.5366007092
-22.3045705164
-23.8956014342
-20.5969891918
-21.3011768296
-25.4405475986
-25.4640288078
-20.3631338242
-22.0178429552
-25.0713795451
-27.4220578648
-27.3962956074
-25.6700466521
-24.6413879389
-24.6424572670
-26.5943901720
-22.8656195953
-24.5162208653
-21.6052880865
-22.2318820878
-25.3260362845
-25.4233529134
-21.2170973328
-23.1399903066
-25.4929343286
-28.6524362686
-26.8199911950
-23.5004251289
-23.4245429595
-23.5583475054
-26.1674680463
-23.4469017495
-25.0611561850
-21.4080047924
-21.4439878251
-24.5254836355
-26.2491603199
-21.0802103639
-22.8586081060
-24.3263141485
-25.8927374647
-24.7087064150
-24.1137935905
