-32.9739257462
-36.2170001588
-32.1690610390
-32.8871367135
-35.5575472950
-35.9861444770
-34.9226604735
-28.7199579992
-27.6912048905
-28.3150309304
-27.8082445282
-28.9979806896
-28.2821704505
-29.5515404635
-28.1110235940
-30.3125355970
-34.4274749661
-35.2205912473
-37.3252133454
-37.0276826244
-35.8891528253
-30.3603407767
-28.3905855575
-29.2291186596
-29.4044547912
-28.4190949301
-31.7481083348
-33.2324506437
-32.5410007265
-33.5478182043
-34.4410668222
-37.1543241556
-39.3264341620
-38.4216289260
-34.3643483811
-30.3681704337
-29.5492788240
-27.8805471572
-29.4008778459
-29.6674072010
-29.2354362395
-32.1464989977
-31.3413727701
-34.2573521552
-35.9488811226
-35.8016582528
-38.3589929938
-38.2002198462
-37.5867701214
-31.1960438531
-31.0862021360
-30.7329225976
-28.8980347736
-30.0211269078
-29.4693057782
-29.7612957503
-32.4248142371
-31.7233843406
-34.5500359821
-34.5156958054
-37.1194467216
-40.1628606511
-40.7847186550
-36.5129476014
-34.9465831013
-35.5543354118
-36.5620382833
-34.5251682746
-34.7940653741
-33.4805696342
-34.9608999227
-36.8493819182
-38.4980677065
-40.5839012516
-38.7772153053
-37.7173925071
-39.6311938277
-36.5573104737
-35.1352417962
-34.5580067545
-32.6761826701
-33.2421988703
-32.8930089565
-33.8390741068
-33.0266762362
-34.6485850274
-37.7149910546
-40.2684820033
-39.0100853645
-39.4887363434
-37.7757783194
-33.3346711299
-32.9465504383
-35.8856315443
-35.2322606386
-33.5348114984
-33.5919260389
-32.0938715011
-32.4623779423
-34.5506949286
-36.5427217926
-38.6148238081
-39.0661823432
-37.9391084155
-39.0874018960
-31.8543679365
-32.1658465852
-32.2992873153
-35.5801015597
-32.0789837545
-31.4147188288
-32.1008544942
-31.5618536895
-31.9735099744
-33.7187527202
-33.7403347589
-35.5005130299
-37.1786002273
-40.1541183250
-39.1835792384
-30.4356015188
-32.4537637590
-31.4058314949
-32.8773366929
-30.5728988296
-30.8284591518
-30.6511565527
-31.0462123779
-32.2995449407
-33.0932736125
-33.2556781012
-34.8319138981
-38.2372954761
-36.5822118315
-34.0248342147
-31.7829042200
-32.0407507587
-32.8858783759
-35.3306685721
-33.0794267114
-31.5002818926
-31.7477199671
-31.9713959180
-32.7395189858
-34.4035329034
-35.3408595501
-37.6219504848
-37.9025376647
-37.5192937307
-32.3264231199
-31.1268301172
-32.0214381322
-34.3521119512
-37.0221637973
-32.6379250654
-33.0060314765
-34.3303939905
-32.6012235632
-33.2330202614
-35.2289413223
-37.9719041492
-41.5493111570
-39.0892622101
-36.6579722614
-32.4088623479
-30.5629149862
-32.0676211827
-34.6746553884
-37.2102321365
-33.9195766242
-33.6335327314
-34.9734121182
-32.8298163397
-34.5742473244
-35.4574512302
-37.1821344512
-40.6046936092
-32.7459142262
-31.8977935288
-30.4730526007
-31.7255825450
-34.9795406737
-34.6787993599
-35.9368984340
-35.8291099437
-36.1273488181
-37.5572225016
-37.0425185773
-39.0680491374
-39.1774170097
-38.2895928545
-37.8729317857
-38.5185338231
-36.2269477562
-34.1908052723
-32.0056804340
-33.4789397724
-33.8654241062
-37.2342544613
-36.5538267491
-36.0109280260
-37.1051972302
-38.2511682616
-39.3889496941
-38.7448985866
-33.9641854578
-35.9315686246
-37.4974540687
-36.9777633999
-35.3243794650
-34.6620189400
-35.9529305828
-35.8456871129
-36.1205483597
-37.5901049751
-41.5916842288
-42.4890092671
-39.9992638862
-38.4493136398
-37.8980363889
-38.5469176105
-36.2101026079
-34.2400966239
-33.9787637913
-34.8165601048
-34.2652983352
-37.4259489285
-36.6048515465
-36.0135521511
-37.0785572478
-41.6826935833
-41.6411542302
-39.2285324296
-33.9472406250
-35.8665687739
-37.5084489841
-36.9783744444
-35.2805240809
-36.4701084842
-33.5178239469
