-32.2749180321
-32.0644507457
-34.7829876191
-31.7386876391
-28.2792485721
-29.9358395874
-32.4611869218
-27.9101193813
-30.5718191411
-31.4287379002
-30.8580715045
-30.6117195819
-30.6799533224
-27.5430913026
-30.0248850828
-31.0949962579
-31.7766021787
-34.1262158064
-33.0818721935
-30.4351769068
-30.1800088503
-32.8598986286
-30.5042896678
-32.6744246182
-32.5908319244
-30.2248235279
-30.5748497775
-31.5128380785
-29.4070737370
-29.9853083076
-33.5469158760
-37.1001677637
-41.5703352268
-44.5216674396
-40.8020622222
-39.7666398363
-40.1770130736
-39.0102704930
-40.6031193992
-38.7451950476
-36.1817291819
-38.1817836520
-41.1752381244
-42.4152049500
-39.6548497879
-41.4658039329
-42.2549987238
-41.8119916083
-38.0080412100
-38.6192098660
-39.3476951439
-40.5452954472
-40.5482263889
-39.4165256645
-42.6387228755
-37.8619019171
-38.1282162943
-39.8415652608
-44.1474093014
-39.9295232810
-32.0234330788
-32.6928465766
-36.9825067549
-37.4257987604
-30.2324874718
-31.2160995831
-34.1392859478
-31.3504478213
-32.7512984199
-32.2204237383
-28.9004867180
-29.2601938983
-33.1003511041
-32.3638806765
-32.7755007028
-31.6736217570
-31.1446384426
-33.4808932929
-36.0434402465
-31.6894700742
-32.3452205146
-33.9617645857
-29.9816743997
-30.6099304670
-31.7091167137
-29.2994936473
-30.5802857450
-33.9443472252
-34.5483737435
-31.1444105958
-29.6027555802
-30.0297475569
-33.6705941188
-36.6698254892
-33.8468040582
-33.8783103969
-34.2157791364
-29.6258768763
-30.9319120963
-32.6206216301
-30.6937807930
-31.3834727066
-34.6801185463
-33.2671714348
-33.4757149587
-33.9868458893
-31.4338942273
-32.6551223458
-32.3669540235
-29.9277833749
-31.7356440683
-33.1395563434
-30.4990388228
-31.3712971264
-31.6319684605
-30.0214868048
-28.6881306087
-31.4572148950
-32.5402382083
-29.3062837466
-31.1151192969
-29.2815079633
-30.0201533796
-30.0846988444
-27.4430185075
-30.3648213317
-30.7536605665
-27.8188601304
-30.9007138612
-32.6304151804
-29.3150998788
-31.5802018481
-34.3348849065
-31.3235230220
-33.1024871688
-34.4781567061
-32.2476592273
-33.5409620770
-34.6783009524
-29.8567481509
-32.7478884661
-35.5192780496
-31.3426712414
-32.8179216874
-33.7808552948
-28.6462378040
-31.5427417095
-34.9496085680
-31.4011606224
-31.4431311023
-34.2196551188
-32.7627490196
-32.8304221967
-34.5050025175
-28.5809505349
-29.1764820884
-33.3737041824
-30.6498697326
-32.5481882647
-32.8795841043
-30.0815607678
-32.4469464739
-33.9448935476
-30.1035790839
-32.5118764233
-35.9096758855
-35.9568065518
-34.9230009432
-34.3456299620
-31.4109438160
-32.0260455635
-34.1140997815
-32.0550753541
-33.7091481805
-34.4158262906
-32.0417022773
-31.5165703715
-32.3066237333
-31.5846267410
-34.4883929828
-35.2666603664
-36.9579083280
-29.8513859753
-29.9037804645
-31.0154284207
-30.9644890575
-32.9171775808
-30.8140400549
-33.0475009405
-34.0730251662
-31.2186991074
-29.6395334690
-32.5918675846
-31.1749822359
-33.5725926809
-33.4379104507
-30.7111890880
-30.9200795830
-32.1525149466
-29.6781432008
-31.3314963781
-33.0336268674
-29.5599280826
-31.2360064293
-33.4383493293
-27.8189960599
-29.5334149637
-32.9777434800
-31.5696224880
-33.0670310431
-29.3315139287
-29.7689985354
-30.9992525703
-30.9641330464
-32.9227015784
-37.2760980533
-36.8335232625
-35.0126005177
-31.3810207532
-29.6757300912
-32.6375431605
-31.2022513925
-33.5914185472
-34.1876089519
-34.1566644614
-32.4854733533
-32.5813659137
-29.7138582370
-31.3491480562
-33.0040391097
-36.9765671955
-35.6383009602
-34.7528457856
-27.9833890621
-29.5888763196
-32.9909560225
-31.5691810342
-33.0474361930
-33.8351010217
-32.8800760364
