-17.1032500285
-18.8402290148
-21.9810728214
-23.4308333466
-26.4832046355
-30.3843566319
-23.8429311922
-22.7728145882
-20.8241114121
-21.6265089449
-25.7431467213
-29.0868384637
-27.9205252641
-26.9586077166
-21.8828214964
-18.3116014881
-17.6755711667
-20.0511410917
-22.2145799424
-25.2755564706
-25.8290748825
-20.6548183559
-17.8432330484
-17.0214684036
-19.2922131374
-23.4343196409
-25.1922162084
-23.6394895764
-22.4987416228
-17.8390942552
-16.6510380236
-19.5956175832
-24.6808171292
-25.8574858876
-28.0652276066
-28.8490062085
-22.3373002369
-22.6039746455
-22.8443806113
-24.7741593843
-28.8539761171
-28.2603993982
-26.4734460603
-25.8320213707
-18.7208901484
-17.4137902547
-18.7234094310
-21.7031704632
-25.4372192181
-29.0871634092
-28.4463381612
-22.5461946715
-22.4656170378
-21.7346211445
-21.1471055238
-22.9425697891
-25.8265646881
-24.0067791969
-21.2306982369
-18.2906550790
-17.8817327726
-19.1693892652
-22.3673579437
-25.4425386749
-29.2224515260
-29.1556806663
-23.8932452856
-22.6059696111
-18.5523686641
-18.4619482808
-22.3826728839
-25.2336144827
-24.1750339776
-24.6518559488
-20.9269481685
-19.0293551520
-20.8717353603
-24.3528958758
-26.8733851184
-30.4897410948
-30.1836699270
-23.6176071680
-20.1067358101
-17.5050443537
-19.4616563734
-23.8836795842
-24.8795400015
-27.4100259723
-22.2301227368
-19.2799288202
-19.4198606635
-22.3044734153
-25.5017646930
-28.1177865072
-32.0102464263
-29.8862181025
-20.9924684710
-19.5682720381
-20.0253840119
-22.8687939082
-27.9008915541
-26.3235316941
-27.2452368308
-24.0601523934
-19.8739666036
-20.5580389743
-23.2733870627
-25.8846877203
-28.5152774825
-31.7380908239
-27.6067072427
-21.7327245726
-22.6219435052
-22.4307732562
-22.8695460725
-26.6346362400
-26.9465486483
-26.2518232835
-26.5615348694
-22.1637622488
-21.2984284254
-23.6269877457
-27.8800241306
-30.9645265944
-32.8072387623
-26.8067618271
-26.4675259163
-25.6357556466
-22.2608212644
-23.7728254662
-28.6919314841
-30.5752925214
-29.6003321128
-29.6417368509
-26.2998213472
-23.6407103677
-24.6968971942
-27.7214904227
-30.8034917625
-31.5750701169
-26.5927654577
-23.2061294285
-20.3585043675
-20.7089048762
-23.8504216603
-28.0297248566
-30.7994927848
-29.6583321498
-28.3169507896
-25.1986269952
-24.3878160513
-26.0561349391
-26.1809304517
-27.4064283285
-29.7505247941
-27.9830938968
-22.0289323802
-22.8242614369
-23.5596097174
-25.2684725028
-29.9090610535
-33.5460679209
-31.4193353181
-29.2041706848
-23.9777947094
-23.9220368923
-25.8856677255
-24.8690383175
-25.9094259752
-28.9717912046
-27.3786659044
-25.1198760256
-25.0290957622
-24.3631723043
-26.1309464776
-30.2109779136
-32.8016034320
-32.2073704304
-30.5480401832
-25.3018935382
-20.8827652350
-21.0555497885
-22.8280986049
-25.3258563284
-28.7354930101
-29.4625881482
-24.2344088750
-22.4228167312
-21.9213199060
-23.7399054401
-28.0652483130
-31.6605192470
-28.7071014642
-27.6328941384
-24.9749432260
-17.7764064894
-18.6845213381
-23.4865989354
-25.5193684817
-28.4513624733
-25.1771239110
-20.2729205666
-18.8319229515
-19.0162138013
-21.4016211831
-25.1439734459
-28.7175837229
-25.5039551314
-25.2222428374
-21.9793083045
-18.4027623836
-20.3593963463
-23.4726212987
-25.3289439245
-26.9925245724
-23.2501492321
-19.3713369700
-18.9117704525
-20.0655796236
-22.3870227129
-25.9339674398
-29.2854396150
-27.6419601302
-24.0023724323
-17.0917735110
-17.6389848636
-20.4771817015
-23.3075201228
-26.3429038803
-29.4576260091
-27.5167231593
-23.3957164003
-23.6802340802
-24.1638875958
-24.2315828029
-26.4550266801
-29.5951938946
-29.7580023224
-26.8544051727
-19.8213118853
