-35.6057822682
-30.4721761683
-33.2458806673
-33.8812776040
-34.1968548845
-38.0944509018
-34.2973794586
-34.4511969588
-34.6273020442
-37.6442328858
-37.5484128453
-33.4639251652
-36.1992034904
-33.1579433477
-34.6198012131
-33.2295184078
-30.5236722072
-33.3043661691
-33.9242733830
-33.8674061179
-36.9997894778
-34.0513796948
-35.3012814764
-35.3556916198
-37.6315627815
-36.9767122010
-35.9094972403
-38.0174101240
-32.1016170052
-32.5818203099
-36.9710419090
-36.8875450295
-39.7269271252
-43.6312193137
-47.1394844366
-49.5068443110
-42.7643999306
-42.1332882787
-41.1577741694
-43.4690440217
-43.8057009347
-44.4334802939
-46.9762760890
-39.5896104454
-38.2182767276
-39.9767277533
-36.7206988337
-39.2972477263
-39.3125846895
-41.7584475507
-46.0430704751
-42.0569064444
-41.4319660642
-40.7041436700
-43.7512196004
-44.7960017104
-45.0144267235
-44.1857549284
-40.1316184309
-40.5524389661
-39.8220830451
-32.7374411687
-35.2055015468
-36.3281908333
-36.9642945363
-39.9052368571
-34.7257643448
-34.5160984266
-33.3633358522
-36.3385837560
-37.8234281338
-35.2632323104
-36.9691815940
-30.5515019169
-32.8092505479
-34.7916328687
-31.2156788385
-34.1845563046
-36.7671459779
-39.5464101185
-41.5204522684
-34.8352060279
-33.9549304682
-34.0983524435
-37.5636941273
-35.0771032524
-34.1108633206
-36.6383308166
-30.4341399377
-32.9826292365
-31.7538084013
-29.5819101535
-33.4713004026
-36.5161724317
-39.0988110648
-41.6180419796
-34.8502555840
-34.2149117657
-33.5066542657
-36.6863068618
-35.4666932772
-32.9615844626
-35.2693466321
-30.9697955597
-32.7687105945
-35.4946278432
-32.5146481309
-35.6215334703
-37.6282926589
-37.9622892641
-40.9632743568
-36.1032410391
-36.7266565176
-32.9133689090
-35.7473426098
-35.3467279077
-33.2810480990
-35.9426917029
-31.6734172048
-30.5777121055
-33.4639601131
-32.6426308850
-36.0062636180
-37.7701753503
-38.8793568242
-42.1434533580
-38.0629717660
-36.9083865610
-34.5226555027
-37.0160430012
-37.4744402288
-36.5927471717
-38.5160534044
-31.6572387660
-33.1102585701
-34.6099662437
-33.2709140730
-36.4118754154
-34.3159515871
-37.1630406002
-41.1531408454
-36.1735279797
-36.1894190193
-34.0625221940
-36.7829981711
-37.3184413683
-37.0589740518
-39.0015902939
-33.6297874823
-34.0054089499
-36.7008023402
-33.0856148395
-35.7874514624
-33.9582044749
-36.4345164370
-38.7720745261
-36.4295659467
-36.5481642325
-34.6771306472
-37.1575308484
-40.0102264452
-38.2157419182
-40.7068868880
-33.8898153865
-34.2141531323
-37.0002205757
-34.8135178374
-37.4351935628
-35.8198212900
-35.5852760286
-37.3120953111
-34.9473935349
-34.9859631258
-33.9032195375
-36.7221345243
-39.1594960651
-37.4478209455
-40.5074870583
-34.3947840825
-35.9723027556
-37.1192784399
-34.1751382070
-36.4500475809
-34.3339566885
-34.8870541925
-36.3755053463
-35.0775641266
-34.7653398333
-34.6121282017
-37.7055289183
-39.6863172782
-38.2114853239
-39.6513777002
-33.2699949214
-35.5971629072
-37.2135825274
-33.4345730208
-36.1658666093
-35.7056220040
-35.0851982996
-35.9107853529
-35.3074411167
-36.0849770295
-35.2989162691
-38.2328783497
-41.4553643982
-35.1988875130
-37.1321013043
-35.3303980023
-35.8945499530
-38.1859405660
-34.5438245669
-34.9521576123
-36.3672743711
-35.0338252548
-38.7497778624
-36.0056797670
-38.2172514035
-39.8273196447
-38.1658951987
-39.6387308943
-33.2849318518
-35.5903352619
-39.1088751854
-38.1820399816
-39.9349204038
-36.3764283813
-35.2024644596
-35.9930666273
-35.3462087793
-39.4373762397
-36.3992583989
-38.6324249890
-41.4250076652
-35.2195788761
-37.1463093811
-35.3393720701
-35.9182434595
-39.4107090855
-38.4380119066
