-25.9952518496
-18.1791135158
-17.3639616278
-20.9043097407
-17.4283155183
-17.7409219033
-17.5744510309
-19.8849628271
-22.3635920048
-23.7709159682
-21.1083909272
-23.0430905400
-24.6121587731
-23.0872812445
-23.7723387189
-22.6173801020
-18.8566806331
-20.9818010953
-23.1765300171
-18.3367734331
-21.3739105680
-21.4930565317
-21.4068306138
-22.9074722795
-23.0999630109
-21.5355642736
-22.8778832170
-23.1172716284
-21.4441535358
-23.5609043063
-21.4415669499
-22.5225102312
-26.1695834016
-25.1054996565
-24.7186889690
-26.5881088405
-23.9276320969
-22.0747374483
-21.5845319998
-23.4185153651
-22.6260745450
-24.0156859659
-24.5851459384
-20.0384787566
-21.3234372438
-20.3243739170
-22.7013599078
-26.4873576776
-21.5645940717
-21.2520977737
-23.5725426405
-22.8310140180
-21.4469614928
-20.6062040682
-23.1323431983
-21.2202185863
-23.0681433740
-19.9695588648
-17.4937283857
-19.0259957050
-22.7236941022
-18.6949816110
-20.6966335074
-24.1829167192
-23.4459748331
-24.2538846430
-22.5303800240
-22.8936227979
-23.2501259501
-24.4364122298
-21.8210606793
-23.6698968122
-24.2859372982
-22.2138951088
-19.2527878213
-22.0949847640
-23.3031962150
-25.7863846283
-27.0597576133
-23.2415622598
-23.4475063297
-23.3806668446
-23.1980149704
-22.6214567559
-23.6633047864
-17.9712624824
-20.4660676779
-23.5301384678
-23.0058181092
-25.1057352622
-23.5522927241
-23.8161164439
-26.7570963370
-26.2983921343
-22.8876560466
-24.6561539852
-23.4149552538
-22.1035238683
-22.1940568747
-20.7724664924
-16.7349932551
-19.6355219211
-24.1769279596
-19.3723234515
-22.6868216950
-26.2994498076
-24.7852941329
-25.9632820534
-26.7031600010
-24.8091145184
-25.6012432863
-23.3523891969
-22.4994510653
-20.1744543434
-23.3735310715
-25.4913290374
-20.5092045922
-22.6030088910
-25.7518269456
-22.1859346380
-24.9319370780
-25.9449701343
-28.5687594217
-27.8561921123
-24.1658799679
-24.9080972781
-24.1235806620
-22.8529896197
-21.4437081972
-23.6264038972
-21.5563372024
-23.5642689376
-26.1202570903
-24.3991436823
-26.1273643664
-24.8228034699
-23.6883627951
-26.7829207295
-28.3919526329
-23.0034295966
-26.2624686545
-24.2719881349
-22.3423646750
-22.9379092971
-23.7750223957
-23.3910079994
-25.2023761256
-27.2279230431
-25.9088900203
-27.0495446226
-26.9483325868
-25.4612519198
-25.6965934369
-27.5350596933
-24.2773593713
-23.9188586878
-23.9787941433
-22.3534618682
-22.2470455841
-23.9390076259
-23.0931068826
-24.5839795154
-27.0837009796
-25.4407573287
-26.5451997853
-27.7768637626
-23.4934641370
-23.3702454258
-24.4110836488
-20.4869558327
-20.8237023367
-21.1361416807
-20.7184874227
-21.1547966693
-22.9312939609
-22.4510335395
-25.0751752680
-28.4956036611
-24.6977632756
-24.2620392410
-26.0008600036
-22.8516911479
-22.3026545367
-22.9885133773
-19.9924277361
-21.1938439799
-19.0262843981
-20.4748035551
-21.7189281797
-23.8045402541
-23.4739288342
-24.5207985322
-28.1184117927
-26.4441547525
-25.5697395330
-24.5223183779
-24.8650509945
-23.3284264057
-22.7514202672
-21.2546325751
-22.9564218783
-22.4541690278
-22.1344605954
-21.5193767668
-23.6576098994
-22.7370762506
-23.9251982749
-22.9684006847
-20.6054907495
-23.2569885443
-23.8660615793
-21.3715777308
-20.9889407442
-22.7189779335
-19.3765295651
-21.3831099040
-21.2163646049
-20.4803521527
-21.1358348641
-22.8700923963
-20.6832552534
-23.5222440774
-23.1097643224
-21.7009450820
-23.4961944197
-23.0607707072
-19.9920044063
-21.2207998556
-22.7962932149
-20.6823775264
-21.8919198591
-21.3681134212
-21.2095486081
-22.1039174217
-25.7424515524
-22.3376329578
-23.0951290249
-23.8870235190
-23.6150594425
-24.1921510076
