-30.2530377289
-29.5250040446
-30.4264889424
-31.1763972284
-28.0700965557
-28.6672113946
-28.7752601290
-32.1948699050
-35.2032645089
-32.7722499975
-34.6198568808
-35.6603853008
-39.3640120881
-40.1859405182
-42.8139139176
-30.5540988518
-27.6116228055
-29.6349584021
-28.4793358997
-25.3403582927
-26.0173737454
-30.4928157409
-33.7010259516
-37.1543668752
-32.2252810208
-32.1397024313
-36.4766914421
-40.0070883639
-34.9934911319
-31.3283013395
-30.2571001453
-32.5508188595
-30.5802702096
-25.6712247252
-25.5838984221
-28.6461989641
-32.5093843464
-34.8766327738
-38.3121768912
-35.6314072949
-33.7997018681
-36.8444366050
-38.4002721482
-32.2209946488
-29.2825319793
-31.9223803005
-29.0661963057
-27.1303604500
-26.6322749425
-29.9909734080
-30.7896552352
-33.5906262682
-33.4215779699
-36.5743679281
-33.5003897593
-34.1696608148
-36.9948881770
-31.1553550259
-27.1532526148
-27.1104264163
-29.9161929496
-31.7829741304
-29.3858127537
-32.6115297549
-32.6759444661
-31.9342853205
-35.4302429178
-37.2433178614
-40.7763905813
-36.3254230034
-35.4763288787
-31.0917170696
-29.8225335439
-32.7885527058
-33.7602830292
-30.4876154043
-29.5314808578
-33.3643702181
-38.8808378186
-39.8977955729
-30.7661002410
-33.3587879660
-36.9990696890
-39.1207737060
-35.0235294044
-31.2017206204
-29.4980844242
-29.8315153860
-30.2552255834
-33.5953735062
-31.0384539250
-32.7144376791
-37.6913337846
-42.0204768076
-39.7646811180
-33.0903297233
-36.1156276318
-40.9078220722
-43.9755634500
-33.8494126647
-28.2436409850
-26.5058896850
-29.5626557767
-33.9907814201
-31.4198596308
-29.3429438352
-30.4300516426
-34.3493739035
-39.1753003607
-36.8988830054
-31.6610862821
-34.9203237400
-37.2577732045
-32.9668469549
-29.4796987118
-27.4761340236
-29.5209364536
-32.0966846381
-29.1125088310
-27.6386861278
-30.2417657734
-32.1524929395
-35.9431046773
-38.0774801879
-39.1937236148
-30.9147640097
-32.3590518715
-35.1493955047
-39.9225829994
-33.4392179936
-35.5038931944
-37.9149255485
-38.6384668207
-36.3033024215
-31.4939656078
-34.4861973734
-37.2492768367
-37.6548355430
-39.9748480032
-40.1768007424
-31.6991950006
-34.5997066418
-38.0560198266
-41.4085055416
-34.7994159114
-34.0200442485
-36.8138636863
-38.9449405257
-35.9477742505
-32.3912909411
-35.4639370990
-36.2827392262
-36.5234713042
-37.6972875974
-33.8473232057
-31.5364189635
-35.8405566578
-37.9644628707
-41.4850790011
-33.3653346912
-34.6417586774
-38.2383143151
-42.1895871990
-31.1737484989
-32.5769073586
-34.7847042436
-33.2109372169
-33.8947594190
-33.8744629053
-33.9212958394
-33.5823836472
-37.2976904480
-38.8520617775
-40.9965710859
-33.6692827095
-34.3561743671
-36.8335452723
-34.0764519363
-32.6411615357
-34.6844075122
-34.9032041489
-34.8443095620
-36.4434542636
-36.5944870940
-37.3733369767
-35.5849963993
-39.1833682180
-39.7038822148
-43.2397975533
-35.0758889288
-36.2708147965
-35.6558775553
-39.3724851516
-38.0533452325
-39.7505533129
-38.1273204403
-31.5148641001
-34.7131796661
-38.7776231129
-38.3767119770
-32.5714959819
-35.4277780132
-39.1539461692
-42.6475441795
-33.6162111596
-31.5527359156
-35.3560333767
-39.9993907500
-35.9672512850
-35.6974674078
-35.3837271669
-34.8301946933
-38.1895615182
-41.9585296031
-44.8685191863
-35.1062430806
-38.8289081129
-41.0179097493
-44.4564928335
-35.6493023495
-32.9188514804
-36.7595829967
-40.9732853808
-39.0072618771
-40.1175903038
-39.2159115163
-37.6769250610
-40.0061730967
-43.7074885077
-44.1928842023
-35.9756686847
-39.1626198910
-42.3778250924
-35.4180052034
-34.1558372296
-36.0608407741
-39.0874446163
-42.4568543462
-37.1088712599
-37.8803471749
