-27.4038741106
-26.9094937172
-27.9190869815
-29.9212703184
-25.9867075893
-25.5391601153
-24.1371466308
-28.5592480875
-33.2900609999
-38.0429367548
-38.7775247264
-36.0596665863
-37.9456357119
-33.0657740142
-35.1861449053
-29.1420603428
-28.0588142367
-27.6104913365
-28.9048468878
-25.1516050470
-24.7856617976
-28.3095677718
-33.2499728544
-34.7229654546
-38.5458431058
-38.5537931614
-36.1965172324
-38.8523103326
-29.9606334939
-26.1550128410
-26.3810359209
-24.2578098254
-24.7618194041
-26.3413011905
-26.5135290374
-30.9105591860
-33.9755299182
-37.5099416420
-35.7603648549
-38.1809356942
-39.8342870991
-36.8359648531
-39.8816223174
-30.1997396277
-28.2296128527
-27.7729036269
-21.7371766657
-22.9980700131
-24.2897200834
-29.1430222055
-34.5737502020
-34.5595382485
-36.5766735871
-34.5492204007
-37.4230904840
-40.1893530457
-36.7383660436
-28.3206274231
-28.0587300876
-26.7899775321
-24.5289401856
-27.2389503216
-25.3805059972
-28.5330896929
-34.0974358648
-38.9302081398
-34.1066287285
-34.4890234561
-33.9678426659
-36.0567576475
-37.1974727026
-30.4848113302
-27.1265504825
-23.7720500220
-25.3339487965
-22.3471054499
-20.5589892095
-25.0271033897
-29.7062913789
-34.3902866924
-38.7659252371
-34.5470390236
-37.2672379131
-34.3541496357
-36.7548551786
-24.3858379219
-25.4982395424
-24.1323475997
-20.6272695752
-21.8886264321
-20.4444351493
-24.1178792958
-29.7987468121
-32.0260934637
-36.0458404040
-38.8077960234
-36.1614145439
-36.5474276098
-35.8925640583
-25.1022036373
-22.8967531070
-24.2156736382
-23.7881339652
-26.1907006922
-22.8915631095
-26.8236263997
-30.3605556816
-35.2243364707
-34.7639403854
-37.3932010961
-40.0275104575
-35.6028344941
-36.3307515195
-23.7459032629
-22.9651797568
-23.5863481106
-23.5150656053
-23.6731255179
-21.0167976522
-19.7723752444
-24.4990624164
-29.3837155178
-34.4277778949
-35.0337527591
-38.2020710926
-39.5167395249
-32.9530725585
-35.5590037019
-34.7310682643
-37.4129629448
-40.2362921352
-34.7755308094
-37.2198301942
-32.1650594805
-34.8159438894
-34.7755528190
-32.7122951402
-36.1006622207
-34.9099243435
-39.0133619499
-38.4665393919
-35.9529370623
-36.4084421883
-34.9627965139
-36.9596715654
-39.0771202956
-34.3398833007
-36.2943412983
-32.8960175754
-35.2874138716
-36.5581946773
-31.8825459014
-33.8837916879
-33.3254446222
-36.9905124713
-39.8607678432
-36.2254097892
-37.7406898669
-35.7924576339
-38.5006478373
-39.4676371879
-34.9388013703
-37.5131366832
-33.6298159737
-34.0823617207
-35.3176333897
-32.5165369397
-35.9947172145
-35.9775303042
-37.5337063534
-41.5774399119
-36.3488485324
-37.9991163350
-35.3715981931
-38.8237776754
-41.3623406637
-35.9785361968
-38.6284687395
-33.1297019581
-34.8051690554
-35.3191881874
-33.3327227810
-36.7862618195
-35.3570056253
-37.9043384328
-41.5460177333
-37.2158545226
-37.7316989720
-35.8682608034
-39.0697696380
-39.7502244846
-37.5233677940
-39.4978968342
-33.0696254109
-35.2144937460
-38.0294277617
-31.2545772627
-33.3177470138
-34.3405966124
-37.0562761217
-40.5889100185
-35.0234413774
-38.1839650237
-35.9965438819
-39.1941585874
-40.7144187721
-36.1760278228
-36.2483317278
-33.0375170959
-33.8210081648
-38.0414674033
-34.2137531086
-36.7319889105
-37.3437310994
-39.5407851531
-41.0401843845
-36.3234746520
-36.5782361614
-36.2376980016
-39.1893517957
-43.1931471742
-36.1631039726
-38.1408436777
-34.9858207217
-36.9040017995
-38.5535950903
-30.9117528014
-34.3917185040
-36.7855252105
-38.3689768337
-40.6039065068
-37.1363708522
-38.5764082782
-34.3873013872
-37.2373640598
-40.4153397715
-38.7308782194
-40.0291675250
-32.1926315681
-35.6518280801
