-22.2667724793
-23.9423088220
-23.1651506050
-21.7792183572
-20.9865392875
-20.1705408120
-19.5743229485
-20.8882905390
-24.1110011628
-24.5417488206
-23.2798056324
-21.7894805425
-20.9791601456
-20.1588390461
-19.5679354593
-20.8731283439
-22.3661501086
-21.6149004049
-20.9315698582
-20.1346613515
-19.5544769394
-20.8655640761
-22.8242044948
-23.3798991547
-23.0378138105
-21.7435628621
-20.9665612316
-20.1464576223
-19.5632891889
-20.8818163127
-24.1577732664
-21.9349557853
-20.2261704820
-19.4753375799
-19.2953357006
-20.8476897227
-24.1316977116
-24.3628370141
-25.3290073596
-22.1246010201
-20.2539885533
-19.4723742717
-19.2935025663
-20.8492639398
-24.1351102408
-21.9273125480
-20.2196418831
-19.4600122664
-19.2806512073
-20.8307759526
-24.1198263565
-24.2699349215
-23.6185431748
-21.3566964624
-20.1291515923
-19.4440034113
-19.2811651581
-20.8377693079
-24.1247030626
-24.2726613200
-21.0420148955
-19.3288175880
-18.8389590427
-19.8540506948
-21.1977872914
-21.0924636337
-20.0848521410
-20.9074568912
-20.4310064036
-19.1898605692
-18.7923837076
-19.8247477325
-21.1846705431
-21.0885099671
-20.0833840801
-19.0821017873
-18.7542011761
-19.7953981651
-21.1683781745
-21.0783241621
-20.0728849849
-20.5973490962
-22.1999653662
-20.4047858508
-19.0452746879
-19.8931989865
-21.1974856529
-21.0840371715
-20.0708926165
-20.5972545913
-20.4921898495
-20.3223854331
-20.9285936043
-20.7951230499
-20.4741692083
-19.7404429769
-18.5254322208
-19.3700307427
-20.0800246295
-20.2132776961
-20.9056587131
-20.7942906308
-20.4776620021
-19.7444303029
-18.5191754846
-19.0151872032
-20.5100745598
-20.6758981227
-20.4404685368
-19.7205581303
-18.4977384281
-18.9007651855
-20.6310575356
-21.0013260523
-21.0914538564
-20.8241709776
-20.4833361740
-19.7363637353
-18.5056729483
-18.9076938119
-22.0677039522
-23.8485704262
-23.1461849170
-21.7757799361
-20.9922354672
-20.1731778844
-19.5800838579
-20.8858165846
-24.0887744131
-24.5455976252
-23.2909934464
-21.7910392244
-20.9890274823
-20.1733021647
-19.5790559563
-20.8663783708
-22.3703989407
-21.6130077199
-20.9318481942
-20.1364155160
-19.5500339190
-20.8734248041
-24.0856544605
-24.5570223479
-23.2831210677
-21.7905110332
-20.9781710816
-20.1510184499
-19.5604126179
-20.8730765604
-24.1450733761
-21.9287754306
-20.2191512349
-19.4689371449
-19.2925756425
-20.8477842277
-24.1258940819
-24.2672590123
-25.2436902503
-22.1143737888
-20.2598374944
-19.4829445695
-19.3021646438
-20.8515670087
-24.1303332178
-21.9225873082
-20.2089058785
-19.4563848354
-19.2849686529
-20.8414252195
-24.1241489798
-24.2726470795
-25.2083713520
-22.1381592216
-20.2537620007
-19.4701307536
-19.2854683633
-20.8458514102
-24.1272417459
-24.2733927611
-21.0455504106
-19.3338651803
-18.8421424307
-19.8450054199
-21.1881374452
-21.0857537929
-20.0832015435
-20.5776998650
-20.2060085932
-19.1437435183
-18.7845760570
-19.8310251818
-21.1827972767
-21.0773001443
-20.0754159011
-19.0778218846
-18.7458174346
-19.7898236763
-21.1635377163
-21.0728907834
-20.0740035075
-20.5986682796
-20.1653598769
-19.1317880129
-18.7695679168
-19.8173621173
-21.1708094075
-21.0749504702
-20.0703307659
-20.5947262642
-20.4891022611
-20.3217705045
-20.9281689800
-20.8027740549
-20.4797190998
-19.7434464173
-18.5219225969
-18.9116073467
-19.6435095283
-20.0904939486
-20.8666722463
-20.7808942517
-20.4731413067
-19.7379224173
-18.5174472117
-19.0028006005
-20.5096564084
-20.6830028125
-20.4394950079
-19.7242438177
-18.5000635053
-18.8993825671
-19.6234201372
-20.0764217950
-20.8455407139
-20.7668428118
-20.4610421028
-19.7288046455
-18.4995158953
-18.9069869677
