-24.6579081445
-26.3207004384
-25.4608661357
-25.4916785741
-26.2576269123
-23.2478008713
-24.1219455991
-28.5260160655
-33.7991516627
-32.4893428667
-34.0636018774
-30.3525434889
-33.4817516060
-36.2154906789
-33.2571552231
-25.7248788437
-23.8364492145
-22.8818912568
-26.2206120987
-27.0625474460
-23.8771522980
-27.6322753207
-33.1478520419
-37.4176338054
-33.4398238587
-34.8555051365
-30.3892216924
-31.5695979016
-35.0095867224
-28.0990939856
-26.2279083917
-24.4133776578
-23.9785637085
-26.2462203117
-26.1342878138
-27.7336245897
-32.3282381282
-36.3092147889
-37.7389771375
-31.9998677437
-35.1822469070
-28.9779935780
-30.9435814921
-25.9102752244
-24.7044070964
-23.6704560800
-23.6403543622
-22.4603338469
-21.7979328954
-25.9673936414
-28.0847486801
-32.2052861349
-35.3525613099
-37.4581763484
-32.5974485470
-35.2681724416
-28.3408928698
-24.4474136200
-23.5356003306
-24.4030882850
-23.0462571008
-24.3682030732
-27.1736475226
-26.2303383332
-30.2823005386
-30.0693800108
-33.7203877721
-34.0623163474
-37.9730964608
-31.3879208977
-34.2239945693
-27.2825985855
-23.6705130388
-23.6721908254
-23.3001461709
-21.3284615367
-22.4244893427
-26.5706383946
-25.9995964883
-29.8181345298
-30.5031141846
-33.8842059469
-36.7732641884
-38.8836781513
-32.1454024877
-24.6271436017
-25.8125262051
-23.4298235753
-22.5899568834
-21.7471773471
-21.4044822340
-25.4849001118
-29.9273988857
-26.9296322951
-30.5538891255
-30.2035172341
-34.0871374370
-37.7755142229
-39.0507780694
-22.6126703837
-23.1148792320
-24.2041272213
-21.6664249374
-22.3749843633
-20.8691798591
-24.6421983340
-30.1651715886
-32.0804324082
-28.5184621698
-31.9044127414
-32.9607598125
-35.9747197531
-38.9557321913
-24.3362928096
-22.8318943364
-23.2687524557
-20.8457374877
-23.0934797157
-23.8125174958
-22.6110599338
-22.0878503122
-22.2162797421
-22.8372254431
-20.9975626890
-22.2772288622
-22.6827178713
-22.1067499772
-26.0255050258
-31.7094455242
-29.5918745839
-33.1963070924
-28.3984126241
-30.1472118091
-33.8145455869
-34.0563884492
-24.0387425394
-23.8045570851
-24.9938428983
-25.9602294199
-25.9714029943
-21.7233440118
-25.3844246942
-30.5412733915
-34.7318087619
-29.9726239519
-33.0612610854
-28.2885592338
-29.1265071891
-33.2316492864
-22.0347140116
-22.2062376363
-23.8053131232
-24.0925623779
-23.0709461559
-24.7610530080
-27.0753987978
-31.5202922982
-34.8704563056
-37.0047865835
-31.0255378414
-34.5994257183
-28.2832799112
-30.2831562722
-23.2159462784
-22.6475905682
-22.6812873537
-24.1632312462
-23.1293643589
-25.8639122119
-30.1772138292
-31.1096302564
-33.2834081277
-36.1862692918
-38.3685599829
-31.5539593017
-33.8653257127
-29.5077731022
-23.8918380815
-24.7110638588
-23.8380842779
-21.2184941976
-22.1332022580
-22.8652338164
-25.7232903824
-30.8640926168
-30.8765931495
-33.5054490012
-33.8384539939
-38.2042693056
-31.3985339143
-34.0612910378
-20.9973309501
-22.7661099337
-23.9087829241
-22.1181682270
-20.5580700535
-21.1597924783
-25.5239150533
-28.8991584762
-32.9863641196
-31.0757729512
-34.0453339733
-36.1155163062
-38.2568281886
-33.0457208830
-22.3429278139
-23.8902133766
-22.6075024103
-22.3859909373
-20.0884264932
-20.1666907126
-24.3293602942
-29.0217997777
-29.2245681908
-32.2813611830
-29.9265561161
-31.9312767023
-34.3102644701
-35.9198461570
-21.9537725938
-22.7773909610
-21.8742746482
-20.8188333980
-21.3517679749
-20.4905910360
-24.0802883931
-29.6123458591
-31.6358107907
-29.5349697653
-32.6280305447
-30.8291750579
-33.2231024365
-35.9495672489
-22.4009421042
-20.3701608471
-22.5899814778
-25.4933395321
-23.9094988293
-23.1259091085
-22.0012839186
