-19.3236728848
-18.4929626764
-17.7095851388
-19.8599553002
-22.5529524276
-20.6775733101
-19.5329764365
-19.5052502642
-18.8329767406
-18.9393529123
-21.7279190651
-24.0608903231
-19.0595837454
-19.8364352527
-19.3884604561
-18.6032018965
-19.4982646831
-20.4005810307
-22.2465847095
-23.9345542492
-21.3574680311
-20.4113144424
-20.0746300633
-20.2170967089
-19.5638341976
-21.9408953382
-24.1510530738
-19.6030433427
-20.1079177808
-19.0994259316
-22.5150145549
-28.0171880928
-29.2326360483
-30.5863107469
-32.8018830665
-31.9387788262
-32.2160312098
-31.5087264765
-31.5170247724
-31.5617281156
-33.3152795357
-32.7702679872
-30.0721271214
-31.2157953520
-30.4579447883
-30.9342617704
-34.6990544481
-32.2542499690
-32.3723226715
-33.4062254806
-32.7775526205
-33.5812262875
-33.0167247555
-32.9797733942
-32.2800329424
-34.0158381379
-34.0077262666
-30.7656121838
-32.6961115187
-31.5169069629
-24.2532153344
-23.4239202545
-21.9152353533
-22.8307667508
-24.7925800638
-23.3337186710
-23.0366305533
-21.9784059859
-22.7444566846
-23.1229755701
-24.9311111331
-23.1397495267
-21.1534684232
-22.7707549064
-22.7876298340
-22.9662814416
-24.0181702671
-21.2629878320
-21.7065027405
-24.5849439771
-22.1219794835
-22.4670682800
-22.9747894640
-23.1089590869
-23.0270803907
-22.9456418598
-23.0834855174
-19.6123630711
-21.2330945336
-22.0045527425
-22.2580715634
-23.7143956151
-21.0511961021
-21.9184226285
-25.2780783376
-24.1802213909
-22.7459053247
-22.6789842786
-23.7124485646
-21.6411416626
-22.4032361184
-22.6679375788
-20.6746902719
-21.8476553605
-23.2937185430
-22.2604898535
-22.5436184502
-20.6780587836
-22.6899287124
-25.2736845134
-22.8996503807
-22.4594069154
-22.6134199499
-21.4166849973
-20.8759078175
-22.3407969267
-23.5010827791
-22.0038238951
-22.9887502812
-23.1599126979
-19.2871370639
-19.4823360929
-17.5897362090
-19.7089935833
-23.5960484341
-20.2059542102
-19.3968908129
-18.3519161949
-18.3068050374
-17.2126878927
-19.6919309267
-22.4181303309
-20.2849680019
-21.0579253587
-19.4673771483
-19.8415501466
-20.4513106736
-19.8016587820
-21.7367196754
-24.2636717100
-20.8400607222
-19.2112911450
-18.5946770373
-18.5113898201
-18.1587677882
-21.0385169092
-22.5308538424
-20.5074957428
-20.2860787543
-19.7086388533
-20.0743141776
-22.0983700960
-19.5516702709
-21.6979545809
-24.6160218129
-21.1997576382
-19.4387836317
-19.0097473281
-19.6028853840
-20.4875137924
-23.4205659742
-23.6389613856
-20.5425971551
-20.3932782708
-19.8120154591
-20.6627684069
-22.0631340488
-20.1806372854
-22.6560442092
-23.6959464801
-19.9867432012
-18.9928672314
-19.3564492110
-20.8068066672
-20.0156772029
-22.9494518078
-24.9953653285
-19.1510941716
-19.6609009937
-20.7649345691
-21.3772894266
-22.7114330653
-20.4984556421
-21.9657980096
-23.8017413574
-20.0919166890
-20.0077387996
-20.6220536789
-22.0480832012
-21.7833907980
-24.0644232346
-23.8162407232
-20.2794310552
-21.7207276466
-22.0033824212
-21.8138718265
-22.4380177519
-19.0984679354
-20.6180857751
-23.4066996743
-20.1177423922
-20.8194405489
-21.6678645035
-21.8069004823
-20.5474039432
-22.8349288307
-23.6901570923
-19.6643756669
-21.0381751461
-21.8865770894
-20.1926756443
-21.8241974580
-23.7957914392
-20.1742834511
-20.0248609988
-24.3229922095
-23.6877141961
-22.1928904420
-24.2246101503
-23.8398190215
-20.3084789838
-21.7860343459
-22.0461322493
-25.7683937327
-23.4417609260
-19.0888323279
-20.5731247921
-23.3827265271
-20.2300296340
-20.8780633016
-25.5371806654
-23.4901279779
-20.9311400429
-22.8029188941
-23.6587983313
-19.6823406420
-21.1283922765
-21.9416345492
-26.0134511196
-23.5363602309
