-27.6495852441
-24.0992204331
-26.7187170391
-26.8800664809
-26.9285616753
-24.5504846880
-23.3323231118
-27.5131384561
-31.5023376909
-36.1501710517
-39.8493508952
-37.2896666177
-38.0569079328
-30.2749227022
-31.8259245932
-28.3671561384
-25.8742870263
-25.7851716056
-28.2014996221
-26.8234451710
-25.5103154422
-28.7867819360
-32.6632536357
-33.1288747189
-36.8173409341
-40.5122123066
-37.0334305805
-37.0981495050
-28.2829161297
-26.0145890901
-27.0181172532
-27.4539331624
-25.6937777115
-26.6393472673
-26.1232216933
-30.4028860376
-32.0972516670
-34.4142999663
-33.8025214792
-35.7563464595
-39.0323858948
-39.9902354568
-40.7539424800
-26.2116678057
-26.4326601276
-27.6431886975
-23.4541592068
-23.6676584799
-23.8661936270
-28.5978487542
-34.0590022073
-34.0852615884
-35.0003148965
-33.5392998315
-36.6432424762
-38.0991916805
-38.7467368934
-30.0052022085
-26.5641900701
-26.9771733800
-24.6833299407
-24.7416989469
-24.4262031239
-28.5076860274
-34.4443563548
-37.0038272957
-32.7595539889
-33.7250780602
-33.3895512123
-35.6437977710
-38.9725397908
-28.7318448896
-25.7801680298
-25.8811224411
-26.9858393385
-21.8959175407
-19.6921264241
-24.0520133340
-29.5835102556
-35.0111466884
-37.2240091193
-33.2196588395
-34.9909408053
-32.8577146646
-35.2164226724
-25.8221152074
-26.4624563224
-24.0367695967
-21.8357218698
-22.3508571619
-21.4551860009
-25.6073213556
-31.4169247923
-34.7581406391
-38.9813999314
-39.9573633458
-34.8353406697
-33.7173921073
-33.7653422669
-24.2606617978
-24.0689776069
-25.0583262343
-23.6266175076
-23.8549863956
-21.7272018808
-26.0313449023
-30.0145115741
-34.4415898310
-37.7434447474
-38.5691055235
-37.9680372162
-32.1952297998
-32.7818881851
-23.0125849090
-22.7232617231
-23.3059938178
-22.7565377669
-22.8239753535
-20.0128433640
-20.0742559530
-25.0050604723
-30.5374919028
-35.7232995640
-38.9704878778
-39.3278853945
-38.6325000824
-33.1095879806
-34.5119156195
-33.2583993164
-37.0008445555
-40.8327736669
-38.7196360446
-39.0465421887
-34.7934491725
-36.6029847538
-37.3627446774
-35.4938213187
-38.2726143598
-35.5768042615
-36.4041661795
-38.4670520507
-35.3511890483
-34.2034365479
-33.5175391391
-37.6573599787
-40.6441965932
-40.6381211020
-38.6194674880
-36.4035137057
-37.3679463235
-38.1205342223
-34.4728579655
-37.6910891176
-34.9549927534
-38.2552837430
-41.1808488548
-35.9921151024
-34.9221879454
-33.2697852009
-36.8807924595
-39.1855780833
-40.3831900425
-39.9733165199
-36.9737514836
-37.4123415443
-37.4217091688
-36.1309840058
-38.9907429582
-36.3455861794
-38.5491533660
-39.8627278505
-36.0672994603
-34.4126946865
-33.7067104847
-37.6950401880
-39.7260714085
-41.4027032551
-41.8785086972
-36.3026978469
-37.2669802966
-34.6053885899
-32.5993205205
-36.3322622918
-35.6050404710
-37.4080396344
-39.2447199218
-35.4311284196
-35.0553490367
-35.1449395450
-39.0993431432
-39.3649817390
-40.2154933309
-41.3972336312
-36.0040783630
-37.1410960905
-37.6074187647
-34.6524260690
-36.0904168778
-36.6528470155
-37.7902453138
-39.1773535775
-35.4332127014
-35.1108673383
-35.6454703802
-39.8233685612
-39.0704816645
-36.1029406991
-38.7578988100
-37.5358903127
-34.3792425916
-36.1106033514
-33.9113236445
-35.1758063495
-37.4848732913
-37.5358644285
-39.3603510083
-35.0047190814
-34.6637653424
-35.1499586520
-37.6779736753
-38.7893235836
-35.3688368415
-37.9757775471
-34.3764009714
-36.9649068697
-39.4095297200
-31.9015750169
-35.0651619876
-37.7567427336
-39.2487098399
-41.4093108144
-36.9177826611
-36.0597377866
-34.0580248053
-36.8761086560
-41.4707350056
-37.8350509209
-40.1561106902
-34.9437233841
-36.6370893154
