-32.6899039805
-33.7977690558
-31.8318965250
-29.4173618099
-28.6632836206
-28.9097326556
-31.5357328256
-33.9746754901
-32.7489474530
-31.0569289607
-30.5087521078
-31.2680060058
-32.8028125796
-33.8120056156
-33.4848456727
-31.0438225731
-32.9752332766
-29.5942721575
-29.6615828594
-27.2955988209
-28.9087526461
-30.6463575243
-31.2961451240
-31.9516004061
-30.4621858518
-28.6781402875
-30.2959131248
-31.7902238101
-33.6886781982
-31.1892990690
-30.6280274832
-30.7672304146
-31.3864813248
-32.5447770319
-29.1099067081
-28.7385236609
-30.4192871606
-32.2691480641
-32.7758994366
-30.5863845398
-29.1868840878
-30.4749025671
-32.6644822043
-31.3464164786
-33.5215834254
-33.4000269979
-35.1416357587
-34.4013657663
-32.8762816169
-29.5886691896
-29.0626051327
-30.2271265970
-32.4439404502
-33.2821018933
-31.1612518655
-29.1789003771
-30.5251752215
-29.3520357089
-31.5701002015
-31.3879286717
-31.5782314945
-32.1592351423
-32.3359745858
-33.1800781776
-30.0875055032
-30.1922828175
-32.0550714723
-29.8209929788
-32.9212995433
-32.6555819279
-31.1435354599
-31.4670239800
-33.2330966432
-34.0054089569
-36.0072229176
-33.1411875267
-31.6216765008
-31.8094432292
-32.6615396120
-30.6104677190
-30.4760301552
-31.7418969175
-33.9144746655
-34.8213216034
-33.7195217039
-26.6468273779
-28.3697401218
-31.8961105733
-31.9198985887
-31.7989376635
-35.0441042586
-37.4736790026
-34.9548322188
-34.0152555768
-32.3983386659
-31.0049746396
-32.7750204118
-34.3461879339
-35.3538960291
-31.6495670599
-28.3283457429
-29.5175821766
-32.1037194177
-32.1120733790
-33.5432716214
-34.3584890884
-36.1630470140
-36.4165514792
-36.5725335126
-31.2244250657
-30.6868172178
-31.7756532465
-33.7980668092
-32.5463745528
-30.4023177248
-28.4328408441
-29.4092810064
-30.5116170119
-31.6258321219
-31.7710082723
-33.0049893336
-34.8337949328
-32.4563218651
-32.1317044764
-30.7060068593
-29.5734539223
-30.9009456033
-31.0817966534
-32.1507918534
-30.8995280328
-28.8147022769
-29.7198586408
-31.6417050399
-34.2752718183
-34.7057655866
-31.5690502886
-33.4898984307
-30.5035258632
-31.4194854935
-28.5175184140
-28.5353008508
-29.4570693510
-30.8851801377
-31.1342493965
-29.5774684322
-26.6014133057
-28.0689754417
-30.0664658979
-33.2517088935
-32.1030565856
-31.4276763409
-31.8599696158
-33.5214423165
-32.6014229268
-30.6958353012
-28.8997216204
-31.3406348594
-33.2864154505
-32.9830435177
-30.1881569738
-28.6696555710
-29.9237377984
-32.2323792398
-34.3564747059
-33.7872026425
-31.7353061838
-34.3516407234
-33.7120169890
-32.6964934279
-28.5604676032
-29.0208650921
-30.5105515805
-32.6939948750
-32.5015521100
-30.9835324146
-29.2285309176
-30.6041579059
-30.5990921940
-32.3339809210
-33.3376176122
-29.2490306792
-30.3895181506
-31.8108569196
-32.1816703140
-30.2097118264
-29.9033920900
-31.7750007736
-29.9163120467
-32.6410916285
-32.3486356351
-30.7732605990
-31.7982385886
-30.1782469148
-31.4581159319
-33.5281210861
-31.2736283921
-31.6849739822
-29.6940122326
-31.2081171707
-28.8020671173
-28.6041508172
-30.2821244859
-32.8250587403
-33.4594238927
-31.9671263727
-29.4488111884
-31.4884765599
-33.2999361055
-34.3600464751
-29.0932402043
-29.8701367618
-30.5251286146
-32.2061172727
-32.4641528213
-29.2540640334
-28.1703156339
-30.9063504981
-32.9422575910
-33.3833773368
-31.3980393877
-27.6992714536
-28.7937312744
-31.0075521609
-31.1802240195
-31.5995351997
-30.3629454868
-32.5242047686
-33.6773000841
-33.3215634536
-28.9842490225
-29.7702025006
-32.0106335172
-34.0675296518
-33.8690994347
-32.1031588591
-29.8243226652
-30.8334769658
-29.9169062724
-30.6188825289
-32.0853427715
