-28.0269091602
-28.3881025419
-32.4772915610
-21.8405920949
-22.7550981865
-25.9896760689
-20.5760544432
-24.1236156037
-24.9321455130
-24.2466013014
-28.8425811709
-26.7786149465
-27.7661523554
-30.6673401685
-30.7344735121
-32.2983137773
-28.2359084160
-27.9818821713
-19.8581118081
-21.3352943609
-24.4931720521
-25.8500704977
-27.6093352693
-26.9394517326
-23.5822598050
-27.7756015268
-25.8236700025
-29.5289356841
-34.9914379152
-27.7384676302
-30.4123442798
-32.1602474964
-33.0990798191
-20.9512501518
-21.8655776169
-23.9023462394
-24.8107314572
-28.6792963450
-27.7750733524
-24.7511727260
-29.1483779071
-26.6521934396
-30.5329945089
-29.0237779107
-31.7131881754
-28.3120119469
-25.8285738976
-28.9276587740
-19.1091495737
-22.9034629306
-22.9783042662
-24.6021878677
-28.6397545106
-25.6643090455
-21.6360332275
-25.7648439974
-23.5743058659
-26.2092521102
-24.2247693979
-28.2556029461
-29.4469573332
-30.9616746177
-25.4048804577
-25.1129914280
-29.1799179127
-26.4212820098
-26.6617384275
-29.2840790089
-27.0647106971
-24.1165834221
-28.2222181640
-21.1332003741
-22.9811484733
-26.8822866848
-31.0124845153
-31.0786754047
-28.2428719981
-29.1324260343
-26.1841306712
-30.3278091161
-25.2336157795
-25.7459909578
-28.8835846013
-26.8809584496
-23.4045001746
-24.8960861096
-19.4203901506
-23.4008351854
-25.6956574483
-27.5859550441
-31.3543820545
-30.7258709885
-31.7229403002
-27.2338237641
-31.3232576199
-25.4326713395
-24.5545522781
-27.9413124283
-27.5220180357
-26.1767036291
-23.9169867153
-20.5578305528
-23.5322162763
-26.5713607815
-30.9576160888
-32.3480181159
-32.8250768637
-33.1853859784
-28.2670949968
-31.6474892379
-25.6190114722
-25.5517163033
-29.2771607351
-22.7908831337
-25.2346708607
-25.8144538456
-21.8641380357
-24.4807297919
-26.6533456249
-30.5152431513
-35.1333283930
-36.8345783508
-35.9192894854
-27.9065476165
-30.5803957781
-27.4810184905
-27.8399126926
-30.7471954039
-28.0292821408
-24.1329845329
-28.2059801700
-26.4550965978
-27.0078498918
-27.8557778440
-28.5942058054
-28.6734525933
-32.0561705694
-34.9618902974
-25.3039519361
-28.3296066646
-25.6582581497
-25.4024777130
-27.6367856721
-26.3116499886
-22.1510999079
-26.1152547919
-25.9694248629
-27.5202988233
-29.3902350577
-32.4399518268
-31.0104908705
-34.4039264454
-35.3155542792
-29.3243975944
-32.7155251246
-24.9048621036
-25.2488582413
-29.4669340868
-27.1010885648
-24.0604152121
-28.0712370742
-26.8737385417
-28.5293276303
-29.0172868572
-29.9351728792
-30.4440642402
-31.9387322225
-33.8318826803
-28.8027325344
-32.2523275010
-23.5984537799
-25.0737900636
-29.0845871936
-28.2151626838
-23.5685617884
-27.6089313481
-27.6463992672
-30.6874373153
-32.9977461263
-30.6076727081
-31.6529977104
-35.1721724409
-33.5114843622
-27.1295383832
-31.1787753636
-23.5701152871
-23.4175754961
-26.9468645245
-26.7831434124
-22.6911029032
-26.8718924487
-24.0923798369
-27.9290203294
-33.4296574683
-31.2458297484
-29.1191630028
-30.2530364395
-27.8641861769
-25.0618720999
-29.3568593193
-20.6539807679
-22.6104890169
-26.9257032169
-24.7934642655
-22.3522760251
-24.8187501198
-23.0757141156
-27.0743398177
-31.6128254119
-30.9968601767
-28.0855694472
-29.3291098872
-31.9573457709
-25.9138159139
-29.4228650838
-23.7214770114
-24.7990167465
-28.5349823759
-26.6718452578
-27.9090720625
-28.5424171880
-26.5211541482
-30.1990457265
-32.4805746372
-29.8729369539
-28.9102155365
-33.3227298636
-36.4883284772
-23.7791378771
-27.3274624546
-22.5721304271
-24.3215772572
-28.6750306841
-24.6124138016
-25.8699540478
-29.8379391129
-27.0380681166
-29.3414654145
-31.2672499677
-29.6438211396
