-33.3291316037
-33.2340054412
-32.9615611599
-30.0143445743
-32.4489569629
-30.0733984002
-30.8638026381
-34.6050144462
-39.1629564876
-37.6725208766
-37.3118389828
-31.9908561245
-33.3671885331
-35.8178599927
-35.2756370300
-34.1445898687
-32.6660525342
-30.4442273567
-28.3396643106
-30.9061821873
-29.8259421881
-31.8322214538
-36.1077617331
-39.2113558602
-36.5618829471
-35.2739683094
-29.9546641560
-31.0449656854
-33.7086083452
-34.1601080644
-34.9337343617
-35.1081409446
-30.4827671719
-28.5825195790
-29.9587951845
-32.3165493211
-36.4516632195
-39.9828511394
-42.0059981667
-35.8424972506
-36.4137668243
-30.6239365809
-32.1381735135
-33.2014466089
-32.2476074513
-30.6999210156
-31.6205864597
-29.5107364096
-25.8515696281
-27.5620608640
-31.4527408158
-35.0501059542
-38.3935182908
-41.0228485746
-37.4911934516
-36.9916232381
-30.7730430982
-29.1562787828
-30.1309013222
-31.4351422173
-31.1277220941
-32.9844999215
-33.7484932362
-31.4398726313
-32.4055197326
-32.4843496535
-33.6929891674
-34.3009564029
-37.5171291820
-36.7643846219
-36.2095109886
-30.8181620153
-29.5289861880
-31.1504304192
-32.0431198565
-30.9388316602
-32.7293215306
-33.2479817890
-30.3023795793
-31.9490500649
-32.0628661717
-33.4005823751
-36.6988798850
-39.6820943303
-37.3983470665
-35.1573597973
-28.5236197885
-27.5290916528
-29.2063701955
-30.6738053335
-29.8043912190
-31.4827946202
-32.4161935929
-30.8287206585
-33.0127607262
-31.8736365613
-33.4286308690
-36.3627420237
-39.1575231102
-30.6207221191
-32.2014761657
-31.3124102932
-28.6972354305
-30.1971258570
-31.2540257739
-32.8089786876
-35.5045197755
-34.9670427573
-32.8550931312
-34.7926089748
-33.5105160085
-34.1855492613
-34.6643090704
-32.8800514486
-30.3158730492
-31.0948965732
-27.1345846773
-27.9266111099
-31.2912917199
-30.0592925938
-30.7115632255
-32.9443250433
-33.3027557139
-33.0319037708
-37.0386011462
-32.8901310855
-31.8273292280
-33.1520503932
-35.5764158845
-32.3054754310
-33.8987519114
-32.3242598775
-32.5363725838
-35.8212543873
-35.8652508881
-31.4680635302
-32.6825934543
-32.4509338030
-33.3702981336
-36.5090444366
-29.7983558496
-30.6358286502
-33.3016514315
-34.7476130673
-30.9045678483
-32.0809851865
-32.1146729059
-31.1287616462
-33.8878968112
-32.6213906171
-31.5303836038
-33.5751404307
-32.9898297330
-33.9278723289
-37.3897341906
-32.7472761344
-32.9127850482
-34.8694866620
-35.8260003493
-31.5954430073
-33.1842985159
-32.7847207385
-33.0805866706
-35.4772247286
-32.8832775535
-31.7984314843
-33.5905706042
-33.7330993207
-32.2488398974
-33.8824453093
-32.0775390022
-32.8616113659
-34.9149473348
-34.4257415216
-31.6739609366
-33.5877341596
-32.3456930337
-33.0838865649
-35.5843516953
-33.4511230056
-32.7054014727
-34.0501472486
-32.7728701032
-31.0954131143
-34.4185513839
-32.8414119438
-33.6665226552
-34.3576825608
-36.1947565965
-33.0812857427
-33.8991001625
-33.2287597778
-33.3838498599
-35.2701518681
-32.3683081547
-32.5118505373
-32.2172053990
-32.2152751724
-30.6465063999
-32.8376990650
-31.3226996629
-32.7412847901
-35.2308417769
-34.9200984887
-32.5243368150
-34.5728362172
-35.1675197036
-32.0817062787
-32.4091031481
-32.0940669856
-31.7216224118
-32.8412553007
-32.0979093142
-31.6359428379
-34.2862654390
-31.3423204057
-32.6014268051
-34.7219323744
-35.9552595469
-32.5974925619
-34.5571264222
-38.8542664586
-33.5474945529
-32.1863204669
-33.7159357015
-34.1283945995
-35.9494856954
-34.6714189336
-32.0071381356
-33.8530815133
-32.7972096046
-34.0931080685
-34.6036344264
-35.1878071570
-32.0982821527
-33.9674128539
-33.6099531415
-32.4885751817
-32.9793966693
-32.9885442132
