-30.0827686160
-29.5020782220
-30.8381258248
-31.6580103458
-32.5612428727
-31.4350503029
-30.2060843991
-31.2561359463
-30.1275858853
-29.5326006745
-30.8559367373
-31.6587987485
-32.5599923027
-31.4297049579
-30.1857956489
-29.8387262294
-30.9789495811
-31.7247630750
-32.5714351466
-31.4263014917
-30.1688702329
-31.0669723558
-33.1511390080
-31.6047187203
-31.3805870760
-31.8172379304
-32.6034295399
-31.4268931174
-30.1758817101
-31.0363308030
-29.3713276281
-29.1598039395
-30.4127779838
-30.5207024311
-30.3054205649
-29.7563128895
-28.4924163960
-29.7866398557
-29.1079182277
-29.0973984239
-30.3911260347
-30.5029575423
-30.3025931893
-29.8858413889
-28.5003366729
-28.9388168226
-30.3304617397
-30.4770865380
-30.2898415183
-29.7601681664
-28.4995301458
-29.7845154400
-32.0482956112
-31.4844374583
-30.9859118653
-30.6390340537
-30.3255306622
-29.8887063075
-28.5066762604
-29.7860171598
-30.4587396667
-30.4749297574
-29.9997053985
-31.1113649972
-32.8020876129
-32.0749537221
-30.6140834986
-31.0935631505
-31.2390305862
-30.6959984210
-30.0488660037
-30.1916122166
-32.4550635344
-31.9917791726
-30.5900585738
-29.8344566849
-29.8950368332
-31.0797719239
-32.7833873211
-32.0694141894
-30.6055961936
-30.9307430873
-32.6679711143
-31.7683388368
-30.2612648285
-30.2335373813
-32.4658293099
-31.9950246992
-30.5879199179
-30.9303249361
-29.6959631761
-29.5773596875
-30.9007138742
-31.4427440269
-31.3033430226
-30.5036346105
-29.9302806396
-30.3390085954
-29.4173566340
-29.3001551794
-30.8171884883
-31.4225471929
-31.3040589286
-30.5081294127
-29.9280410059
-29.9525850598
-31.0057591606
-31.4480414720
-31.3058467516
-30.5065021182
-29.9395304559
-30.0597961927
-31.1402705158
-30.7003559968
-31.1514764507
-31.5006534408
-31.3122666029
-30.5089514747
-29.9335973687
-30.0615322323
-29.4089224069
-29.3848185118
-30.8082040614
-31.6614500603
-32.5551220710
-31.4280310584
-30.1906723540
-31.0786650558
-30.0083519347
-29.5162086274
-30.8540828903
-31.6729615176
-32.5616286592
-31.4313451982
-30.1927669939
-29.8650360988
-30.9946088917
-31.7234516597
-32.5737628119
-31.4216849986
-30.1673296757
-31.0300611236
-29.9773530757
-29.5072552711
-30.8533061387
-31.6736126942
-32.5564516106
-31.4249175794
-30.1752020525
-31.0734543472
-29.3856366866
-29.1692570060
-30.4121086829
-30.5161933884
-30.2996467118
-29.8813983699
-28.4957137064
-29.7783609788
-29.0756066571
-29.0995383743
-30.3928322990
-30.5107328252
-30.3022915508
-29.7679654574
-28.4912901062
-28.9478828081
-30.3320230104
-30.4795255377
-30.2895256393
-29.8810747235
-28.5140424547
-29.7940306465
-29.1108841246
-29.2458498889
-30.4278055368
-30.5147745223
-30.3012325795
-29.7674942281
-28.5019225407
-29.7894801767
-30.4621107683
-30.4912997960
-30.0037665144
-30.1698450495
-32.4457451057
-31.9895602524
-30.5880273685
-30.8885693637
-31.0117168448
-30.6523825282
-30.0463648637
-31.1700498686
-32.8153131011
-32.0760981359
-30.6121247901
-29.8470957273
-29.8919829049
-30.1417654810
-32.4285051066
-31.9879743848
-30.5902747697
-30.9231322170
-31.0871471848
-30.6310153882
-30.0492660307
-31.1590756643
-32.8165170660
-32.0756359688
-30.6108185531
-30.9320312002
-29.6773949302
-29.3510142826
-30.8342796111
-31.4405108662
-31.3092670475
-30.5148936239
-29.9368118255
-30.0387242181
-29.2192849859
-29.4797246057
-30.8741658017
-31.4504545801
-31.3085161877
-30.5060658428
-29.9395667043
-29.7247586518
-30.9398025999
-31.4385314445
-31.3079426861
-30.5113076210
-29.9380377983
-30.0602013981
-29.1831660382
-29.3333147037
-30.8186539596
-31.4001689821
-31.3017092553
-30.5082549875
-29.9321060057
-30.0545893682
