-37.4930421132
-41.9736866082
-40.0045729908
-39.1986585722
-37.8611769522
-35.7673724471
-37.2364720874
-35.6917207459
-36.7246473211
-33.8301129846
-33.4603572902
-35.1642638173
-36.5346086236
-35.4433363634
-35.2433617159
-37.0852295397
-38.7321883464
-40.3333562676
-42.8348706851
-38.6399012218
-36.6843429881
-37.1727331692
-35.2868597922
-37.1563061736
-34.5440783058
-33.6335612122
-36.7859692456
-39.8604377243
-36.7216179887
-38.8327944572
-43.4810500031
-38.0191681691
-39.0374062963
-41.7059805906
-36.5507870570
-32.5373512893
-34.1535613442
-33.7450159811
-36.5822700821
-34.1557233065
-33.6505034563
-36.6493076100
-37.4599525193
-38.5155834705
-39.3878855480
-39.3879295604
-34.9011612871
-37.3920683252
-39.2206225088
-32.3304156260
-31.0581018546
-32.6297355188
-33.2393896237
-36.4561696715
-31.7491401215
-32.9210678096
-36.2449010726
-37.1328677046
-38.4265056311
-41.5449820689
-43.2802416990
-34.5464655155
-37.2679965348
-38.0490614474
-35.3852599547
-31.9403892905
-34.0080874488
-35.7237060723
-37.5275078766
-32.3863041929
-33.3755515633
-36.6580978424
-41.3578639862
-40.0653563664
-42.1567112043
-38.6465048973
-35.6686926560
-37.0069576019
-37.4623332600
-37.2522647452
-32.7091803633
-34.8969875354
-36.1279456188
-37.3367545776
-33.8127564700
-35.1409832862
-39.4227785018
-42.5983590061
-38.4514522902
-39.4922485507
-40.3887904231
-34.9046605397
-34.9987859978
-37.8692732817
-39.0514538433
-34.7444387399
-37.4154278264
-37.0477228094
-36.9002397279
-36.1721272317
-37.3071137456
-40.7686761519
-44.0596687812
-36.1859055077
-36.5171420749
-36.8118337789
-34.7872248025
-37.1303587929
-41.8206251863
-38.8513393971
-35.0181931309
-36.4696476104
-35.8421360652
-37.1253552161
-38.3575365865
-38.0351122908
-40.7522167963
-43.4844974820
-36.8929965230
-36.3897975744
-37.2423262104
-34.8115604185
-36.0178346382
-38.2511734345
-37.5455841723
-34.1140492949
-36.3693547662
-39.0906357693
-43.1394658932
-41.6805109238
-35.6911938477
-36.2321532892
-37.7115047375
-38.3219898501
-39.9432601119
-38.5410259595
-38.2004205072
-38.0942217696
-40.2415792230
-38.6264453018
-33.5848485348
-36.0379900292
-39.9439630891
-43.6839697743
-41.8117106764
-36.3571921362
-36.2638421587
-36.8204699579
-37.8581955208
-36.7356707164
-39.5061459212
-36.9753502947
-38.8623174881
-39.4391886772
-36.9979382220
-37.0226363284
-41.1608824611
-42.4351868806
-43.1353180489
-35.6992371057
-35.7515435494
-37.5216330414
-39.4192261645
-36.7760967293
-36.7378223189
-38.3211250643
-36.7445425083
-38.6656556983
-40.2759647101
-36.4308152224
-38.1681762643
-42.3435367015
-41.9367469156
-40.1339331487
-37.1816230895
-37.3802901964
-40.1843261773
-38.9527144920
-38.0218479502
-40.1902450167
-39.0364897253
-38.4285523663
-41.5423592281
-39.8373267903
-36.6437577273
-37.2423702277
-40.8852419211
-39.5952846166
-42.5803823840
-40.5931161265
-37.2607391000
-39.0588511005
-39.7347218217
-35.6571863769
-37.4917138755
-35.4125032143
-34.6916494248
-36.4636472054
-39.9658610001
-39.9666079812
-35.8465363598
-37.8987225132
-40.9534834054
-42.5425727294
-40.2219261188
-37.3563714301
-39.0123301666
-41.5359523357
-37.1211957143
-37.0570852448
-40.9728801608
-39.6954583464
-36.5842779915
-37.2030458959
-40.8140915061
-43.8526374171
-46.2568660444
-41.1252308652
-37.3660432804
-39.1144703773
-39.7737924112
-35.6900067126
-37.5235606805
-37.1928846931
-37.8871165544
-38.2759349767
-40.8969398021
-40.2187621587
-35.8803923635
-37.8908177740
-42.1801263743
-43.5108513458
-40.3801568238
-37.2149923280
-38.9958021936
-41.5713644246
-37.1414572732
-37.0236266803
-36.6930633165
-35.1577145117
