-37.3888745863
-33.8537844819
-34.8112432489
-34.8346674875
-35.7851471097
-38.8132514012
-34.7798495414
-33.5215950759
-31.8945881378
-33.5816716168
-37.0415062049
-35.8529691558
-37.5654534731
-31.2127880244
-30.6374028736
-32.6215006597
-31.1215818699
-33.0237996572
-35.7302540890
-36.3374743052
-37.8465533144
-33.2782906244
-33.0524721493
-31.1509676718
-33.1956468527
-35.7186416528
-33.4992932469
-34.9845830925
-30.7526533745
-32.0716991241
-34.3610743757
-31.7849574327
-33.8041539443
-37.4469626467
-39.3115852681
-39.0179189035
-33.4855602752
-32.7558825460
-32.2090274953
-34.5321279717
-37.0984226635
-34.6109721378
-36.6443687639
-33.4350623744
-33.3750518542
-34.5532077232
-31.1220220265
-32.3667637131
-34.1540118648
-35.3836080623
-37.9672669409
-33.4876536201
-32.3005119912
-31.6114000747
-33.9595780214
-36.5129450261
-34.8183272237
-36.2470604397
-31.8531846877
-32.1464019079
-35.5088799328
-34.2467365632
-35.3757861732
-36.3834359801
-35.8801826360
-37.3890752497
-32.7402297036
-32.1197968771
-31.3592147550
-33.3186855828
-37.1156678349
-36.2160408795
-36.7315254552
-32.2515119162
-32.9577822598
-34.8562275147
-31.0929999996
-32.6877575515
-34.2254432208
-35.4919830053
-37.7719567037
-32.9819728859
-32.7455763497
-31.3379175223
-33.2051439395
-36.0316297414
-36.5712583458
-37.4892839455
-31.3500464908
-32.6034515357
-33.7569585350
-31.3693423015
-33.4417074795
-34.5028315123
-35.9595536841
-37.8272626941
-31.5401149951
-31.6513833597
-31.8461123710
-34.2380434091
-37.1200733138
-38.0380419373
-37.3374678951
-33.4637413340
-34.5087322306
-35.4726211838
-32.4985978617
-34.2445461186
-36.5433457847
-37.2016982296
-37.8337731633
-32.8371708781
-32.1251150341
-31.9352200108
-34.0492669250
-37.7767311323
-35.7815119107
-36.6480855266
-31.9778455350
-31.1863940194
-31.6961902741
-30.7582434028
-33.2554476555
-36.3704797642
-34.1755563560
-34.9823900675
-34.5697201637
-34.1346306201
-33.7463468160
-36.3367066061
-36.9348155254
-35.9577982309
-38.0907937059
-36.4685265008
-36.3604493163
-37.0500673034
-32.0751582578
-32.3845086038
-31.0814289960
-31.8831401166
-31.3547989227
-32.2695830447
-34.5585077574
-35.0220807719
-37.1209147918
-37.8663268134
-35.8161148927
-37.0124790081
-34.3264027783
-35.7583685976
-38.9298236527
-31.0777381203
-32.2737490139
-31.3865822984
-31.7501343698
-35.1501256413
-34.3246201318
-33.7591528552
-34.3615960923
-36.9875401036
-38.3800287158
-36.0537865763
-37.4519196131
-32.8266640192
-33.7209107901
-36.2758093075
-31.5574028938
-32.9975985305
-32.6241221954
-33.7655688190
-37.4236031424
-35.3235832986
-33.6848034979
-32.4433216369
-34.9276342617
-37.9403434479
-38.8987445401
-36.1046793231
-31.8138189262
-33.3220566841
-32.6348374800
-30.2829232479
-31.9661541347
-35.2394624182
-35.9563003936
-38.0058688902
-34.9797529929
-33.8609927393
-33.0337407896
-35.5584457286
-36.8188115936
-34.0214398099
-34.4071331445
-31.0620231486
-32.7243567875
-35.5418724550
-35.2120767567
-37.0456877126
-35.4681846362
-34.9510675701
-37.2417449380
-34.3935296352
-34.3111719793
-34.2341208253
-36.9149436214
-32.7345011609
-30.1914491046
-32.2320879523
-32.4575439581
-31.7493239588
-33.7130435893
-31.8310239729
-34.1049638810
-36.3964245573
-35.9086842407
-37.8048754217
-35.1733543995
-34.8380502356
-32.9326388155
-33.6580780737
-37.3629310908
-32.1215432656
-33.7942115192
-33.4221670066
-34.5837495861
-34.4414694435
-31.4235194222
-33.6549736468
-35.9060885960
-36.4283736349
-39.2631444638
-35.1213275876
-33.4810214654
-35.2088001530
-34.8274436908
-36.3362055979
-34.5803422386
-35.4213413487
-35.7204916169
-35.5497538924
