-23.8352478361
-23.6380189258
-24.4628839263
-23.4607538252
-21.9516352358
-23.2368680888
-23.1591450194
-24.2216261373
-28.2691650162
-31.1844922472
-30.0746282239
-27.7634440298
-30.3104292446
-33.4582366842
-35.6362127268
-27.7784172586
-25.7908690762
-25.3831417739
-22.6365826922
-20.2077873530
-20.2850146074
-23.6466292068
-24.2626748784
-25.2820954403
-27.6466102741
-25.8238965571
-24.1326362868
-27.0825785558
-30.8268253495
-25.9248185951
-25.5020391490
-24.1301066714
-24.4997809281
-21.6341431221
-23.0421325292
-26.6879330566
-30.4977856507
-26.5441964731
-28.2939382271
-29.5444150522
-26.6182597469
-25.2334578378
-28.2902460618
-26.1566647293
-25.2374632896
-24.6494881628
-24.0574842702
-23.2927268985
-20.4744164710
-21.5862317867
-25.5528840136
-26.1670201284
-24.6368465278
-27.2393697605
-29.6071972785
-26.1942103112
-24.4075092921
-23.3135321881
-23.5893152982
-23.5794466702
-20.2366967599
-19.2371440426
-18.4251833329
-20.4970471315
-23.3438255083
-26.5468361395
-29.8033723795
-25.9838297142
-27.3310471689
-29.9611008300
-26.0714343587
-22.4063521825
-22.2639010911
-21.3539933682
-22.7252592679
-19.7144593310
-18.3833189965
-21.4482754828
-25.1366991790
-25.4784919252
-27.2418980934
-29.8482996862
-25.3179360481
-26.8683439903
-28.8814588761
-22.5677443592
-19.7896307772
-20.1088693045
-20.8706660453
-19.0051709893
-17.5537117557
-20.2642533152
-25.4558314792
-26.2240285154
-24.3171937878
-24.9510632922
-28.3985317177
-23.2147824368
-25.1244510855
-24.1429230709
-19.1229459794
-18.8379622048
-20.2963487080
-19.6515126610
-19.0899184999
-22.0205123949
-27.1886336417
-32.2058648123
-29.6054884413
-25.5664046764
-27.3835698167
-29.4855761303
-24.5663925516
-22.1505497111
-20.5739882832
-22.6030218381
-20.2747368827
-19.4931226072
-19.9383334458
-18.6886925134
-21.2601164342
-24.6027859659
-26.7633466006
-23.0519234910
-20.3075468841
-22.4378468772
-26.6298061585
-27.0088363466
-28.9958510770
-28.9798292674
-26.9190801175
-25.9354976451
-28.6679285801
-29.5237922681
-31.6767999191
-33.0772543885
-31.8990531336
-32.3099158488
-25.1123182163
-23.5509191671
-24.8144223098
-28.1362395100
-24.9424607637
-26.4389673417
-27.8526746962
-25.7823830610
-26.1795853782
-28.9772168233
-29.9241973528
-32.1475191000
-28.7361739807
-27.9696794033
-26.7601308501
-27.4881891910
-23.3423263731
-24.3546681640
-26.3109625640
-24.1487163410
-24.0661890668
-25.9405141631
-26.1861088001
-24.7959330383
-27.7870754392
-28.1270673999
-29.5343315315
-29.3703670488
-27.1622163285
-27.4669437572
-25.5958448448
-26.0051282381
-27.4221044462
-30.1143163490
-25.7545766405
-27.0653282070
-28.4361717954
-25.1751975791
-25.1452046120
-26.6791117689
-27.8137180248
-26.9455582942
-22.3764019281
-23.3282102061
-27.2291710171
-31.9172006539
-33.6550448595
-30.1425331266
-27.1743440035
-26.2404257456
-28.8559879047
-29.6509931023
-31.7163391615
-32.3974518733
-30.4612498646
-28.3211090083
-28.2611968658
-25.3565419111
-25.4549162066
-28.5569708922
-34.0562744925
-34.3125597702
-30.0043555053
-26.2838927634
-26.3133912056
-29.0651153252
-29.9273820316
-32.1260639267
-33.1121175984
-33.4342597271
-31.8552650697
-32.2461316082
-24.1853686583
-24.6904682770
-26.4551393201
-29.7227442611
-26.9441510711
-26.9477875669
-26.5745040392
-24.9322374229
-27.8672116066
-28.1552000478
-29.5513501583
-31.2972765925
-28.2311132701
-27.8092077005
-26.7370134272
-26.7090089338
-27.7723585851
-30.3844834858
-35.0339999997
-34.4139038290
-30.3053778140
-25.5015174269
-25.3318321469
-26.5455855737
-27.7889267034
-26.9558295399
-28.3928070651
-28.8318205895
-27.0560952276
-27.4402908200
