-21.6695435906
-25.7044955756
-20.6841433217
-21.1537325085
-20.8226459354
-20.2351846756
-23.0012546847
-25.3145740102
-27.7509810804
-23.3377124263
-22.3028590333
-25.2810208761
-24.9070460256
-25.3296507204
-29.0964442544
-27.6509160748
-22.5978629131
-20.4924733631
-23.6830536843
-18.1392829709
-19.0929814851
-22.1890002158
-23.1797444738
-21.4829950031
-20.3514242966
-19.3604546879
-21.8654235528
-20.3705673426
-20.2963771919
-22.5917680010
-26.2488418494
-22.1743908055
-20.5974630177
-23.2512664658
-18.9439875330
-18.3900586126
-21.3187611948
-20.7628205256
-21.9544781454
-21.4957557431
-19.5769082356
-21.9819505568
-20.3864816923
-21.5358400088
-25.9956324587
-26.5387631061
-20.4679344705
-19.1899123506
-22.1845623681
-19.9200616496
-19.6081103575
-18.8112264117
-19.7626205338
-22.5434501609
-20.5374395210
-18.5677147067
-21.5016396264
-19.9838122446
-19.0220096743
-22.1103424455
-23.3879890240
-19.1832620565
-18.2446584333
-21.4235268777
-21.3191236845
-19.0710628473
-20.8177679485
-21.8429275344
-23.8047823423
-22.6163496124
-20.5410475369
-21.6038135632
-23.2674177349
-20.7677244221
-22.6884645316
-22.2038530091
-20.2473097788
-19.5641008927
-22.9180153768
-19.7797375469
-19.4490587684
-21.8035785817
-23.6744964819
-24.0174362455
-21.8099207622
-20.4231262529
-23.0701059494
-22.9744735834
-20.3562155609
-20.6798349566
-22.3017651564
-23.2748693740
-22.3065939611
-24.7547393011
-21.4688270488
-20.2778969737
-22.5314868909
-24.0238094922
-24.6330520984
-21.7355014669
-17.2107175398
-19.3221025577
-21.0277692693
-18.6478910296
-19.2175543596
-22.9144941027
-25.9963988610
-21.9734218262
-24.1865985135
-22.7297696014
-21.7648316203
-24.0293309003
-24.5692587762
-24.8446120630
-26.0942255485
-18.9848278494
-20.5900877529
-20.8748281370
-19.3948156012
-20.1933889655
-24.0707602390
-24.2706236382
-19.9678396527
-21.3938148353
-20.2613469778
-19.3605737907
-20.5620625557
-22.2735833044
-24.2463190803
-21.6315215941
-18.9442361011
-21.3851126205
-20.5835734001
-21.2124018721
-25.1688566885
-25.5193102220
-23.6826562558
-21.5471611753
-23.6603660670
-20.4453284062
-20.9469301211
-24.0431583726
-24.0451494512
-24.8598156885
-22.4738739215
-20.3076426821
-22.9372477511
-22.0206625764
-23.1964524010
-25.9691491122
-28.3542672405
-24.8269590896
-21.0661848205
-22.6197012873
-19.2855046030
-19.2949537945
-20.8923309450
-20.9863088478
-20.3154568061
-19.1915862523
-18.1744957319
-21.0779318882
-21.3910211224
-22.1197281987
-25.6983864274
-26.9102510476
-23.4812807821
-20.7241279328
-22.7078936808
-22.3761197054
-20.6694536702
-22.0414769352
-22.1996818497
-22.9545097757
-20.9278893460
-18.9161332200
-21.8151974854
-20.1090816131
-20.9184233295
-24.4156664775
-21.5292013716
-19.6825956781
-20.6672373380
-24.4468750592
-26.0912402372
-21.9177118964
-18.9786345561
-21.1450950268
-20.5202901369
-21.1662938867
-25.1075916949
-30.2079265757
-34.1440034121
-25.9793970445
-20.0968283519
-18.5289496111
-20.1834698415
-23.5574451706
-28.4815405644
-28.1738394969
-22.8903474889
-20.3452115773
-22.9273687637
-21.9690059954
-23.1501929518
-25.9278531104
-30.4736066722
-27.7292204010
-24.1145276144
-21.5881464822
-18.5625415374
-19.0776742987
-20.8054538466
-24.6173306285
-22.1321458702
-19.6074695370
-18.2420161817
-21.0858327485
-21.3534548173
-22.0651458530
-25.6377946195
-30.2647731394
-30.7721601997
-25.0827214078
-21.0281563476
-20.4476638452
-20.1397736721
-21.7882092559
-26.0913839232
-25.8506957847
-21.3270905659
-18.9582033940
-21.8127403605
-20.4190068757
-21.0019189683
-24.4815233695
-29.2452090534
-28.6926668385
-23.7003415941
-20.7188408421
