-24.4565249147
-25.0291423771
-23.7294503730
-19.3685303164
-21.8183355721
-25.6117035369
-24.7779628932
-28.8063664264
-34.1958295595
-27.9593045863
-31.6880434310
-27.2001127423
-28.2584329249
-28.9609296424
-33.3778792142
-26.0299169836
-23.6199089586
-27.0100273692
-18.7988152037
-20.9519207497
-25.6018374847
-30.9320001061
-33.1357256574
-37.3330442693
-25.9777995297
-29.2736523996
-23.9631348253
-25.9615589579
-29.1127988132
-23.5505799835
-24.1595999322
-25.7241655254
-28.9849895233
-18.0286204319
-20.6279673529
-22.8847134525
-27.5139786407
-32.2971046294
-37.2895047724
-27.6309354320
-31.1882931602
-24.8871159160
-26.5510176568
-24.8088012294
-24.4725635464
-23.9702045648
-24.6597645866
-26.3329524017
-18.0966742536
-21.8173995747
-23.5321502555
-28.1270505530
-32.4622329355
-36.0482742121
-27.2233389012
-30.5687069499
-24.8185352145
-22.3945119028
-22.4118567696
-23.3500951906
-23.5520584064
-22.8624180893
-20.1664900509
-20.8901223816
-25.7902748476
-26.8952817477
-30.9441303852
-31.7097329280
-35.2246432876
-27.1583260892
-30.8391278167
-19.3695439699
-23.0567807778
-25.8932863727
-23.7886284958
-22.3566931565
-20.4747608335
-23.9668645242
-24.1375453607
-28.5249311987
-27.0937832118
-30.6571452946
-34.8897495096
-38.8642658254
-27.0462201108
-23.3417904198
-17.8264526360
-21.1832516663
-22.6451062566
-22.6366966257
-22.1363765833
-26.1602688503
-30.2646618174
-25.9412947988
-30.0437070592
-28.9649816965
-33.0365176615
-35.7725546496
-40.1372394896
-25.4214641110
-22.9846839920
-16.9662387662
-20.0736306602
-21.2215325926
-21.8108438058
-25.9302480902
-30.2197733447
-33.1713086498
-25.7805706367
-28.9411638950
-27.7393233555
-31.7952882124
-33.8901131424
-24.1178275154
-27.2099930177
-23.5099947092
-17.6051741535
-18.2727885026
-19.5562362819
-21.2240855158
-26.0652177502
-31.5029215376
-34.5500023268
-30.1617992025
-32.4551916941
-33.0574925483
-32.9191608858
-33.2897477081
-37.2609591691
-31.5601901349
-35.1852619864
-26.7161408115
-28.0608532110
-32.4582261956
-34.8078074218
-36.1517025543
-36.7999417129
-34.9692150701
-28.0517224923
-31.0077605821
-34.7989615079
-38.2437658088
-36.4810852553
-38.6545364954
-31.3940080361
-34.8059108348
-28.0618474455
-29.5105849431
-32.6331092018
-34.4861093458
-36.5785455641
-35.9433040461
-34.9916269401
-27.4278511388
-31.3065755881
-29.0807215662
-33.7883535185
-37.1899744586
-39.7776153184
-29.5910551078
-33.5254089132
-27.7985234770
-29.1917646751
-32.6825546135
-35.6527588907
-36.4543443148
-39.8642761671
-37.7354584508
-28.6415242128
-32.2836033940
-29.7383233133
-33.2943486590
-36.3143193394
-39.8154068531
-31.5881337716
-34.9554264210
-29.1667959894
-31.6968064856
-34.9584868282
-36.9028081902
-35.2961691598
-36.9286118656
-35.8855849361
-26.3258464167
-30.3470194746
-30.0471804453
-33.8088921241
-31.5193860878
-36.4380286423
-30.5635169609
-34.1360145145
-29.6987219373
-31.2661301490
-33.9782770217
-36.6389418660
-32.3203152732
-33.3510217499
-31.2762460428
-24.3984679013
-28.3745805717
-29.0522782153
-32.9402444976
-36.1089385058
-38.9983835818
-30.1668493682
-30.7791004739
-26.9310718727
-29.9261806783
-35.0404379864
-34.4444819461
-31.8542656756
-30.5830665116
-29.9361930127
-25.0674401097
-29.1837874148
-26.9626144580
-31.4016991581
-35.2838200908
-38.5999852602
-32.9592541963
-34.5554874854
-26.7170547899
-30.1548382047
-32.8449849958
-31.5055922843
-32.7901787162
-35.9864176272
-31.5026859335
-25.3896833091
-28.8291576099
-28.6059451054
-32.4043274060
-33.7611542791
-31.3277304292
-32.0220284593
-36.3024337374
-28.1913008656
-30.5060114608
-33.8840389508
-33.0502221617
