-19.8398063544
-22.3444800208
-23.4135480338
-20.1386771527
-19.5094641700
-23.7521625753
-22.6885357263
-18.7007891148
-19.7543079843
-22.2267529351
-21.6251535215
-20.8565472818
-22.1578887125
-26.5908274521
-20.3938582388
-19.9620463787
-22.3802455594
-24.9529728063
-21.1468492008
-20.4562171791
-23.5101034493
-23.1779773601
-18.7155189248
-20.3221601649
-23.4113588856
-22.7918709038
-21.0217766274
-23.5474121223
-27.1004373814
-21.8714925746
-17.8818453956
-21.2643497199
-24.0019944162
-19.7541992482
-21.0785403562
-22.9308926378
-22.1569061264
-18.9633532523
-20.4341561245
-22.7759228970
-21.7925525910
-20.0377369600
-21.9853177728
-23.5570567980
-20.9708566579
-17.9719330776
-20.9520450222
-24.2215665874
-20.8435082110
-20.2939718491
-22.3602299606
-22.5207185232
-17.8405830446
-19.6540837000
-22.4411195933
-21.2280767215
-19.1066833877
-20.6710188159
-23.2085062963
-19.0637134713
-18.1070011684
-21.5496364132
-25.5830802308
-21.1769923413
-21.2730105167
-23.6311498486
-23.6890955276
-20.5008752218
-21.6020257368
-24.1346972681
-21.8890497564
-19.8671868602
-22.7800383802
-26.3004336936
-19.2967506705
-19.5147577233
-22.5007469380
-24.6390978058
-20.7187411537
-21.6517857494
-24.2577865204
-24.1383234047
-19.9648776362
-21.4712375639
-24.2317523914
-20.9085313913
-18.7252762293
-20.5287282503
-22.5287630855
-20.1333305103
-20.1486040315
-24.0349688031
-24.6710443017
-20.8846190877
-21.7724152978
-24.0141078603
-23.6072789711
-19.7444328805
-20.8828688048
-23.6799609152
-20.1233000571
-17.5611038423
-19.9141026683
-22.9888240752
-21.2430084722
-20.6634726743
-24.6146689560
-26.4477226249
-21.5020551944
-22.4617229329
-24.7410827175
-24.5250253504
-20.2474560615
-21.5773923436
-26.1826625907
-22.3319316007
-19.1845216925
-21.8553956860
-24.7368287120
-22.3350075299
-18.3485088561
-22.0606316174
-22.9701910849
-19.7042230334
-20.0858891037
-23.7096690862
-20.1819253945
-17.4321992723
-18.9103360550
-21.5008201588
-19.9131835110
-18.7635208960
-20.6453122103
-24.9713947536
-20.6141295177
-18.5972299777
-22.4270720237
-24.1237618963
-20.6499753228
-21.2984232499
-21.3258283479
-20.9686545746
-17.3964337331
-18.9165539525
-21.5866564088
-21.6276624321
-18.8485506258
-20.5583367238
-25.0752865818
-17.9971063099
-16.9956931996
-20.6215785624
-24.8863080917
-20.4143411922
-21.5714955141
-22.7481592025
-21.8162836514
-18.4398509892
-19.5652556579
-22.2498548304
-22.0143113346
-19.5506760268
-21.5828140699
-25.3161326908
-19.3949722371
-17.3840341859
-20.4767221220
-24.6239084297
-21.7065415753
-21.2132032220
-22.8930195158
-22.2195252639
-16.9296589267
-18.9832834096
-22.5119023892
-22.1555675241
-19.5889401169
-20.8051017061
-25.3148678671
-18.8392723228
-19.1482137187
-20.3973808184
-23.6296079971
-23.0391821853
-23.1346449717
-24.7346279133
-24.2559857504
-21.4239981160
-22.8151682755
-25.4005914958
-24.9627663512
-21.5044631299
-24.3800148680
-27.2328113982
-20.2590620278
-19.6302814358
-21.4104101420
-22.5675100488
-21.1456685369
-21.2969966123
-22.8702568069
-23.0335753328
-19.3544736923
-20.9158574532
-23.8287969085
-22.4334219865
-20.7877943950
-24.0911434997
-25.6778866644
-20.7433538282
-19.3115529692
-22.9770446105
-25.3542116386
-20.6065484169
-19.7027187229
-22.0669077818
-22.4214392913
-18.7331550742
-20.3491988942
-23.0574306647
-23.1045859754
-20.0435988510
-23.2638330181
-21.6075626878
-19.6222627666
-19.2753615202
-23.0208883746
-25.0532022505
-20.1298286521
-20.4994408228
-23.1540585839
-22.9944153913
-19.5358581900
-19.1348018033
-20.3553067585
-22.1557228774
-21.5029135115
-23.1781586031
-23.4741230213
-21.5192214080
