-22.7433433355
-24.3817742212
-23.4540905946
-22.0386159021
-21.3635733073
-20.7408462239
-19.7196156707
-20.8357808230
-24.1645154710
-24.8615931574
-23.5463078530
-22.0403558260
-21.3541344786
-20.7373534301
-19.7096680690
-20.8573680492
-22.5143206825
-21.8366630340
-21.2977824319
-20.7100376587
-19.6955764964
-20.8247211717
-22.9033813882
-23.6364654254
-23.2878372454
-21.9921428445
-21.3308979492
-20.7256503698
-19.7040922855
-20.8391040259
-23.4246206335
-21.1011011083
-19.5121853918
-19.0359886199
-19.0549905591
-20.7800294623
-24.0338994955
-24.1772580880
-24.3178838048
-21.2340344070
-19.5280104156
-19.0413326725
-19.0510032330
-20.7752537331
-24.0345571453
-21.3714858109
-19.5255778878
-19.0270922222
-19.0357970212
-20.7668207979
-24.0277722191
-24.1265154881
-23.5502602261
-20.8588425845
-19.4560857858
-19.0141398853
-19.0357374702
-20.7666434398
-24.0273683082
-24.1278838656
-22.4797953620
-20.8981268094
-19.7914872223
-20.3703925770
-21.1265733937
-20.4459990093
-19.2742494763
-20.3537946831
-21.7427874054
-20.7512288058
-19.7595148229
-20.3468932458
-21.1207490499
-20.4423482759
-19.2707294958
-19.1592552521
-19.3549138605
-20.2200056600
-21.0575499357
-20.4033488625
-19.2469246415
-20.0906492967
-22.1522145517
-21.1448762534
-19.8186567062
-20.3676817131
-21.1100143403
-20.4233450430
-19.2498426392
-20.0967998764
-20.4052998041
-20.5466763987
-21.2752579247
-20.7806910013
-20.2478224385
-20.1907480107
-19.7337473758
-20.4320239488
-20.4131695945
-20.5488331796
-21.2733937205
-20.7823260639
-20.2503934869
-20.1935973952
-19.7419032699
-20.1343881926
-21.1384330988
-20.7346943495
-20.2241017329
-20.1730328912
-19.7159053865
-19.9278149333
-21.2280482460
-21.5251558001
-21.5084349238
-20.8207519750
-20.2472256342
-20.1856589918
-19.7320268705
-19.9342218412
-22.7292776571
-24.3643969912
-23.4542317045
-22.0403571206
-21.3643215781
-20.7450562187
-19.7235538024
-20.8468831953
-24.1685416340
-24.8684945960
-23.5555175391
-22.0522504846
-21.3679192334
-20.7438742614
-19.7154004974
-20.8576308503
-22.5094828137
-21.8293926375
-21.2980840705
-20.7102719788
-19.7010396509
-20.8333936058
-24.1630849533
-24.8739577495
-23.5393144983
-22.0396166172
-21.3496448534
-20.7296700603
-19.7052833050
-20.8348228289
-23.4037570821
-21.0963538602
-19.5035776870
-19.0334887736
-19.0451335783
-20.7691523478
-24.0264025470
-24.1166261448
-24.2770383168
-21.2360397212
-19.5377185188
-19.0413676264
-19.0572405502
-20.7871393300
-24.0456802296
-21.3629221224
-19.5276699394
-19.0225132701
-19.0354008777
-20.7698048193
-24.0223090654
-24.1290218070
-24.2675606518
-21.1832218950
-19.5157843419
-19.0292179331
-19.0437522546
-20.7734736770
-24.0217265017
-24.1289389534
-22.5001760332
-20.9067707622
-19.7974487925
-20.3771606744
-21.1234845107
-20.4418420926
-19.2773085839
-20.0914402891
-21.4943032201
-20.7158063350
-19.7543623692
-20.3511071243
-21.1152625931
-20.4391402909
-19.2640584922
-19.1509116428
-19.3531829985
-20.2133191216
-21.0684205769
-20.4110697754
-19.2475835859
-20.0976258224
-21.4640461495
-20.7009781432
-19.7342587376
-20.3405821373
-21.1082990134
-20.4203364244
-19.2466178244
-20.0960619622
-20.4027494691
-20.5489354519
-21.2798498224
-20.7834432919
-20.2514058535
-20.1934769987
-19.7395768983
-19.9405368336
-20.0132925869
-20.4347594103
-21.2453581596
-20.7776072968
-20.2470314462
-20.1900877717
-19.7400377710
-20.1384506047
-21.1490512957
-20.7363954359
-20.2285784125
-20.1753916275
-19.7243758651
-19.9242910693
-20.0021850362
-20.4286748545
-21.2377226897
-20.7577910640
-20.2347354652
-20.1754006896
-19.7239952568
-19.9341519336
