-26.7945085757
-25.1621015497
-26.8276098468
-26.0070002240
-22.7611115372
-24.1232841958
-23.7951842780
-26.1461384428
-30.3243642272
-29.7992516818
-28.0578691500
-29.9058880049
-31.9748459543
-34.3756112373
-32.7212303372
-28.7325569144
-26.2742377461
-23.3139516384
-22.4047689113
-22.4685635321
-21.7152657951
-23.7942754752
-27.5206561262
-26.8782657098
-27.1674995357
-24.8693127743
-26.3952556515
-27.7166460973
-29.8268302750
-29.1166838712
-31.0371684003
-26.1944899461
-23.6126825817
-22.6417209140
-24.8617251981
-27.0330554785
-29.0552868367
-30.3611058811
-30.9176250495
-28.6822014060
-26.0371045296
-27.2369242978
-29.0656435246
-26.4479284765
-26.9739809306
-26.4915107161
-24.7325708181
-23.1667882570
-22.4525611519
-22.9864498077
-25.4424532351
-25.7619091884
-28.3001354160
-30.6811805904
-28.4998447276
-25.4494077529
-26.5591955587
-26.4275335642
-24.3575227357
-25.8983909224
-22.9260444090
-22.3348884404
-23.2341831209
-26.1467922131
-27.5280042019
-27.4910618954
-28.9930405553
-27.9764099453
-31.0133959221
-30.0158048681
-27.3198748995
-25.3970391553
-23.2608671287
-23.0102171166
-25.1888528770
-21.8976924148
-22.3069901047
-25.3351501660
-29.3829931389
-28.0623355102
-28.2756043134
-29.5855013372
-32.6145461427
-32.0430046370
-29.8444534745
-24.2427343677
-22.4228698153
-22.4142116228
-23.0168661114
-21.3941138909
-20.1903648129
-23.0425480991
-27.7233546354
-31.5350518726
-27.9371801117
-26.2372824943
-28.6215060339
-31.0099575011
-30.9240746761
-27.2921992347
-23.2805526029
-22.5268445102
-23.4376791253
-22.3027192665
-20.6726422373
-23.1787243294
-28.3871393575
-30.5209212139
-32.8716948948
-28.3020449362
-27.9047740416
-28.9665908709
-30.8640266038
-25.5002979242
-21.3035226238
-23.4070142521
-23.5734527364
-22.2279582052
-23.0060407815
-20.8653815418
-23.3871061041
-27.8777974507
-31.0421629079
-31.7883544202
-25.8454682369
-25.4039043469
-25.8898751398
-27.7306146687
-29.3538792020
-28.9994060358
-26.1918010928
-27.5080792230
-29.4483075951
-32.1294363585
-33.4944411393
-31.3988588559
-32.4139436014
-30.1331487219
-29.5046298493
-27.3705022756
-24.5465918665
-26.6332937719
-30.0493967813
-30.7733499266
-29.6266588145
-26.4385556746
-28.6026594490
-30.5010609731
-33.1570552595
-33.1744208353
-27.5494787854
-27.2642025185
-28.5651527029
-29.4559326994
-28.2574723385
-27.3532946325
-26.7008970634
-28.0764568521
-26.7264664319
-25.1689136636
-25.2177661649
-27.9255599016
-29.8029904768
-30.9884091151
-31.2947858038
-30.7689224381
-32.5681714939
-30.6808970730
-30.2782394344
-27.6216946716
-27.9104986941
-29.3250720745
-31.8013132294
-30.4974943880
-28.8095847794
-25.8029475656
-28.0586562906
-30.5827855859
-31.9508236541
-29.1646702863
-24.7802387725
-25.1498715963
-25.8358701862
-29.0460253553
-30.0149841005
-29.1524960024
-26.2331281639
-27.4400577896
-29.3923646532
-32.0920927361
-33.5497885641
-35.0185258365
-35.7892690673
-33.9938625434
-33.5214215948
-27.6270477953
-24.5866127023
-26.6594495885
-31.9892042251
-32.1955003709
-29.8770136065
-26.4531599000
-28.5895452932
-30.4457523803
-33.1482831459
-33.2256566563
-35.5890756300
-32.9231818611
-32.9249658074
-30.2396426526
-28.5745034990
-27.4476440620
-26.7552968640
-29.5669382555
-27.4475262545
-25.3293568999
-25.2534514312
-27.9163994112
-29.7761135787
-30.9741117089
-31.3138537587
-32.7244111654
-27.5825800553
-27.2262025349
-28.5279838451
-26.9318926352
-27.6708190415
-29.2151876197
-33.1319001555
-30.7996442585
-28.8223351564
-25.7925403880
-28.0584349164
-29.3067381439
-31.4261474344
-29.0985868525
-31.0269139812
-31.5204748419
-32.8257940667
-30.7436197585
