-23.0662972916
-25.2149646662
-26.9476296311
-27.4785315937
-30.6919049334
-30.3510780167
-27.4795750294
-28.8730803292
-26.7474464901
-26.9544287955
-30.8775317108
-32.7054713802
-29.7957873990
-31.4755552941
-25.7271870792
-21.6910350207
-24.1355685135
-25.0556878638
-25.7731203013
-29.2786003135
-27.4300247465
-24.5415844069
-25.1303129874
-24.2229543882
-25.1981454162
-28.6838222132
-28.6313448872
-26.5892364286
-28.9001449407
-24.5427689445
-22.9016401688
-25.5331778184
-29.3372424755
-29.0397971151
-31.7682430214
-30.3113135127
-26.7097248441
-28.2978504706
-27.9930932834
-28.0361654564
-31.0853489963
-30.4648876508
-29.0148763363
-30.9310201173
-24.7723948627
-22.6718627648
-25.4304187546
-28.2545556395
-28.1614658457
-30.6299214500
-30.6340447157
-27.6515633706
-29.2296507269
-28.0744010515
-27.6896267909
-30.7234177357
-30.9466393021
-29.4450866639
-31.7022851770
-24.7257703420
-21.9807453055
-23.9469110667
-26.1260684872
-26.5146488539
-29.5899068033
-29.3705094499
-26.2693519761
-27.5752824721
-24.8770479176
-24.8255246897
-28.6695377486
-29.2909493778
-26.0575576921
-28.1059902319
-23.4609454166
-21.3734328753
-23.8341849743
-26.8404482626
-27.6847319626
-30.6893740111
-29.5838131941
-26.0832125073
-27.3457950970
-24.7704853564
-25.3617513245
-29.0296423710
-28.2351459087
-27.6894766196
-30.3340723312
-23.4841560462
-22.6507040470
-25.8837478521
-27.5869078636
-28.1504476241
-31.5986134438
-30.3122559713
-25.2113734923
-26.3343531386
-25.1430517126
-26.4545179124
-31.2446529587
-31.4957236510
-28.9696150210
-27.9591829010
-23.9699288114
-23.4840188382
-26.2985112294
-28.0253789665
-28.1252420358
-31.0573781672
-29.0044225491
-24.9848299859
-27.1254940894
-26.6905183676
-25.9531402674
-28.6904284877
-29.7311551996
-29.0632472468
-28.7878797517
-25.9043706163
-26.8846117690
-29.6743966665
-31.2357578729
-32.1333965034
-35.0791616376
-34.4300796712
-26.4861304037
-27.6231821501
-26.9514188800
-27.8586971299
-32.4112534406
-31.1667447886
-31.1733795471
-32.8893168001
-29.4558187767
-27.5454163825
-30.1720147706
-30.4207124960
-29.2653826010
-30.4736092772
-29.3675513225
-27.5787157249
-28.7444114363
-28.0282542401
-29.1079881342
-32.7030906230
-31.4231362229
-30.5759475875
-31.6959093470
-29.8553137569
-27.3299040557
-28.9880356775
-31.7872850998
-28.7951812125
-29.4462090684
-30.4959615988
-27.2986385056
-29.1133502973
-29.3298478004
-29.7508341988
-33.8908290426
-32.4309428046
-31.4900650223
-32.2402399653
-29.5012199064
-28.0364658012
-29.5318731146
-32.4212502430
-29.3388464633
-31.1426693652
-31.7923611690
-29.0645314744
-31.2163080038
-29.0791667648
-29.7356836596
-33.8744926648
-32.0359892703
-31.8675028145
-31.0722206065
-28.7022480667
-26.6564979427
-27.2249985742
-29.4838232615
-31.4946659792
-35.0357256960
-33.9953551983
-28.9519387409
-29.4528787676
-28.0782187841
-28.7546270124
-32.9325067583
-30.1008164309
-30.8338510976
-31.0687291089
-28.5250205420
-25.3181017687
-26.5748173289
-28.0732009731
-28.4047107858
-31.0885958143
-30.6395725959
-25.9309730648
-27.6423109571
-26.2183090346
-26.8419758725
-30.3944802952
-27.3112930800
-28.6210464460
-31.8863791712
-26.6150504683
-25.5763574574
-28.3239842757
-28.9362069370
-28.8434446756
-32.0931711212
-30.3091023653
-26.1198363429
-27.3728778320
-26.1913803499
-27.7867168455
-30.8667801885
-27.2352232092
-27.4144910131
-29.1210440345
-26.7612972685
-24.6579974787
-27.2672059520
-29.9190617572
-30.2922714542
-32.9585835975
-32.4448181750
-26.8783718600
-28.3977536688
-26.5757934391
-27.4138851428
-31.9155151072
-31.6821427189
-29.0115971488
-30.2895554091
-27.5728111120
