-32.8398843356
-34.3772061979
-36.5654572826
-37.9895777953
-34.5039862449
-32.7458365168
-33.9689365380
-37.3798823392
-42.0396896917
-44.1755742553
-38.4409919921
-39.1825603593
-41.8051419070
-43.6853898929
-45.7450413802
-38.0236241289
-31.8254067630
-33.0802112325
-35.4053648715
-29.4761243560
-28.1006034762
-30.8301925921
-33.3995829555
-36.1393496102
-33.8958844064
-31.3584108204
-32.8139615489
-35.1763552460
-35.3187363716
-31.3027824573
-33.6373064334
-35.9572959284
-35.3937796246
-33.4240972372
-35.0292113492
-37.6541468286
-41.0737685129
-43.5640898868
-45.8550371491
-41.9040366128
-39.3326559428
-40.6576693432
-43.9780374158
-35.1617432438
-34.8250189283
-34.2079002878
-31.2554834741
-31.3613339943
-34.0268356402
-32.5477506966
-29.3409074487
-31.2270893183
-33.3783090323
-36.0018581490
-33.9095047475
-32.9663796099
-34.1696802324
-30.7192595318
-29.7460105715
-30.3175495392
-32.2130627183
-29.7409681592
-31.0956849740
-34.0586526746
-34.3031986264
-32.6796547469
-33.4157885788
-34.4110453807
-36.2161263135
-31.8882343052
-31.1183622380
-29.7547063053
-31.4722100897
-29.6165934075
-31.3005829609
-32.6594980486
-32.1666686528
-33.8370416033
-36.9971601752
-34.0951418627
-30.7900047713
-32.7343095627
-34.7466524829
-36.0363743907
-34.5005659828
-28.7440372967
-30.6028205895
-32.9542584010
-33.3361948629
-33.6610426723
-37.2956980830
-32.4363425194
-33.7133050976
-31.3501358215
-29.5388587023
-29.7545755538
-32.7382748856
-33.6910123340
-33.3406754215
-31.6102789505
-30.3692656491
-31.5009796725
-35.1195721301
-35.3093817013
-35.9485717173
-35.4106674935
-32.3721802607
-34.1760573535
-37.0965079711
-33.8104469298
-33.1929981425
-35.9290390020
-36.8158094472
-32.7581830185
-30.2864574653
-32.4118049406
-35.5622414666
-37.9111595977
-34.0672953252
-33.2576743539
-31.4980862723
-33.0373720924
-34.0857820053
-33.2880116518
-34.7649138933
-29.6567617642
-26.3507374000
-28.7346424577
-33.7467843448
-35.6078535253
-36.9378486385
-38.7231520030
-41.1308803363
-35.3494800669
-35.8194832994
-34.8001784116
-31.7036431993
-32.6500410913
-34.8014548898
-31.6415470947
-28.3883096736
-30.4674030213
-33.6759731334
-36.0171355569
-32.3495975055
-33.1759005447
-36.7694581033
-39.7746960337
-34.6696207443
-34.4222500189
-31.0575814257
-32.9231417281
-37.1091780786
-30.5163008287
-27.8323354808
-30.3968416184
-35.7298799415
-39.3784622589
-42.2713972305
-40.9844136347
-41.0257458690
-40.2943750030
-42.1796175942
-37.1113866434
-34.4322947148
-33.4635575059
-33.8941483743
-33.1826000299
-27.0134878053
-28.1318962004
-31.5338492076
-34.9561112695
-36.2052336785
-35.7166557588
-32.0471395409
-31.5745820596
-34.5305628255
-32.1487502877
-33.6472656900
-27.7024988510
-28.6739147501
-28.1453650612
-25.8689701498
-28.5479877704
-33.6577220447
-35.0629042063
-36.2696612748
-36.1548444785
-39.5701463099
-34.6246817315
-35.2746000049
-38.1122695569
-32.7185233807
-33.3025330329
-34.0619253811
-31.3550358305
-28.3133492614
-30.3968493849
-35.6748315687
-38.2248972346
-32.6331195601
-33.2543589150
-36.8226578043
-39.8282698646
-34.6573506608
-34.4051757280
-38.5481008628
-36.1089877004
-31.8736158452
-32.6811111503
-28.7942646443
-30.6432103746
-35.8704331058
-40.5953039767
-42.8380760794
-39.2908615346
-39.3358069598
-38.5309631458
-40.5786038259
-37.0680931131
-34.4877715959
-33.7602364282
-30.6840636301
-32.8393237714
-36.9928013067
-35.1315353970
-34.3998394505
-36.5741517395
-40.6310151179
-37.5008989602
-32.2832059679
-31.6345861132
-34.5703182580
-32.0671797306
-33.5936801971
-27.6805491455
-28.3490435845
-30.9580083567
-32.9143204304
-32.8819752057
