-22.0662553187
-22.6231306556
-23.0836991245
-23.0771174485
-22.5970628676
-21.9320947556
-20.5879646401
-22.0423999706
-22.9944451716
-22.8375646247
-23.1459648376
-23.0866171222
-22.5920191595
-21.9235841455
-20.5841261917
-21.3143375984
-22.7330151351
-22.9903762882
-22.5705588035
-21.9126604266
-20.5813311798
-21.9306681145
-24.7356066227
-24.3108904493
-23.4847334502
-23.1644385832
-22.6054737943
-21.9206544967
-20.5865988516
-21.9435790235
-22.2215603578
-21.6982484592
-21.7940284247
-21.2997333733
-20.2379900548
-21.1165455251
-22.0199039525
-23.4075178535
-22.5835668029
-21.7704371791
-21.8104334220
-21.3089482386
-20.2444513352
-21.1614780265
-22.0177225747
-21.8595060092
-21.8189699239
-21.3000777333
-20.2326835454
-21.1143641471
-22.0113609778
-23.2192630119
-25.0577604996
-23.4324166307
-22.1241453331
-21.3576376290
-20.2472036257
-21.1530127268
-22.0157638657
-23.2343876625
-22.4329895941
-20.5984469063
-19.3342444936
-20.4011299377
-22.1440754882
-22.1320151228
-21.0345684387
-22.1205062476
-22.0870204816
-20.5236288786
-19.3091269286
-20.4191699983
-22.1490259860
-22.1392648058
-21.0319740876
-20.0961901294
-19.2080728101
-20.3415362449
-22.1068496602
-22.1039355468
-21.0057095207
-21.9007916568
-23.8548621149
-21.5307497031
-19.4602854232
-20.4613929317
-22.1573100435
-22.1292964917
-21.0181466114
-21.9054961834
-20.2831439278
-20.3728652356
-21.7858725305
-21.7466828149
-21.1436671106
-20.5547351995
-19.8859531890
-21.0227864066
-20.0502724426
-20.2994738414
-21.7661792841
-21.7472692625
-21.1444852893
-20.5591924602
-19.8840605037
-20.5867438441
-21.8418128981
-21.7592351234
-21.1303005072
-20.5453377974
-19.8697229598
-20.6098612729
-22.3191980542
-22.4810575837
-22.3159602944
-21.8641522787
-21.1515019470
-20.5642012147
-19.8745918991
-20.6151328285
-21.8442946201
-22.5598797613
-23.0771873559
-23.0688735235
-22.5913187884
-21.9196084710
-20.5874118517
-21.9393470212
-22.8740823124
-22.8160706095
-23.1388834510
-23.0885331098
-22.5964880713
-21.9237058366
-20.5901589639
-21.2731102030
-22.7259518726
-22.9805581463
-22.5663319794
-21.9071895050
-20.5878999108
-21.9333414350
-22.8566869577
-22.8081736335
-23.1395864113
-23.0802801226
-22.5912980750
-21.9166814115
-20.5853767620
-21.9295884296
-22.2291310982
-21.7006550950
-21.8004146188
-21.3007755153
-20.2451711252
-21.1510125908
-22.0338531195
-23.2301750794
-22.4565368232
-21.7421155151
-21.8176041353
-21.3032624156
-20.2396302957
-21.1167435967
-22.0230109595
-21.8494936788
-21.8187809143
-21.2964878455
-20.2276204181
-21.1478408544
-22.0178507387
-23.2337468423
-22.4337883541
-21.7446024154
-21.8064331504
-21.2969124698
-20.2335457399
-21.1084595388
-22.0158052925
-23.2303265455
-22.3616332950
-20.5636186503
-19.3174524136
-20.4256610545
-22.1412429334
-22.1321614110
-21.0316116035
-21.9234961113
-21.9132908893
-20.4910790946
-19.3037841706
-20.3829267593
-22.1302920282
-22.1249531547
-21.0221468831
-20.0938106796
-19.2014613574
-20.3785562359
-22.1244366146
-22.1161655033
-21.0092269117
-21.8948326762
-21.8853563070
-20.4891229747
-19.2933769907
-20.3665165828
-22.1285637556
-22.1068690793
-21.0033158306
-21.8926487092
-20.2761453941
-20.3604799280
-21.7847294109
-21.7525964850
-21.1417213475
-20.5603640609
-19.8793145501
-20.6176818690
-19.7787601418
-20.2343380240
-21.7472873865
-21.7475061718
-21.1377146028
-20.5581425507
-19.8758321129
-20.5724800919
-21.8440732458
-21.7617414425
-21.1345169747
-20.5481444605
-19.8778995672
-20.6018477836
-19.7679878889
-20.2111170288
-21.7333550492
-21.7383379118
-21.1353817584
-20.5446477828
-19.8747446602
-20.6121501015
