-26.8436847243
-21.8316128479
-22.0790561863
-20.5690274288
-19.8118109332
-23.0331584687
-22.9567584700
-23.1592032746
-24.0147163214
-26.0513915818
-24.9409694107
-22.3116208376
-21.7471190893
-23.1833278871
-25.6007008508
-24.6303011006
-23.6885971149
-22.8528666323
-20.4089764276
-20.4402743479
-23.2919553181
-24.1719709979
-23.5797314785
-24.3463103269
-26.0371006477
-23.9726629820
-22.2523171387
-22.9409942960
-23.6409123283
-24.3688374205
-28.2941104085
-30.6891591225
-30.8514626494
-29.1709037195
-28.7189482281
-32.0893598621
-32.7749634506
-32.5611716690
-32.9749536511
-33.4873519922
-30.6966483008
-31.0017071058
-31.8525581183
-28.9121159846
-30.7033840288
-33.5542924264
-33.4481234530
-32.8214390780
-28.7395774517
-29.8381876792
-33.5378175273
-33.4254099468
-33.3244387311
-32.2134498062
-34.4400635206
-31.8983372591
-30.8940842994
-30.9549622002
-30.3474751866
-32.7331159610
-28.4571026729
-23.0236859866
-23.9209248449
-22.9339336217
-23.4477613624
-25.6039955730
-25.1632291347
-23.7909445097
-22.4723618465
-24.8116519024
-22.7539990813
-19.8653925625
-20.4975934512
-20.6104490157
-22.9982900888
-25.9746381588
-22.9634657199
-24.0095651611
-23.8543533419
-24.7161023880
-26.1537014267
-24.8623375421
-23.9007409538
-23.1224603302
-25.6757829596
-21.4218995920
-19.3092097814
-20.3590002169
-21.5192110585
-23.8178550690
-26.3221684994
-26.4529398196
-24.7439398732
-24.0044360117
-24.6076989219
-24.8610869730
-23.6012410288
-23.5306744290
-23.9570282660
-25.4749020363
-21.5249033512
-18.4077996242
-20.9701757083
-21.9570246019
-24.6621388541
-28.2806117651
-28.6933361375
-25.2661124788
-23.6830666433
-23.7827666095
-25.0026939829
-24.3376948555
-24.1055522520
-22.2593286152
-23.6916963529
-19.6206807867
-19.0483622749
-21.6144680063
-21.6944268385
-24.0479858858
-27.1267006539
-28.0475396895
-25.2493165223
-23.6765393394
-23.0777699182
-24.9744163367
-23.9469796882
-21.9476789833
-21.3314856902
-24.0711486210
-21.7639461202
-20.5741708219
-21.6052220754
-22.9111877425
-25.7011477843
-27.9639586251
-28.1229066004
-24.4285722081
-21.2335515294
-23.0811047682
-25.9233078228
-22.8504807050
-21.0440409258
-20.1371767314
-22.7768783000
-22.3640968938
-21.2423184690
-21.0417922297
-23.3052714344
-26.4085264507
-28.7278135507
-26.9017326725
-25.3365612704
-22.0530803115
-23.1220331144
-23.9451361965
-22.5916333718
-21.5457682009
-20.8568230318
-22.9819744175
-23.2889428217
-21.9929208878
-21.4008444419
-24.0561171787
-27.1851317934
-28.6738293156
-25.8739387813
-25.0249971118
-22.0144485637
-21.1012642305
-22.2169801125
-21.1759010146
-21.3712320785
-21.7946278164
-23.2670436011
-22.8120703373
-21.0642079910
-22.3576757447
-25.3710244450
-27.6644820456
-27.0397420160
-26.6423727136
-25.1185659145
-20.4751945118
-20.1465365911
-22.0456312637
-21.3703491706
-21.3038100247
-22.0575116825
-22.8881285730
-22.4020826438
-23.0071347053
-23.7695838391
-24.6839655823
-27.5285026122
-28.5964350810
-29.1562852552
-22.2181050961
-20.2762191880
-19.0307882652
-21.7643448488
-21.3665650933
-21.6670062070
-21.4403526297
-23.0037066402
-23.8940233466
-22.7004291044
-24.1793190667
-25.8306983142
-26.2295978311
-24.8856854049
-20.4239314822
-20.1558744423
-22.0539735777
-21.3281819059
-25.0770368682
-23.8943185085
-23.2946817229
-22.4977978776
-23.0305705996
-23.7590290779
-24.6810657094
-27.5020852900
-30.6542583796
-27.6005023082
-21.9085565778
-20.2386735949
-19.0323793119
-21.7561177528
-21.3777632647
-25.0838075528
-22.7360354009
-23.3417994812
-23.9024057923
-22.7155731741
-24.2048224141
-25.8367725122
-26.2551684952
-29.6118862849
-29.6733234517
