-32.4706089170
-33.6842960247
-37.5332428859
-33.9006420129
-28.1845444272
-30.2142363980
-32.0779506861
-30.3107892107
-32.1558730981
-33.5824639126
-32.0067135061
-30.8713345394
-31.8276658200
-29.9121732603
-31.3141825809
-30.2636248563
-32.7464476026
-34.8749549877
-34.7293192811
-29.3467266106
-29.6929791564
-32.0864095090
-32.1424624888
-33.8287122438
-34.1006684590
-30.5412526844
-31.8744482645
-33.9045671961
-32.1773179137
-30.5538813705
-33.7344793391
-37.9628757046
-42.5157528040
-45.4374971748
-38.5446404377
-39.1419233650
-41.0980782475
-42.3133508647
-43.3414963023
-41.0715508970
-37.5538630513
-40.3573151562
-44.3713143028
-44.1329177227
-40.9996547993
-42.3686827351
-44.3124404541
-44.6840317343
-41.1735745798
-39.2226886736
-40.4960520054
-41.7499913244
-42.7246963000
-42.0173749890
-44.4965265913
-38.8299916881
-40.7076843544
-42.9452936340
-46.8522625967
-43.1930526704
-34.0745359415
-33.4385305730
-35.4815577032
-36.6557067538
-30.1343785743
-30.6485997451
-33.3710360475
-31.6943985638
-32.9603779092
-32.2900620988
-28.7966881109
-30.0089785106
-33.6529786983
-33.6580431231
-34.4934884876
-33.0084510551
-33.9214304689
-36.0787966731
-38.2032206944
-32.8247765178
-33.3867872744
-33.1793040144
-31.5567452531
-32.0962393017
-32.1891517260
-28.3668661521
-30.1125958755
-33.6127507402
-35.0636330913
-32.3919654182
-30.8761180353
-32.0641672282
-35.4929694755
-38.3527724993
-33.9606395727
-33.3909182904
-33.3080971749
-31.6275642715
-31.8393533424
-32.8408410297
-29.4849922719
-31.1873442411
-35.0040950895
-32.8059830189
-33.3793136282
-33.2123392524
-33.0747597333
-35.0162447786
-34.6446520795
-29.9050090154
-31.6728087510
-32.7511974452
-32.2555329035
-33.0587936145
-33.8586741366
-28.0261725426
-28.6510407198
-30.8064485991
-31.9300792071
-31.0438639982
-33.1982787546
-30.0143614012
-32.5228894644
-33.4595675891
-28.9576012595
-30.1534879610
-32.8876273646
-29.9492100707
-31.7148193611
-31.7895299125
-28.6308930781
-31.1910092083
-35.0659801714
-33.9612545183
-33.3546996616
-35.8806085491
-33.3429150505
-34.6904752246
-36.3130752500
-29.2172045760
-31.9387386824
-33.6521035631
-32.0603689173
-32.6172181724
-32.8912004252
-28.2189804158
-31.3745555872
-35.3452637287
-33.3174078274
-34.7417058685
-37.0295701308
-34.6443672629
-35.0505914154
-36.0123404168
-28.9151660236
-29.7710375045
-33.1702742762
-32.4071353764
-32.4156097370
-31.9977873412
-30.2793501924
-33.2250727907
-36.6831882149
-31.9220786640
-33.6014981980
-35.8034020572
-36.7530958254
-36.0823192295
-37.6043428228
-32.0057477439
-32.1549953713
-32.8150710090
-33.0258269893
-34.7276207789
-35.0344440665
-31.2782254579
-31.2523933007
-34.4082037598
-35.4861923203
-36.4206837829
-35.9969801565
-37.0245613790
-30.8731158829
-30.4991411018
-30.8638104084
-31.3062597234
-32.7250882376
-31.4138281540
-32.8512443288
-33.7217678115
-30.1884107034
-31.2335609561
-35.6215826721
-33.8749638972
-36.6760278372
-35.5497875358
-29.6258548729
-30.6025539137
-32.7021494708
-28.9750017929
-30.9619400133
-32.5597295011
-31.1714454323
-31.4541221404
-33.3977977265
-28.1588002878
-30.8210204506
-33.5774046704
-36.0626777791
-35.8154688797
-30.5919654888
-30.4372288261
-30.8661354847
-31.3252241114
-32.7319495422
-36.9508955602
-34.9950498205
-34.3637917126
-30.3278906815
-31.3005480064
-35.6878952334
-33.9031910445
-36.6897167850
-35.2569147300
-35.1459609686
-33.5937721195
-33.7100958243
-29.0779097242
-31.0055817974
-32.5279888465
-36.5791216443
-33.9553978129
-34.2434107760
-28.2912131309
-30.8883557455
-33.5942744174
-36.0566488937
-35.8162029096
-34.3495914002
-34.1326550746
