-29.6327899647
-33.5842154820
-33.3449229606
-30.3640860188
-25.7803531543
-28.4108056898
-28.4575713206
-31.4844206213
-36.3246876735
-31.5151424399
-32.6046127887
-35.6362192614
-39.9688385456
-41.9588830295
-42.9328746730
-35.3267615091
-35.0682120413
-34.6662198804
-31.2439720161
-30.4672735745
-30.3223757551
-34.4067913617
-39.9166537971
-44.4390262880
-48.7917996591
-48.9655083812
-49.8240810823
-51.3651990857
-53.8411846436
-37.5089357441
-35.0087335946
-32.1455371289
-28.5374925845
-28.1202850672
-28.8856714813
-29.9596949252
-34.3349509197
-36.9172881326
-38.9918886725
-35.8760309072
-34.9351208625
-38.1582674995
-38.8292473061
-36.1700054140
-37.5155290798
-31.9751890528
-31.5490502371
-28.8981409326
-30.0081318578
-30.7998345646
-29.5908945836
-32.9198716068
-36.2356318420
-39.3921524937
-34.9060470526
-33.7257862051
-36.5441406561
-31.4500066499
-32.1188350022
-31.5286851075
-28.5056134044
-28.1236846498
-29.8285740858
-32.6830996387
-32.4388384899
-30.3293561615
-34.2875457767
-38.2250137425
-41.6756834139
-35.5278430267
-34.4297016605
-31.2843643924
-31.8882187793
-30.3703168599
-30.5258302842
-29.7362170329
-27.7399525291
-31.4900792484
-35.1728171502
-34.5242413704
-31.3208212224
-34.3853802077
-38.9648991490
-42.9797904485
-34.3768255942
-28.8559128312
-29.6710307470
-29.7373575627
-31.4474278365
-30.2394575291
-28.1874468923
-30.5953314178
-35.3508136096
-36.4179185631
-34.7499083724
-33.4153678454
-37.5336325553
-40.2471420590
-43.1233237164
-36.9238180216
-29.3396361631
-29.3761020648
-30.5522411316
-30.7351661168
-28.9058333628
-30.4225546942
-31.8286069856
-35.3560437390
-35.3557667056
-35.0070299215
-32.8036462924
-36.0092243410
-37.8914637822
-33.2969935120
-29.0481614347
-29.4937397936
-32.8208552165
-34.3356979067
-30.8533630990
-28.6406089472
-29.8083280555
-30.4335366678
-25.2266845664
-25.7276414948
-27.1771946910
-26.1094149328
-25.8204710856
-29.4413271765
-34.5555910479
-32.5923090453
-31.1990110535
-32.1687658796
-36.2015169166
-34.3182999690
-32.0695281118
-26.8661949892
-25.7463883958
-25.8793902882
-27.4783412924
-27.2702676598
-30.2191881930
-34.0423357095
-34.6898965583
-37.8036196723
-31.2180958320
-30.6652636579
-33.5951301345
-37.3197255939
-32.8579010846
-32.0497377784
-27.2674441635
-26.8693253015
-27.5632337715
-27.0636504342
-27.4163616927
-28.7081177198
-33.3962830488
-36.9877317116
-39.1664531707
-30.7115166165
-30.6173406775
-32.0844999973
-35.6978739057
-32.0214769658
-29.2916497500
-28.9284005847
-27.5904498522
-25.3265683617
-25.0979845860
-28.3964720323
-30.0951293253
-33.9804130852
-37.2122814673
-39.4245132506
-31.4246780719
-31.1702013403
-33.0820301343
-28.6101395696
-28.3828594693
-26.8207809124
-28.0293572294
-27.7010864656
-27.7660229017
-31.5970987748
-36.5657744712
-41.3755441356
-44.6753877883
-43.9765020440
-44.9143746999
-47.6379424196
-43.2099508729
-33.2324325140
-29.9588159014
-27.5710932020
-26.5775968069
-26.8984042932
-27.2403860253
-31.1486840151
-36.2473335946
-34.6605780740
-33.8932369874
-35.7246213385
-39.3413853294
-41.7091588030
-33.2667170285
-32.8749792644
-32.0037139588
-29.1115806124
-27.9284416616
-28.2625458260
-27.6480213877
-31.3737581212
-35.6858536809
-39.2301894959
-34.6200950819
-32.1480939348
-36.5800653983
-40.5107688458
-42.5014437526
-26.8448019458
-28.1476785029
-27.8772161886
-25.2865177502
-25.0584725229
-26.7329341869
-30.7607950168
-34.9384725381
-36.2565290437
-37.2272209859
-33.2269939619
-32.0888873437
-35.6455053195
-36.8155712444
-28.3316249290
-29.8795471088
-28.2448967346
-25.1692424880
-26.0222491570
-26.6588903390
-26.7200608247
