-24.2045246471
-28.7217574616
-31.5027920924
-33.5601245344
-35.0817624601
-37.5387267381
-36.0719017035
-32.2070234603
-31.1227495662
-33.9783054793
-33.0039096188
-31.6080716554
-30.6273503778
-32.8095016627
-29.9169347241
-25.6137010816
-27.5878813835
-28.8911967717
-29.0883738597
-26.8421985394
-27.5358739864
-23.3355026072
-21.4059464104
-22.8710490934
-25.9363766674
-22.8914142236
-20.7885827988
-19.9727331956
-22.8785059020
-25.7818328627
-28.2864102186
-31.6235096278
-35.6478316962
-37.9762151204
-34.8861648077
-35.5949634117
-33.7284737599
-35.1924702491
-33.3509518409
-33.3439947425
-32.6444601388
-30.4920247627
-30.6508277303
-29.2815843217
-28.1651877700
-25.4221321099
-25.8631419348
-27.3873357758
-25.8404556083
-23.7823251545
-25.8297856251
-27.3271802460
-22.6881564216
-20.3742698619
-22.1289275263
-23.1299754015
-22.6908491649
-21.3691607364
-23.4789078018
-23.9922435989
-25.7068141900
-29.3274502208
-28.5175818508
-25.0321095655
-24.3713981129
-26.8787900119
-23.4677355264
-22.3428475543
-21.1956771146
-23.7780089951
-23.6572331734
-23.4187341450
-26.1065616482
-29.0443372220
-25.7934090516
-24.0652297779
-26.8659891388
-26.1478977924
-23.7634591511
-25.3766817859
-27.6635797186
-24.6942756552
-22.0149702831
-20.6540429145
-23.2660415806
-23.2728536900
-25.3568525909
-28.5930303114
-30.0882019914
-29.8529511368
-28.4509326807
-29.9578566067
-24.1295719957
-24.6431408033
-22.8141222537
-24.1878011921
-21.8785221783
-19.7688423163
-18.3366815191
-20.6207966284
-24.7133669139
-27.1563479679
-27.7305085218
-30.5687535583
-26.0918538595
-24.6792079772
-27.1115980094
-28.9842412522
-25.2407981399
-23.4429170174
-25.5170602260
-24.7866417926
-23.3153925090
-22.7185455436
-24.4533984910
-26.7079422008
-26.6696858862
-27.3962451166
-30.5005237085
-29.3649090662
-26.2971633751
-28.2713138279
-29.9953798777
-29.6934019359
-28.9896258255
-28.7064227885
-26.1444152228
-27.3441869938
-30.2436333489
-33.9310265402
-35.7634552991
-35.0954671983
-35.6859520493
-38.5847414679
-39.0561256374
-28.8873349741
-28.0763636445
-25.0790797369
-22.7725349684
-21.4256513073
-24.3281589205
-25.0039005354
-24.5685467545
-25.0354392462
-28.0663642564
-28.6193686727
-26.6453515559
-24.6362523143
-27.1249723750
-23.4023213785
-25.3107536864
-30.3525240558
-34.9702377838
-32.6970876363
-27.9231286755
-30.1136250587
-35.5900711604
-40.6539719914
-45.2735651248
-47.6711472417
-50.1430357547
-51.7692092603
-53.3074997852
-40.8065324087
-36.3251110100
-23.6009212387
-24.2524398756
-22.8283937705
-20.7183709066
-22.0141236199
-26.0312529915
-26.9166035825
-25.6084554251
-24.6231847627
-26.8451424270
-25.4672290241
-25.8136965161
-25.1523869764
-26.9536507473
-27.9843224629
-26.3348035670
-28.0271653668
-26.0600755548
-28.5199883611
-30.7486619050
-33.7025194572
-35.1247561931
-34.5906048809
-34.9452163053
-37.8632394230
-38.4024663492
-38.0661260611
-27.8433908693
-28.7043864516
-30.1981353123
-23.6188059543
-25.3226638775
-25.4161653676
-28.0773060891
-27.3799786431
-29.2432076312
-29.0275140816
-26.8356220463
-24.8007178322
-27.2507970752
-23.4576442252
-25.4859577906
-27.0069203694
-27.5807805860
-25.0120991453
-24.7052317476
-28.1840201078
-33.6837043852
-38.8905135475
-43.2164341633
-45.9787127508
-48.8937184609
-50.4719975702
-52.2384678183
-40.6798455738
-36.2702425874
-36.0704427159
-35.7336394290
-37.8212350962
-40.0450236065
-28.6178009059
-29.3776620297
-27.9773951335
-30.5060282843
-27.3362164434
-27.8826107228
-25.7252607466
-25.9088084619
-25.2278820607
-26.9961157589
-27.9976696445
-29.5964095150
-23.0165696327
-24.0576732701
-22.7899329085
