-27.1624131036
-30.6741173184
-28.0517885201
-28.4162442516
-25.2603515755
-25.7383011171
-26.0625081948
-29.8818411079
-31.2831228852
-35.2102759793
-36.5426816578
-32.8175436681
-34.0648485667
-33.2765662410
-35.8223677377
-28.5560763640
-32.2388534537
-30.2693948265
-26.4625093992
-25.1926874445
-24.5932888857
-27.2149202192
-30.9462043222
-31.5179879437
-34.9414410241
-35.8114608562
-33.3839430655
-34.9081740610
-30.4763395577
-26.5692881517
-25.9366291153
-23.3567027588
-25.0659862991
-25.6097629578
-24.8909893257
-29.0867957528
-31.1164397785
-33.6813055318
-32.7258015545
-36.0432848928
-35.8711606755
-34.1027656863
-35.6342502050
-33.9237438980
-28.4623133853
-27.2306973435
-24.3442182757
-25.2274535546
-27.1446526814
-31.6783133261
-36.8205774002
-32.8568343453
-33.5160451899
-31.7838712778
-34.7198416154
-35.7024502710
-33.9857118340
-27.1198419383
-30.8158434019
-26.9580795271
-25.5252782673
-24.6754627414
-24.8491159370
-28.7639454370
-32.9124665807
-35.6671300908
-33.0650658812
-34.5128399538
-32.7946761070
-35.2947541743
-34.9452665308
-28.4691617481
-27.7162745509
-22.8071936301
-24.4448788225
-23.5783255600
-24.5120212399
-29.0360531609
-32.9728628925
-34.9178200208
-37.8329187363
-34.3867628405
-36.0690795169
-32.9550377382
-36.0885940936
-24.4423970939
-23.4861885660
-24.2042722183
-22.7702966299
-23.6942997689
-21.0240473359
-24.6293094401
-29.8388375523
-32.7218673084
-35.0728751371
-36.9394048328
-33.7314772003
-34.8084158761
-34.1377751675
-25.6966465118
-23.6501207206
-23.9521515615
-24.4285398519
-24.0469955340
-23.8238101715
-27.8947578174
-32.6746511692
-36.7602600709
-34.8478049405
-36.3708163580
-38.0016990362
-33.4277855078
-33.9580322940
-25.5799486350
-22.9206887109
-22.7048669475
-24.8861721690
-24.7074131277
-25.1437326706
-21.1216837399
-25.3974818911
-30.6847109150
-35.4998178326
-33.2660244312
-34.1512971174
-33.2345892998
-29.6088841475
-31.7541216920
-31.3155962738
-32.8160794944
-35.0607345100
-33.7576757376
-36.3448715670
-34.7188163074
-35.2226366935
-33.4891708838
-34.5110793181
-38.4559199013
-34.0515829441
-35.3039522070
-33.8885907172
-32.4079898018
-33.0045336351
-32.5092406492
-34.9018746062
-36.4956648984
-34.6160909325
-36.1341428029
-36.4105575471
-36.7261762267
-37.0494976850
-35.7666474816
-36.9893382950
-33.4543387580
-34.5854234915
-36.7429670007
-33.6792471388
-34.1196082441
-32.6751677119
-35.1650819985
-35.9511518259
-33.7934852728
-36.9567885226
-36.9932246399
-34.3670333541
-34.0395653083
-33.0525563020
-34.6142655664
-32.5592362618
-34.0707208065
-36.5115611165
-33.9813982734
-33.9855448314
-31.5731347097
-34.6369117481
-36.1739668460
-34.5306210880
-37.8380996623
-35.9940285041
-36.1560601366
-36.1238469638
-35.7459496473
-37.4826440168
-33.7641577265
-34.2268387819
-36.4156051363
-33.8796192377
-34.6817665596
-33.2629096566
-36.1699471528
-37.7649180447
-34.8951984296
-38.8027069971
-37.6043285861
-36.4133214898
-36.5491597690
-31.2736400414
-32.1111089135
-32.0641037975
-33.4956787657
-36.8828741600
-33.5491555117
-35.3139399328
-34.3041074230
-36.7015428490
-36.8516228671
-34.3049268987
-36.4072084526
-34.4702778604
-35.0489977988
-36.5610337063
-33.6251334559
-35.1758154111
-35.4030967577
-35.6051919324
-36.6079184207
-33.6677007302
-34.4117120953
-32.6326742270
-33.4104639525
-35.5365322891
-35.2169042682
-36.2722129509
-35.1046585123
-35.7885583420
-36.1695730230
-30.4970671712
-32.8590623274
-33.9666270523
-34.7411802741
-36.9478843676
-34.9989866574
-33.9741964931
-31.2044133564
-32.8624166010
-35.1379578430
-34.4838502966
-36.1124714388
-31.5231196800
-34.1679428965
