-23.1990169728
-25.4443044938
-27.9432439545
-29.8651901509
-29.3371622130
-27.1194820433
-25.8554948166
-25.9384661331
-25.5069637564
-26.6184189857
-30.2117857453
-29.9783447270
-29.8059861496
-28.6433068628
-27.7641690535
-27.1723594116
-28.5138353202
-29.7308885166
-30.8075865442
-29.9061158981
-27.1889365832
-26.1982157699
-25.2603412178
-25.6920507314
-27.3455504236
-29.7407571387
-28.6464760083
-28.4061542484
-28.1965025217
-26.9567642314
-26.6166246914
-27.9164304899
-30.2477001547
-31.7895933452
-31.5674527747
-29.8556930710
-28.0808662156
-28.0421580940
-28.4239742236
-28.7088750541
-30.1784061510
-31.0763115008
-31.4712352715
-29.2027531203
-27.5259652276
-26.9287247916
-27.7983551861
-28.7763152145
-29.3613140093
-30.9315211315
-28.7070483897
-27.4264814703
-27.5498115011
-26.9502511675
-25.7801563776
-26.8766306467
-29.1015656946
-29.2376150279
-28.5371728230
-26.8490883296
-25.8165316587
-26.1563087234
-29.1518046840
-30.9737893618
-31.2932115928
-28.7213561548
-27.7306095012
-26.3778357027
-25.6611528465
-25.3394391369
-26.7199235958
-28.9613206058
-30.0847583973
-29.6484803552
-27.9152058129
-25.0531517675
-25.6865461509
-28.1974643963
-29.7584243588
-30.3309847517
-28.3572085398
-26.4452486830
-25.2829421032
-25.0592635128
-25.1271360753
-26.5619115991
-28.9394071533
-30.2335192627
-28.2382969334
-25.5729501028
-25.1173619499
-25.7720949915
-26.7080496529
-28.8755594652
-29.9366512967
-27.0896754887
-24.2638633119
-23.6990832638
-24.0584616822
-24.4700844151
-25.9289690490
-28.4606317182
-29.7747309629
-27.9719475169
-24.7677628457
-25.2110200757
-27.0427454570
-29.2521726439
-31.4705038292
-30.4361400788
-26.8382526419
-25.0673598550
-25.0451162761
-25.0972816242
-25.4373784601
-27.8252592668
-29.1719225594
-29.9641366483
-27.9723151780
-26.2082138572
-18.9812431357
-18.2018425754
-21.1282667046
-24.9310619323
-26.6655975845
-19.7636173496
-16.6599059421
-17.8288631553
-19.4593559090
-20.8213902036
-23.7172139383
-25.4391546322
-25.1156789871
-22.6301473100
-20.9705653843
-19.2982990067
-20.2798621532
-22.2245443801
-20.5386266587
-19.8583422498
-17.7227601454
-18.0580942857
-18.6839789233
-19.6468469688
-20.6497177022
-22.8246420580
-24.7669058327
-23.6035881123
-22.3646613330
-19.4568936018
-19.3640497540
-21.0832681838
-24.4955735113
-21.6305454723
-21.5062069382
-22.6566177171
-21.8978749554
-22.0670100610
-21.9587360445
-21.6989061076
-23.5617082466
-25.6291519727
-25.9973115453
-22.3540586665
-18.5317510936
-18.6294897814
-19.7130249312
-22.1734897756
-20.1231667131
-21.6665543844
-23.3113119772
-22.5267267019
-22.2573634353
-21.5546283488
-21.3692759583
-23.0150083761
-25.6044266696
-24.3040576205
-20.1468291626
-18.3980280868
-18.4863939672
-18.8908849023
-21.8627631785
-24.2764971797
-26.2034834373
-25.3066744551
-23.1334824359
-21.8057923287
-21.2736150931
-21.0239735437
-22.6929023772
-25.9800676477
-22.8853231973
-20.8722661531
-20.6505928427
-19.9193845841
-21.5601251531
-23.5873475228
-23.9211734070
-25.3167036129
-23.6258951253
-22.1675981194
-21.2199648464
-20.2383926688
-20.4880847147
-23.1992603508
-20.7810237022
-22.5764012553
-24.7725528174
-20.4537289702
-19.6515527897
-21.7434217461
-23.5120026124
-25.5880656905
-26.3275384456
-23.5846185392
-22.2783823381
-20.9552413657
-20.5060807592
-21.1040139294
-22.9665209404
-22.5986306100
-24.3683131082
-22.4696419113
-21.4187757580
-22.0481634723
-23.0300333464
-24.6511827752
-26.4676903320
-25.4355595662
-22.8442045550
-21.3333408317
-21.0139120183
-20.5510391523
-20.2423786977
-22.9922106989
-24.1399248103
-23.8980857581
-24.1605799331
-22.0893753270
