-24.9172370582
-27.5643419253
-30.8776844819
-26.4182358422
-28.2604071546
-25.0902429481
-24.2202383483
-26.8889978217
-27.5070500308
-23.8553605263
-26.2198003870
-27.3804472841
-26.6987713557
-28.3001923827
-25.5339791750
-24.8263648787
-26.8119583061
-28.0714235053
-23.8826724082
-25.5432108628
-23.0259165556
-23.1492466109
-26.1454458462
-25.9815124148
-23.3212867618
-25.8811871549
-24.6989296973
-25.0155453384
-28.0350404558
-25.9967535728
-24.0495238591
-26.1396862288
-30.8832913258
-25.7051156828
-27.3313280874
-25.4434345260
-24.9904200124
-27.8112013565
-28.1644692850
-25.0575973789
-27.5855161685
-26.8801558020
-27.8696247308
-30.6549302680
-28.1260796277
-25.5034968554
-27.2776713896
-30.7833648373
-26.1720405234
-27.6959689539
-24.0679962999
-24.5164784954
-28.2342409894
-28.0699334367
-22.9126441460
-25.0008504760
-25.9417608534
-27.2689756567
-29.7494451089
-25.5747055567
-23.9892453377
-26.2436479639
-30.0993354297
-26.7994280025
-28.3907939738
-24.2237880929
-24.2681600427
-27.7061366375
-25.9320423917
-22.0338155725
-24.3920104971
-25.4454903352
-26.3166030753
-29.0325862683
-26.5929026913
-24.4883795063
-26.7832599157
-29.9411292671
-26.7733213821
-28.7308441618
-25.4109494736
-25.0756594460
-28.2034518505
-25.9884332669
-23.1216628633
-25.7879148156
-24.4849876846
-26.3966499087
-29.5635542224
-25.7323343587
-25.0586900116
-28.0036208488
-30.3181282190
-27.4617874170
-29.7051547220
-26.0954385677
-24.2046295229
-26.5844373904
-26.0302082687
-23.6986172129
-26.2147890496
-24.7471983426
-26.7654541757
-29.9609131284
-26.7773061176
-26.3793943842
-28.6387304995
-30.2138972243
-27.4894410690
-29.3842605312
-23.8124825277
-23.3993787913
-26.4007045600
-26.4188443052
-23.0859258093
-25.4496239341
-25.2592692987
-26.8466842755
-30.6948332881
-28.6914084952
-28.7817951940
-32.2139352617
-32.4996801363
-28.1567043503
-28.4604051658
-26.0250066186
-23.1241976633
-25.0512202409
-25.9253843409
-23.9037107335
-26.3669650517
-25.4883372452
-26.5434818683
-30.6842694631
-29.0483543259
-27.8538838649
-28.7767851491
-29.8751765893
-24.0071274465
-24.0915267050
-23.7527270312
-24.4106188939
-26.2447548426
-25.8756282190
-23.3840004017
-25.6094781357
-24.9403441225
-26.2480883974
-29.9310043069
-29.3248261026
-27.4179216667
-29.1416460660
-33.9606136903
-24.5839704342
-24.7874004213
-24.0373987641
-23.9158863181
-26.4857433289
-27.6074840149
-23.9520402210
-25.9058231335
-25.7424127183
-27.0125375821
-31.1351478245
-30.2881922094
-29.7513183730
-30.8969051997
-32.5671228774
-23.6838705663
-24.9323539259
-23.8377528587
-24.5424996776
-27.9548473252
-27.1679681727
-23.9301876089
-26.2826279454
-26.2279511135
-27.4367552995
-28.9803769161
-28.2612253478
-27.5403351331
-30.2509871016
-33.5973128078
-28.6144155787
-29.9371988946
-26.1058224445
-25.6600796341
-28.3469424693
-28.0352838422
-24.3320245646
-26.4834648509
-26.9021637668
-28.9011689568
-33.3007736924
-32.0198729741
-27.5369614406
-29.4662958585
-29.2876015780
-24.2562135974
-26.1309322340
-23.4406501932
-22.8428141713
-25.6497125810
-24.9756487817
-22.1617634176
-24.0745132462
-22.4549574249
-24.5827587038
-30.1348601538
-27.7732699881
-26.7290892660
-28.7151473156
-28.4105623124
-25.7167825038
-27.9283743309
-23.7410356104
-22.9102103300
-25.7675561649
-25.8535192768
-23.6845075175
-24.3955874540
-23.2840687040
-25.2450741582
-29.3783326204
-28.5980675527
-25.3774663073
-27.1166857318
-29.4474842381
-26.5577870453
-28.0988363548
-24.2692837354
-23.7492458891
-26.4688593380
-26.6032296080
-24.7832279730
-26.9420667862
-27.0510463413
-27.9627365363
-30.7359881737
-27.1269000158
