-32.0199817238
-33.4211002715
-33.8317428714
-33.1251178348
-33.1285161226
-32.7992615325
-32.8089786936
-33.7071648848
-33.9668199472
-34.0170343385
-33.9614254083
-33.1491479359
-33.1290689107
-32.7941984074
-32.8047259793
-32.7302911787
-33.5838465310
-33.0618410716
-33.1039966681
-32.7731510317
-32.7949376161
-33.6323455960
-34.5598657822
-34.4813219723
-34.0510987726
-33.1617805038
-33.1262272949
-32.7812991547
-32.7970503801
-33.5643138203
-33.6294081817
-32.4574481618
-31.5882049867
-31.6334792428
-30.5318035036
-31.3414530363
-32.9792542664
-33.7988124938
-33.6743639663
-32.4696198575
-31.5871253022
-31.6337744084
-30.5369973822
-30.9907018280
-32.8330282132
-32.2846429651
-31.5283485159
-31.6112266068
-30.5280440262
-31.3390489905
-32.9663006411
-33.5267915477
-34.3696341793
-33.0573812220
-31.7008779702
-31.6570096350
-30.5370452818
-30.9868141866
-32.8234858214
-33.4847006810
-32.2461575171
-32.0065568704
-30.9601508998
-31.5226872890
-32.4749276594
-32.3096077578
-31.8661978751
-32.4392993616
-32.2631528396
-32.0271692658
-30.9704182602
-31.3734707353
-32.4188487917
-32.2978684537
-31.8555460230
-31.5152602525
-30.8636343453
-31.5173251144
-32.4554247242
-32.2803617699
-31.8442287537
-32.1386356933
-33.5319465881
-33.2732443381
-31.2172439996
-31.4425252390
-32.4386093494
-32.2820524989
-31.8490963964
-32.1459721111
-29.9042568692
-30.3005749246
-32.9442642003
-33.3856596926
-32.2410400196
-31.6861675911
-31.5369743411
-32.2231643784
-30.0128894559
-30.0082198850
-32.7945453543
-33.3456854736
-32.2380404642
-31.6803044118
-31.5390042518
-31.9745055124
-33.6239372620
-33.5498856630
-32.2733619434
-31.6883450845
-31.5264131099
-31.6805439106
-32.9887319284
-32.7170682804
-33.8497764506
-33.6115726740
-32.2879402741
-31.6887243981
-31.5346337300
-31.6835706523
-32.7260164575
-33.6632874905
-33.8846694200
-33.1337229464
-33.1248640961
-32.7976251760
-32.8062794822
-33.6116011544
-33.8979013811
-33.9972207039
-33.9628805226
-33.1428899083
-33.1353618921
-32.8023581816
-32.8061008293
-33.2853707221
-33.7530268801
-33.0922224104
-33.1067217711
-32.7750009948
-32.7901877809
-33.5445998684
-33.8786832562
-33.9589152067
-33.9325186034
-33.1346239782
-33.1187911942
-32.7809729190
-32.7953479998
-33.6274015730
-33.6283569781
-32.4500042935
-31.5764863957
-31.6314855806
-30.5297243987
-30.9771293900
-32.8137039313
-33.4726403205
-33.4418964978
-32.4161185102
-31.5794445244
-31.6313846029
-30.5280699179
-31.3504750051
-32.9636959345
-32.3256230788
-31.5317325633
-31.6076885037
-30.5270912110
-30.9726773090
-32.8021795286
-33.4840766906
-33.4525224581
-32.4513325385
-31.5764087206
-31.6234902185
-30.5276776584
-31.3437612829
-32.9685545149
-33.5285936110
-32.2405920928
-32.0160733708
-30.9607347580
-31.3754488625
-32.4141494452
-32.2936416311
-31.8606777612
-32.0332059189
-31.8800861918
-31.9221265722
-30.9400550435
-31.5228012125
-32.4701363973
-32.3036500739
-31.8521192542
-31.4991439535
-30.8677394770
-31.3589014662
-32.3937571297
-32.2727521945
-31.8409184977
-32.1345862289
-31.9029421047
-31.8927588928
-30.9340857080
-31.5166609920
-32.4599959067
-32.2852941418
-31.8362799967
-32.1351441954
-29.8957643855
-29.9581232944
-32.7490846799
-33.3310683057
-32.2223902164
-31.6793878451
-31.5352460691
-31.6728696059
-29.6739241439
-30.2373227522
-32.9199376389
-33.3781433277
-32.2347392705
-31.6750328584
-31.5318348354
-31.4881645690
-33.4146545290
-33.5001645081
-32.2557128551
-31.6875476197
-31.5279679075
-31.6811368309
-29.6580564044
-30.0802260472
-32.8314669410
-33.3381173252
-32.2301991580
-31.6756956864
-31.5294113707
-31.6813918643
