-31.3806867562
-30.1234160271
-30.8223396448
-31.7107517760
-31.6820495139
-30.0961429854
-29.1875818714
-31.0716859377
-31.4494202034
-30.2097610228
-30.8642117301
-31.7389996388
-31.6886726150
-30.0930359792
-29.1857681566
-29.8487333785
-30.8214347292
-31.7392766802
-31.6888771596
-30.0856335370
-29.1782194259
-30.9229367282
-34.2483483240
-32.0926299898
-31.3269122520
-31.8730035125
-31.7217725855
-30.0923045381
-29.1783100469
-30.9408745100
-30.0207333523
-29.0936557769
-29.2017912465
-30.2140927063
-30.2259226322
-29.7121144309
-29.0747729459
-30.7652432245
-29.9623514118
-29.0800742757
-29.1980589552
-30.2191959638
-30.2333716795
-30.2182962267
-29.1650353619
-29.0721876581
-29.1904713869
-30.2352125803
-30.2561071969
-29.7293479587
-29.0832550730
-30.7856200057
-33.5974215558
-31.0381017888
-29.5623334296
-30.3353358537
-30.2772827383
-30.2363272189
-29.1774271386
-30.8180040715
-30.4821884886
-28.3330476848
-28.3660169062
-29.6577482942
-30.3662648067
-29.1572872644
-28.7312014846
-30.4606517651
-29.5967292790
-28.2100438921
-28.3375670846
-29.7863537545
-30.4102056410
-29.1579086656
-28.7302460801
-28.6519456371
-28.4574107926
-29.6931370949
-30.3754032881
-29.1455816183
-28.6988031763
-30.4721593385
-33.1336491537
-30.2272845300
-28.7180950965
-29.9027551527
-30.4345813985
-29.1662237912
-28.7041265137
-30.4783137999
-29.8133419856
-29.0220392822
-30.2572697350
-31.4053745104
-30.8551120848
-29.8572711702
-28.9044157917
-30.3847333658
-29.7261593919
-29.4286182380
-30.3854091416
-31.4438224155
-30.8607370603
-29.8543894220
-28.9042746819
-28.9847202529
-30.2479668406
-31.4324727812
-30.8818634069
-29.8740438253
-28.9078399715
-30.1448970890
-32.3016240462
-31.6859733940
-30.9164417973
-31.6324759370
-30.9217004033
-29.8657597701
-28.9041762933
-30.1402689444
-30.6524239543
-29.9953426435
-30.7899283928
-31.7028781049
-31.6798241209
-30.0905555526
-29.1929077980
-30.9409146422
-31.3072953912
-30.1778572479
-30.8552687309
-31.7285005477
-31.6813064216
-30.0866536707
-29.1814403557
-29.4851942322
-30.7271836989
-31.7005957498
-31.6792363788
-30.0846807218
-29.1743188384
-30.9458897355
-31.3508646784
-30.2415003852
-30.8809261282
-31.7283063597
-31.6816792623
-30.0864335911
-29.1761908097
-30.9225133987
-30.0344805600
-29.0929890653
-29.2060336046
-30.2117831650
-30.2215275131
-30.1978391804
-29.1638689400
-30.7915103721
-29.9605493482
-29.0806710800
-29.2063701969
-30.2092263579
-30.2200503906
-29.6984228904
-29.0729307501
-29.0458014073
-29.1788084621
-30.2238189299
-30.2698375749
-30.2255122484
-29.1687029239
-30.8093756567
-29.9092423199
-28.8034626841
-29.1281500194
-30.1934660689
-30.2394277523
-29.7206211550
-29.0822815443
-30.7721355993
-30.4755459691
-28.3308287644
-28.3675043855
-29.7874683927
-30.4140557394
-29.1708674710
-28.7459416404
-30.4759589476
-29.6096738436
-28.2102264287
-28.3388513139
-29.6399101946
-30.3732659271
-29.1538449604
-28.7222934385
-28.6418608125
-28.4552954390
-29.8212480232
-30.4131961342
-29.1607399250
-28.7073798082
-30.4760987633
-29.5181466191
-28.2237483793
-28.3396966786
-29.6489528773
-30.3641805232
-29.1398660213
-28.6971862383
-30.4752275070
-29.8128526321
-29.4439461355
-30.3840860748
-31.4440036575
-30.8602360556
-29.8481598746
-28.9108537677
-30.1359411440
-29.5330408319
-28.9744761943
-30.2446798870
-31.4008693517
-30.8667361713
-29.8565837452
-28.9074360608
-29.3724901702
-30.3820716990
-31.4707006065
-30.8921294729
-29.8687968686
-28.9078684525
-30.1479510172
-29.5244383087
-29.1902927341
-30.3052095453
-31.4404681435
-30.8861730833
-29.8640962271
-28.9008064860
-30.1444517514
