-24.3531573758
-17.9472246001
-18.4122387568
-17.3004194341
-16.7660503829
-17.7505380749
-17.0459153877
-19.8047165835
-23.0036936816
-26.3839590636
-31.3221559078
-30.1644129207
-29.0317434346
-29.8360632085
-23.6453022040
-19.4714382808
-20.3404591490
-23.7429515953
-21.6352745977
-22.7111366224
-26.6542725411
-25.3558298880
-27.0917248174
-26.5565092870
-27.9861918387
-31.6253725243
-28.8432919087
-27.1908227974
-26.9748418288
-20.7657333371
-19.2177407740
-19.5876908444
-22.6510820565
-20.5026850556
-21.3934096337
-24.3870820194
-23.8956855937
-24.3378838620
-23.6982754406
-24.9949368192
-28.7317892178
-28.1885058620
-27.3927290233
-15.3477104244
-15.4729241496
-18.0522116815
-20.6606181172
-23.0537527497
-20.1519621980
-22.3396783938
-25.2431659450
-25.5501200789
-27.2530794332
-23.9729607306
-24.4659132552
-28.1243422853
-27.4334877672
-17.5693671660
-17.5322462101
-18.6481693677
-18.3255920930
-20.2674185864
-21.2694154564
-23.4840628483
-28.1370693604
-31.6996804727
-26.0678846002
-25.9477327753
-24.2779276925
-25.3356550575
-29.4174096994
-15.4881588200
-16.5630799218
-18.7757793413
-20.7153571094
-17.0672566393
-18.7805071611
-23.3151788949
-26.9248669222
-30.3766059491
-29.8509535899
-25.0700603559
-26.3255033488
-24.6819123630
-25.8137482942
-15.9901231073
-15.6806457419
-18.9937876839
-21.6532499324
-18.8219520554
-16.7280646293
-18.9835643330
-23.2590042125
-27.3869085544
-32.1869625654
-27.7289394774
-22.3838781637
-23.0429584851
-21.3746070584
-16.8489401610
-18.7840996308
-19.9381573820
-21.4459245265
-23.8841974284
-17.8955472968
-19.1597044626
-23.4299996326
-26.0155108338
-29.2100739989
-32.4757393551
-29.5429754792
-25.8547310079
-26.2355373891
-18.2675764825
-19.9489710494
-24.0285515589
-22.8072933126
-23.0340375023
-25.5542653408
-19.1732471295
-20.2529968954
-23.9856554421
-26.7663112043
-27.4422404668
-26.7539479082
-27.6702235349
-22.3963968147
-23.4969892879
-24.7367885797
-25.7002156856
-29.4373010119
-29.4590448900
-29.7004204364
-27.2188881211
-26.2008049379
-27.2577748977
-29.4954007434
-30.3994812892
-28.5808974618
-28.8201019963
-30.9811063592
-26.4787745495
-27.1891281706
-25.1048174065
-24.8207981581
-27.7550202024
-29.9048083664
-28.2405184429
-27.4994585787
-27.9228749394
-26.0168209544
-26.6849503496
-26.3738173077
-26.1616281789
-27.2398397094
-28.7603555483
-28.1103141592
-26.3320073489
-26.4694509659
-28.3768538753
-32.1132190824
-33.6674651151
-30.1478681610
-28.2680944188
-29.6769262876
-24.8712688872
-26.4782593258
-27.1027469300
-22.4170635920
-24.5445748897
-28.1568325211
-25.3256181303
-26.1543305905
-24.8254690223
-25.7655948723
-29.5188676929
-32.3667986728
-31.2544711109
-29.1997846370
-25.0944555394
-24.7617443182
-26.8460602920
-22.2532285221
-24.3279828566
-25.2494861130
-25.8435276608
-29.5032303896
-29.3237658387
-29.5853744693
-27.1301507214
-26.1080776208
-28.8098449787
-25.7819713801
-26.7719905495
-28.0921420616
-28.5446361107
-30.8711351733
-26.5373843426
-28.8916135818
-25.7994767745
-24.9793396492
-27.8289074046
-29.9555742584
-28.0807937178
-27.4236502104
-27.9104986972
-31.8132881371
-31.3464967429
-30.8763562391
-30.8483724715
-29.5050311713
-29.6193249750
-28.3579114959
-30.8706665160
-29.2853826534
-29.5782037513
-32.7444940737
-33.8376552406
-30.0139277141
-28.1915494332
-29.6573974588
-33.0961514664
-27.2702715315
-27.0756564189
-26.4803462056
-28.7129542824
-30.2897366549
-25.6448565898
-27.9573031469
-25.6531846636
-26.0207137754
-29.7084921663
-32.5463188858
-31.0858021092
-29.1621600857
-25.0537382165
-27.3018102363
-24.7098508269
-26.4323390636
-27.0989291958
