-24.8802623780
-25.6614221179
-22.1938199638
-20.3198674616
-22.9122505950
-24.2252069673
-24.1537315736
-27.4874344565
-31.6832780686
-28.4971364495
-31.7743262835
-28.3164886311
-29.1734799442
-31.8513178921
-35.4587134391
-25.7674992051
-25.0203547190
-25.7481813929
-21.2928435790
-22.9230435609
-26.6802238101
-31.7169398725
-33.4717819934
-36.1157933297
-27.7745309007
-30.7782654498
-25.4857118215
-26.5963993719
-30.3769904382
-24.5740500363
-24.3917373554
-25.3466357393
-24.9855782597
-19.6590329079
-22.0126529708
-24.5989604625
-29.4910004315
-32.5197682184
-35.3797579557
-28.8989798128
-32.6326431381
-28.9266541737
-28.1274583654
-25.8480858998
-24.8590013955
-23.3624636666
-23.6392190066
-21.9750789023
-18.2859881029
-22.3565054237
-24.8583955251
-29.1992862053
-33.2960380985
-36.3128111378
-27.4295988113
-30.8401531193
-27.1624959538
-22.2644487024
-23.5103584842
-23.8576247602
-22.8628944987
-21.8256111494
-21.3501717480
-22.3879017460
-27.1393785229
-27.3308931127
-31.5739994704
-32.8076828043
-37.3800157322
-28.0439329516
-31.0255507640
-21.0641251329
-23.1560664900
-24.9020088394
-22.4050821993
-20.9523013626
-20.3762466969
-23.3494919084
-24.9951646697
-29.6543085634
-27.2044249970
-30.9335419522
-33.9106957613
-37.3447227402
-27.4155072508
-23.7956658661
-20.2289421860
-21.4702355647
-21.8774476788
-21.8640616580
-21.4377595741
-25.7198610176
-28.1536232434
-26.6744693811
-30.9816177032
-29.0340064235
-32.0867460860
-33.4238693725
-35.7010301035
-23.1378620150
-22.5381061152
-18.2156130890
-18.9572389288
-20.0600646964
-20.1173566156
-24.0879872977
-29.4578629200
-31.4211542157
-26.7598913422
-30.3661625143
-28.4922571425
-32.3678407840
-34.8356215818
-24.5189045492
-26.8443967456
-23.8932828420
-18.0628570677
-19.3248380277
-20.4480768195
-21.8632849049
-26.7672704796
-32.3274199481
-36.0740882640
-29.7546117982
-32.9505752973
-36.1509490969
-36.0272708715
-35.1779682974
-37.3412234782
-30.8877395105
-33.9777850667
-26.4333527255
-28.4414161782
-32.3662368152
-37.2354946684
-33.5763444033
-35.6866278401
-38.3873741832
-29.9588832076
-32.9576670355
-33.2931149245
-36.5192302247
-36.0198917189
-38.9846506272
-31.3932675136
-34.6155924818
-28.5802385031
-31.1832248598
-35.7902464559
-32.5468690763
-33.9913924747
-36.4651087832
-35.9775199429
-27.6844782167
-30.7396570250
-29.2928368830
-33.8320237755
-36.2362907493
-39.8788000942
-29.5536648662
-33.3769458082
-28.5510740732
-31.3397791302
-34.2749067465
-33.9613192503
-34.5586359246
-37.4680876913
-36.7903850812
-29.2799544550
-32.5871462264
-29.7723126600
-33.4026873547
-36.5927173748
-40.0770089145
-30.9640669972
-34.5644848306
-29.7411157281
-33.4298982488
-37.2905611655
-36.3603237420
-34.1469874424
-36.1532223972
-39.4737385594
-27.7958255629
-31.5720679608
-30.8414088827
-34.9316578224
-33.7639635277
-38.5053122183
-30.9437109269
-34.3218484016
-27.9262292100
-31.7345449545
-36.8542340305
-36.0054441594
-32.6355909330
-32.8627311883
-31.7953167119
-26.0541348065
-29.6580395639
-28.7808397851
-32.9215532590
-36.1983917814
-39.5950386324
-31.4392628606
-32.0704537387
-28.3967723784
-31.3872891387
-34.6997794211
-32.9234226642
-31.4045265566
-32.1493535573
-30.3530380212
-26.8244329374
-30.2299397242
-27.6306312079
-32.0448973009
-35.9426515526
-39.0236021085
-37.8556490643
-38.8779314879
-27.3447930851
-30.6223468295
-33.4719438254
-32.6135195404
-34.6476089086
-37.5365570063
-32.6475969159
-28.2156507365
-31.8615774826
-30.0014323587
-33.7916948334
-37.1733092491
-33.5711518197
-32.5874439861
-35.2459003887
-29.0456331041
-32.1164814331
-34.9687943303
-33.2386568851
