-27.9508522352
-27.8769857522
-26.0887132053
-26.1470278273
-28.5537266919
-23.3989593301
-23.6907124583
-27.4634884831
-32.6841210501
-29.8301767561
-30.9890253189
-29.9415642174
-31.0217602092
-33.4634280279
-34.6799359920
-29.6926697456
-30.2519412187
-29.3960762292
-26.5889360832
-28.8042342456
-25.2853409660
-27.2244405952
-32.1612624489
-30.5985976567
-28.0815057406
-30.0817407086
-26.9882239605
-27.9244478597
-31.6677067871
-28.4823250942
-28.0898622938
-29.8793011324
-27.7286585569
-25.9045919945
-28.4212050968
-27.9660260805
-30.5175980005
-33.2406777250
-34.8879163688
-29.8715142013
-32.1000544349
-27.5908446942
-28.3776163928
-27.7312088937
-27.6323698422
-28.3306811811
-26.5256903767
-24.9919385627
-24.8799024898
-27.7412406308
-27.5954702538
-28.9581954733
-32.8328404835
-35.4295347770
-29.3610356623
-30.5437564071
-26.4828913557
-24.5761640987
-26.9542579052
-28.5963599992
-24.9495305059
-23.8039408624
-26.0217002474
-25.7237991621
-28.5531415283
-26.0730603562
-28.0254320300
-30.6490334221
-34.9818657551
-29.0746810151
-30.0503275820
-26.7694997633
-27.1712175831
-27.8683754585
-28.9320280147
-23.3052144697
-23.7249257929
-26.7184568260
-25.3755114819
-27.6921512232
-28.0473908100
-30.3520476511
-34.3049488955
-35.7915203456
-29.7073102111
-26.7723556260
-26.0960664536
-24.5758961199
-23.4599110547
-23.0806918015
-21.9336158933
-24.5383492246
-27.6609672454
-24.0858848958
-26.3924243802
-26.1983141561
-28.8563257927
-33.2615930513
-33.9400828571
-23.7548643638
-24.3518213694
-26.5457681120
-24.0273838442
-23.2502748272
-21.7736632870
-24.2595782214
-29.3694375246
-31.4553092760
-27.1673804290
-29.1422182717
-28.4454863577
-30.7120836383
-35.1424176789
-28.2536028137
-23.3250410605
-25.2531174210
-26.3910184728
-27.8032564843
-28.1022294749
-23.9208277485
-23.3742832397
-23.4104254972
-24.8089280964
-21.9700235383
-22.4416956867
-22.7835052936
-23.6710904278
-27.1316433740
-32.5182418971
-31.8930229842
-32.8167449082
-28.2011578500
-29.1418622706
-32.3493437639
-33.8352421338
-24.4126513816
-24.8975761761
-27.5931632978
-25.0891024244
-26.0894368759
-26.2608413712
-28.9599819953
-33.8730103707
-38.0014918945
-31.0201161062
-31.3578813319
-26.8611888202
-26.4720388478
-29.8917861169
-26.8237921133
-23.1172832771
-24.0771257293
-25.9060121561
-21.9920871727
-22.7407567587
-25.0587327245
-28.6816874477
-31.3241185319
-34.1540597573
-26.5420384023
-28.2668554915
-25.0830113949
-26.3827460634
-26.4591603046
-23.7263045254
-25.1960585395
-28.7453163494
-27.6491800396
-25.6467453975
-28.0237542498
-28.9868084192
-31.7673743589
-36.1867198011
-37.5130991405
-30.0522979383
-31.4452140842
-27.8038752961
-27.3420136159
-29.2263456564
-24.1811871493
-23.7148953408
-23.1132830091
-23.7551738007
-27.3705747599
-32.8544406491
-31.9648712026
-32.8432217768
-27.9129376982
-29.0145669290
-32.2484670489
-33.7306538466
-30.4880879259
-25.5182085285
-23.8999305433
-25.0041193207
-26.8659166532
-26.5426339190
-29.1373933477
-34.6246131743
-39.0995269759
-31.1357601656
-31.3923173155
-26.7871216686
-26.4463853304
-29.8651474223
-26.8250478618
-27.8899613832
-23.6399892816
-24.6357124693
-27.4433110821
-26.7698570739
-26.5694784490
-29.6031154697
-33.7315082596
-36.8842619563
-26.8772688696
-28.4204322265
-25.0653092240
-26.3459979434
-26.4302975083
-23.7084288794
-24.6294220768
-23.0347365766
-24.0472052537
-25.8872820844
-28.9770925424
-29.3099823818
-31.9412734839
-37.2210030790
-38.2653620968
-30.1123382429
-31.4633589994
-27.7685123849
-27.1809671139
-29.1651402221
-24.1737005576
-25.7913920840
-28.1997998310
-30.3535493817
-27.9783841977
