-23.7688769695
-21.5832956385
-23.1102587996
-20.5905486164
-18.5541940308
-18.7436049744
-22.9217502435
-21.6597849880
-24.7778683515
-21.9522708654
-18.9116461738
-19.3856356774
-22.1596195577
-21.1101476562
-22.5739104471
-20.9507089962
-20.0230356104
-22.4164952299
-19.0464889969
-18.2281770387
-20.8690102365
-24.8019592906
-21.5032280734
-24.1793449171
-24.1134090672
-19.5150438222
-19.1221731027
-21.7616935071
-20.9741138237
-21.0528453947
-20.3127510868
-21.1645591149
-21.8287155267
-19.2414744134
-16.3819310268
-18.3322151845
-22.5892137589
-20.7979309823
-23.1520687664
-22.8661801339
-19.0950230379
-18.1059836111
-21.0170280498
-21.1672544473
-21.1956744911
-18.5206215148
-18.7955942624
-20.5361694987
-20.2268539794
-18.1192997282
-18.9647578708
-22.5809711211
-20.0637167054
-22.0873958743
-21.0796821566
-17.3078632969
-17.3576919324
-19.7865703627
-19.2842850864
-19.7786539505
-19.3817001270
-20.1428586391
-22.7350747630
-21.7550924119
-19.0745258467
-19.4972562006
-23.5088541335
-21.4239890421
-23.5981663436
-21.1738413043
-17.9050534421
-18.2322109745
-20.8345509424
-23.1190063165
-18.0794769407
-18.3684765428
-19.6431340676
-22.2367251008
-21.2171879319
-18.8929303331
-20.0487914229
-23.5206827825
-20.9852848138
-23.5238376779
-22.2725618595
-19.1084297787
-19.2252661980
-20.4547490932
-20.1226475561
-20.3884856907
-21.3585243763
-20.7130643692
-22.0183050938
-20.9045310923
-18.7738529824
-19.8829523234
-23.4326819801
-19.4709087743
-22.0948746930
-21.2528369682
-17.4714938476
-18.8383803389
-19.8593338647
-20.1647086666
-19.0239968401
-20.6661071330
-21.6451548466
-22.5970576440
-21.7542638798
-20.9332036040
-21.5744665610
-24.4932380325
-21.0540558139
-23.1126188498
-23.1933324017
-18.1237479275
-18.2693086297
-21.4813456612
-19.5259921313
-21.4477239648
-23.9951861400
-22.2081717260
-23.8148438359
-23.4563483310
-21.1663715513
-22.5263538503
-25.5621571209
-23.3904564905
-26.3721848002
-23.9194710078
-20.2949660799
-21.8374488275
-24.4828839572
-23.9712764470
-24.6128306169
-23.8236638500
-21.4064215167
-23.8386940121
-25.8323294575
-19.2965849593
-21.1881762609
-25.0919297729
-23.1496828694
-25.7385315116
-22.8411298954
-20.7337725943
-21.6161082354
-23.4280551441
-23.2808969379
-24.4992293906
-24.8977677298
-23.3834009870
-23.8236755087
-22.7769663130
-19.6428673987
-20.8497027970
-24.8082458207
-22.5955067502
-24.9536640733
-23.8277767553
-20.6886161252
-21.7275630484
-24.0718515488
-22.8892405982
-23.5125074680
-23.4140205398
-23.4679076889
-24.9248233034
-24.4841448878
-21.6736021155
-23.4792560432
-26.4142057695
-22.3254625402
-25.5356543444
-25.0050798878
-21.0682742806
-21.8354681179
-24.1502763001
-22.4529365712
-24.2050398875
-24.4441421775
-21.5615336511
-23.0656046633
-21.9726541285
-20.1906949175
-21.5514410615
-24.4856996661
-22.8817604878
-25.8837374667
-23.9192379823
-22.3988914708
-22.0511966748
-24.7035073294
-22.1089378100
-22.8673607953
-21.0048770850
-22.0444751762
-23.9382295569
-22.0765291337
-19.5633331917
-20.3910619254
-23.8338574191
-21.5746258088
-24.8554166518
-24.6731000865
-20.9362963781
-22.5692771374
-23.0519843292
-22.3957378527
-23.1283066584
-23.9889980346
-22.8385109468
-24.1853932314
-21.2562417191
-18.1559417044
-19.4214607654
-23.7523942893
-20.4657090673
-23.2569211968
-23.1939771427
-19.3616612290
-20.1958771443
-22.8654901182
-20.7097114068
-19.6314128966
-21.8238634361
-21.8724272541
-23.7637698171
-20.2234155792
-18.9586746125
-20.2486341311
-24.3679337668
-22.6689900481
-24.0476078396
-23.5848826226
-18.7728160197
-20.7541131248
-23.6729662553
-22.7528145069
-23.6009432395
