-20.3920380565
-21.7589775005
-21.8396897767
-20.7817033677
-19.5060529355
-18.4661647606
-18.1700747207
-19.8991126536
-22.0696367782
-22.2025804304
-21.9187708735
-20.7862085281
-19.4983617979
-18.4610446713
-18.1586629413
-19.5215102937
-21.1978235396
-20.6488606871
-19.4507443217
-18.4358183603
-18.1393257037
-19.8018995750
-22.2481149122
-22.4463963316
-21.9580719233
-20.7919060025
-19.4864982083
-18.4465453034
-18.1482894201
-19.8161089548
-21.4946618202
-21.2335515329
-20.3085514834
-19.2559893363
-18.8046304950
-20.0437321922
-21.7880785055
-22.8158155760
-22.4056039184
-21.4098690077
-20.3416903044
-19.2647200269
-18.8049295445
-20.0479227684
-21.7920632422
-21.4947627980
-20.3379321203
-19.2546908662
-18.7924238398
-20.0360112792
-21.7722664289
-22.5459577811
-23.4029958675
-22.1503425793
-20.4491992264
-19.2830073542
-18.8017422728
-20.0393940336
-21.7842297006
-22.5588518601
-18.8904732149
-17.1167072629
-16.7281073523
-17.9198350418
-20.3711291961
-21.4095155853
-22.2514653017
-22.3488440804
-18.5933513959
-17.0445716095
-16.7056631062
-17.9223335937
-20.3712884301
-21.3999654223
-22.2429054974
-19.1235401967
-17.0873434517
-18.0062059658
-20.3965755852
-21.3985905717
-22.2292243099
-21.7488823172
-21.7861275648
-18.9781723858
-17.0667323403
-18.0280948334
-20.4151179452
-21.4042841621
-22.2340880704
-21.7532955618
-17.4409817474
-17.0979085702
-18.8111008369
-19.4724338225
-19.7152205506
-18.5172232483
-16.6237235468
-17.7091074368
-16.8185963553
-16.9691386416
-18.7572538097
-19.4562760899
-19.7174511229
-18.5209438896
-16.6232562011
-17.0565685401
-18.7856622139
-19.4419411350
-19.6914713637
-18.5067370982
-16.6138808056
-17.2787894872
-19.5286874828
-19.6890310677
-19.5973355158
-19.6901392343
-19.7720347678
-18.5261222353
-16.6233649463
-17.2831405925
-20.0100328148
-21.6256532383
-21.8025131428
-20.7708469669
-19.4914862496
-18.4562378719
-18.1585800877
-19.8137152651
-21.9656077098
-22.1862725274
-21.9157661388
-20.7923021459
-19.5014558593
-18.4585758950
-18.1635292917
-19.5276414546
-21.2047405143
-20.6374527925
-19.4517256183
-18.4340318310
-18.1418954578
-19.8060901511
-21.9416009024
-22.1797801773
-21.9063803884
-20.7838640323
-19.4834934734
-18.4486373550
-18.1426359612
-19.7954887833
-21.4880387167
-21.2324498399
-20.3025808512
-19.2481221349
-18.8025785756
-20.0461090528
-21.7987484857
-22.5511917936
-22.2150304660
-21.3801660199
-20.3389703786
-19.2684290169
-18.8059587407
-20.0366559833
-21.7902482322
-21.4896828414
-20.3352419699
-19.2500458903
-18.7883549547
-20.0346118314
-21.7832147450
-22.5548451156
-22.1753022034
-21.3668680295
-20.3298862662
-19.2495979634
-18.7990702464
-20.0429373162
-21.7749410442
-22.5495903901
-18.8655640779
-17.1041057580
-16.7192899237
-17.9356924312
-20.3754440523
-21.4102612671
-22.2413183346
-21.7854712091
-18.3473838613
-17.0069573992
-16.6960598636
-17.8994051730
-20.3590545893
-21.3939352394
-22.2358059864
-19.1200965967
-17.0837211987
-18.0365847313
-20.4083161887
-21.3971691159
-22.2367329101
-21.7523349787
-18.3172057576
-16.9979431934
-16.6799047186
-17.8828448232
-20.3488182951
-21.3800184367
-22.2341398538
-21.7500383827
-17.4365089511
-17.1208395807
-18.8140641450
-19.4772056679
-19.7222799300
-18.5201062922
-16.6255398516
-17.2857194088
-16.5107320354
-16.8643185625
-18.7196952689
-19.4431049681
-19.7057868998
-18.5182045448
-16.6241339306
-17.0826622253
-18.7937352547
-19.4512246139
-19.7030268417
-18.5104538558
-16.6125642111
-17.2829955988
-16.4756914626
-16.8702891954
-18.7104778136
-19.4218025493
-19.6997813137
-18.5078336130
-16.6118780802
-17.2846474912
