-22.1964026621
-24.7303467158
-24.7284902842
-25.5047150604
-28.2490510522
-25.1549916805
-23.6059999262
-26.4569685674
-29.4501950979
-32.8939889569
-36.7557393795
-34.0693006384
-34.9590473933
-38.5366424861
-36.5074067877
-26.2788827164
-26.8597634884
-30.1927423861
-25.7374246711
-26.2484612384
-26.2004864716
-29.2931799447
-29.0637560189
-30.1012876700
-33.3251533381
-34.0636679020
-31.3597908455
-34.8860211002
-37.0091092048
-23.4867763006
-24.1391881931
-27.4770868293
-31.7401194395
-24.7168830196
-24.2788326142
-28.2088269707
-29.2618923985
-27.6223859951
-28.7156017225
-30.9879352986
-34.3777460475
-32.6208171175
-36.0790672342
-30.7061505627
-25.6820655875
-28.0911206217
-28.7619297751
-30.0768782487
-23.7815030914
-27.7498496237
-32.0357031709
-31.1738688995
-29.1689307702
-27.4837914989
-30.6101000519
-33.0599794547
-32.0831717472
-25.7996463696
-25.6108309910
-24.4472595675
-23.8260588677
-23.4171249809
-23.2451948710
-26.8937347127
-31.2670247046
-33.7591554457
-32.5008271386
-27.6610656351
-28.0893431662
-31.9961004908
-33.3811286391
-25.8740514069
-28.3245111712
-28.5325847938
-32.3316364148
-24.7086908781
-24.3178553238
-28.3457294373
-31.8782452880
-35.5654662727
-36.6398429018
-32.2406451690
-27.5624531317
-28.3520004213
-32.5552256251
-31.6388284658
-25.7495575314
-29.0048989406
-29.9177360960
-25.8543970068
-24.3616990731
-28.7109852136
-33.7517439360
-34.8829387031
-37.9330937658
-37.4040807952
-31.7845612851
-28.7540107901
-30.0859804752
-28.8078785125
-30.4473628403
-26.7968271846
-30.9270560916
-27.7165256948
-24.8724456723
-28.8585550696
-34.1431205027
-36.4305394761
-38.5475571450
-37.0229237279
-37.6064387548
-32.9783415692
-29.1818701509
-27.0364045736
-28.8904938110
-27.1753900380
-26.0336013829
-27.7374604497
-28.2714914122
-25.1328555536
-26.7372917627
-27.9982405598
-28.1740634634
-31.4215568257
-28.8270565095
-30.0776770082
-32.0826254338
-24.2875891905
-25.7437772132
-28.0907439056
-32.4823883439
-28.0732592235
-28.7388252988
-32.5241374368
-34.5052109560
-27.2113316262
-28.5043654223
-25.9108228343
-28.9018525027
-25.2755474249
-28.8815158482
-25.3871032055
-23.2911164300
-23.0948804640
-25.9197800750
-28.5612948407
-28.6511520545
-30.6984788428
-33.7021030442
-26.1121736911
-25.5196998965
-27.6315775538
-25.7185716213
-29.0733734889
-28.1945218009
-28.9490207481
-26.2359115249
-22.2358849548
-23.3535905722
-25.8095201772
-29.9371173379
-29.2324548057
-30.7689470381
-27.1400426589
-26.7634669995
-24.5836985901
-27.7706458608
-25.3048698023
-27.9083380312
-31.2166471906
-30.5281320557
-24.5067898125
-22.4211726123
-23.6237266953
-27.1110465157
-31.3998013111
-32.8327641145
-26.4654235096
-28.7334812465
-25.9366899606
-25.3345054697
-26.9290872753
-26.3969036619
-26.6046057560
-28.9148773358
-29.1052216068
-24.1474269358
-22.0625359727
-24.5547878899
-28.4955764723
-31.1655887280
-30.1634666315
-28.7411361359
-29.5636707363
-26.6072221128
-23.1343782903
-27.3539030807
-29.3017293949
-25.9259487783
-29.0455308293
-29.1016330126
-24.1841465780
-21.9740600615
-23.5317088021
-27.5654073694
-26.6384501184
-30.7412105250
-27.3813780906
-30.5595309334
-27.3215539756
-26.1356833778
-29.7129248293
-33.8249954792
-28.5733370761
-28.9000064294
-30.4294859023
-26.1465074058
-23.6325881360
-24.8887924069
-27.7795111881
-29.2220398631
-33.5872344462
-29.4309627300
-30.3690209780
-24.4299949624
-26.1244541342
-29.5696115867
-32.8562297714
-27.9570222275
-27.3458494736
-30.9259155673
-27.5342220748
-23.7393371199
-27.0580357945
-32.1775509313
-29.7992853707
-31.8204485016
-28.5954744997
-31.5940396739
-25.5691958016
